1 0.3671875 0.5 0.28125 0.228515625
0 0.1787109375 0.7353515625 0.2919921875 0.2607421875
0 0.4267578125 0.65234375 0.2841796875 0.2392578125
0 0.9013671875 0.482421875 0.197265625 0.2216796875
0 0.6650390625 0.5927734375 0.2294921875 0.361328125
0 0.9150390625 0.65234375 0.169921875 0.23046875
0 0.2470703125 0.8974609375 0.302734375 0.205078125
0 0.4833984375 0.841796875 0.2861328125 0.2314453125
0 0.208984375 0.130859375 0.2607421875 0.197265625
0 0.05859375 0.208984375 0.1171875 0.21875
0 0.931640625 0.8076171875 0.1357421875 0.2216796875
0 0.55078125 0.9345703125 0.2578125 0.130859375
0 0.296875 0.984375 0.244140625 0.03125
0 0.7529296875 0.046875 0.2626953125 0.09375
0 0.2734375 0.31640625 0.296875 0.2421875
0 0.080078125 0.4111328125 0.16015625 0.236328125
0 0.7900390625 0.158203125 0.279296875 0.2373046875
0 0.125 0.564453125 0.25 0.2685546875
0 0.845703125 0.3193359375 0.2841796875 0.248046875