1 0.634765625 0.451171875 0.2216796875 0.150390625
0 0.01953125 0.498046875 0.0390625 0.1279296875
0 0.8798828125 0.5849609375 0.2216796875 0.1796875
0 0.638671875 0.6044921875 0.2216796875 0.1591796875
0 0.0205078125 0.6416015625 0.03125 0.138671875
0 0.142578125 0.640625 0.201171875 0.15625
0 0.416015625 0.640625 0.1279296875 0.302734375
0 0.1787109375 0.794921875 0.205078125 0.166015625
0 0.8837890625 0.763671875 0.232421875 0.1640625
0 0.0302734375 0.810546875 0.0361328125 0.150390625
0 0.6591796875 0.78515625 0.2216796875 0.154296875
0 0.6328125 0.072265625 0.208984375 0.1435546875
0 0.8662109375 0.076171875 0.2265625 0.1513671875
0 0.203125 0.9306640625 0.21875 0.138671875
0 0.646484375 0.9287109375 0.2138671875 0.138671875
0 0.892578125 0.91796875 0.212890625 0.1328125
0 0.041015625 0.9599609375 0.0390625 0.080078125
0 0.123046875 0.1552734375 0.212890625 0.142578125
0 0.6474609375 0.2626953125 0.232421875 0.15625
0 0.8955078125 0.26171875 0.197265625 0.1767578125
0 0.1533203125 0.314453125 0.21875 0.158203125
0 0.0107421875 0.337890625 0.021484375 0.142578125
0 0.8818359375 0.416015625 0.2138671875 0.1953125
0 0.1630859375 0.4736328125 0.216796875 0.1689453125