1 0.6044921875 0.4140625 0.291015625 0.2216796875
0 0.8671875 0.560546875 0.265625 0.255859375
0 0.607421875 0.5888671875 0.2890625 0.2314453125
0 0.0830078125 0.630859375 0.166015625 0.21875
0 0.349609375 0.630859375 0.220703125 0.376953125
0 0.10546875 0.806640625 0.2109375 0.236328125
0 0.8623046875 0.7734375 0.244140625 0.234375
0 0.630859375 0.798828125 0.291015625 0.2265625
0 0.5947265625 0.041015625 0.2607421875 0.0810546875
0 0.8603515625 0.056640625 0.279296875 0.072265625
0 0.119140625 0.916015625 0.23828125 0.11328125
0 0.615234375 0.9287109375 0.265625 0.142578125
0 0.865234375 0.923828125 0.197265625 0.1484375
0 0.08984375 0.087890625 0.1142578125 0.1748046875
0 0.619140625 0.193359375 0.3046875 0.236328125
0 0.8837890625 0.19140625 0.232421875 0.24609375
0 0.099609375 0.259765625 0.1748046875 0.2236328125
0 0.87109375 0.369140625 0.2578125 0.2705078125
0 0.099609375 0.4384765625 0.19921875 0.236328125