0 0.572265625 0.5625 0.064453125 0.125
1 0.603515625 0.5546875 0.0654296875 0.1220703125
1 0.5400390625 0.5673828125 0.0546875 0.125
1 0.5087890625 0.576171875 0.0673828125 0.1220703125
1 0.478515625 0.5830078125 0.0673828125 0.119140625
1 0.447265625 0.5908203125 0.0654296875 0.1220703125
1 0.6318359375 0.544921875 0.0703125 0.1220703125
1 0.666015625 0.5380859375 0.0625 0.1142578125
1 0.697265625 0.533203125 0.064453125 0.1220703125
1 0.7294921875 0.521484375 0.056640625 0.1123046875
1 0.759765625 0.515625 0.0576171875 0.1123046875
1 0.4150390625 0.595703125 0.064453125 0.115234375
1 0.736328125 0.416015625 0.064453125 0.111328125
1 0.70703125 0.4208984375 0.064453125 0.107421875
1 0.673828125 0.42578125 0.0625 0.111328125
1 0.642578125 0.439453125 0.0595703125 0.103515625
1 0.611328125 0.4443359375 0.0595703125 0.1015625
1 0.5791015625 0.44921875 0.0576171875 0.1044921875
1 0.548828125 0.4560546875 0.0625 0.1064453125
1 0.517578125 0.466796875 0.060546875 0.099609375
1 0.486328125 0.4765625 0.0654296875 0.103515625
1 0.455078125 0.4794921875 0.0654296875 0.1064453125
1 0.423828125 0.490234375 0.0625 0.1044921875
1 0.392578125 0.4990234375 0.0654296875 0.107421875
0 0.0595703125 0.349609375 0.072265625 0.1220703125
1 0.1220703125 0.337890625 0.0595703125 0.1123046875
1 0.154296875 0.3271484375 0.060546875 0.1171875
1 0.185546875 0.3193359375 0.064453125 0.123046875
1 0.216796875 0.3134765625 0.0625 0.1171875
1 0.84375 0.7275390625 0.0595703125 0.111328125
1 0.810546875 0.734375 0.0625 0.109375
1 0.748046875 0.744140625 0.064453125 0.1142578125
1 0.6826171875 0.76171875 0.0625 0.1142578125
1 0.62109375 0.7734375 0.060546875 0.1064453125
1 0.5595703125 0.787109375 0.0654296875 0.103515625
1 0.4287109375 0.8154296875 0.0673828125 0.115234375
1 0.8291015625 0.3935546875 0.060546875 0.1123046875
1 0.263671875 0.525390625 0.0625 0.1064453125
1 0.3740234375 0.275390625 0.064453125 0.1171875
1 0.53125 0.2392578125 0.0654296875 0.1220703125
1 0.6875 0.205078125 0.0625 0.111328125
1 0.751953125 0.189453125 0.0625 0.1142578125
1 0.7822265625 0.1826171875 0.0673828125 0.119140625
1 0.2900390625 0.630859375 0.0673828125 0.1142578125
1 0.390625 0.9345703125 0.0625 0.119140625
1 0.2978515625 0.9482421875 0.060546875 0.103515625
1 0.61328125 0.8818359375 0.064453125 0.1171875
1 0.8330078125 0.833984375 0.0625 0.1201171875
1 0.7392578125 0.8564453125 0.0625 0.1220703125
1 0.92578125 0.810546875 0.060546875 0.119140625
1 0.904296875 0.7099609375 0.060546875 0.1201171875
1 0.853515625 0.494140625 0.064453125 0.126953125
1 0.193359375 0.6474609375 0.064453125 0.1171875
1 0.1689453125 0.5498046875 0.0625 0.109375
1 0.275390625 0.8544921875 0.0625 0.1123046875
1 0.359375 0.5029296875 0.0625 0.1123046875
1 0.5185546875 0.9013671875 0.068359375 0.1220703125
1 0.330078125 0.9423828125 0.0654296875 0.115234375
1 0.4990234375 0.2490234375 0.0673828125 0.1201171875
1 0.4677734375 0.255859375 0.0703125 0.126953125