0 0.57265625 0.5625 0.0640625 0.125
1 0.603125 0.5546875 0.065625 0.121875
1 0.53984375 0.5671875 0.0546875 0.125
1 0.50859375 0.5765625 0.0671875 0.121875
1 0.47890625 0.5828125 0.0671875 0.11875
1 0.446875 0.590625 0.065625 0.121875
1 0.63203125 0.5453125 0.0703125 0.121875
1 0.665625 0.53828125 0.0625 0.1140625
1 0.69765625 0.5328125 0.0640625 0.121875
1 0.7296875 0.521875 0.05625 0.1125
1 0.76015625 0.515625 0.0578125 0.1125
1 0.41484375 0.5953125 0.0640625 0.115625
1 0.73671875 0.41640625 0.0640625 0.1109375
1 0.70703125 0.42109375 0.0640625 0.1078125
1 0.6734375 0.42578125 0.0625 0.1109375
1 0.6421875 0.4390625 0.059375 0.103125
1 0.6109375 0.44453125 0.059375 0.1015625
1 0.57890625 0.44921875 0.0578125 0.1046875
1 0.5484375 0.45625 0.0625 0.10625
1 0.51796875 0.4671875 0.0609375 0.1
1 0.4859375 0.4765625 0.065625 0.103125
1 0.4546875 0.4796875 0.065625 0.10625
1 0.4234375 0.48984375 0.0625 0.1046875
1 0.3921875 0.49921875 0.065625 0.1078125
0 0.059375 0.35 0.071875 0.121875
1 0.121875 0.3375 0.059375 0.1125
1 0.15390625 0.32734375 0.0609375 0.1171875
1 0.18515625 0.31953125 0.0640625 0.1234375
1 0.2171875 0.31328125 0.0625 0.1171875
1 0.84375 0.72734375 0.059375 0.1109375
1 0.8109375 0.734375 0.0625 0.109375
1 0.74765625 0.74453125 0.0640625 0.1140625
1 0.6828125 0.76171875 0.0625 0.1140625
1 0.62109375 0.7734375 0.0609375 0.10625
1 0.559375 0.7875 0.065625 0.103125
1 0.42890625 0.815625 0.0671875 0.115625
1 0.82890625 0.39375 0.0609375 0.1125
1 0.2640625 0.525 0.0625 0.10625
1 0.37421875 0.27578125 0.0640625 0.1171875
1 0.53125 0.2390625 0.065625 0.121875
1 0.6875 0.20546875 0.0625 0.1109375
1 0.7515625 0.18984375 0.0625 0.1140625
1 0.78203125 0.1828125 0.0671875 0.11875
1 0.28984375 0.63046875 0.0671875 0.1140625
1 0.390625 0.934375 0.0625 0.11875
1 0.29765625 0.9484375 0.0609375 0.103125
1 0.61328125 0.88203125 0.0640625 0.1171875
1 0.8328125 0.83359375 0.0625 0.1203125
1 0.7390625 0.85625 0.0625 0.121875
1 0.92578125 0.8109375 0.0609375 0.11875
1 0.90390625 0.71015625 0.0609375 0.1203125
1 0.85390625 0.49453125 0.0640625 0.1265625
1 0.19296875 0.64765625 0.0640625 0.1171875
1 0.16875 0.55 0.0625 0.109375
1 0.275 0.8546875 0.0625 0.1125
1 0.359375 0.503125 0.0625 0.1125
1 0.51875 0.9015625 0.06875 0.121875
1 0.3296875 0.9421875 0.065625 0.115625
1 0.49921875 0.24921875 0.0671875 0.1203125
1 0.46796875 0.25546875 0.0703125 0.1265625