0 0.640625 0.603515625 0.046875 0.091796875
0 0.6123046875 0.6142578125 0.0439453125 0.1064453125
0 0.583984375 0.61328125 0.048828125 0.0986328125
0 0.5283203125 0.619140625 0.0439453125 0.091796875
0 0.46875 0.623046875 0.0439453125 0.091796875
0 0.544921875 0.529296875 0.0439453125 0.095703125
0 0.40234375 0.544921875 0.048828125 0.0888671875
0 0.373046875 0.546875 0.044921875 0.09375
0 0.6845703125 0.51171875 0.046875 0.095703125
0 0.693359375 0.787109375 0.044921875 0.09375
0 0.6376953125 0.7919921875 0.046875 0.0966796875
0 0.552734375 0.802734375 0.048828125 0.0966796875
0 0.439453125 0.818359375 0.0498046875 0.0966796875
0 0.3251953125 0.8330078125 0.046875 0.099609375
0 0.2666015625 0.833984375 0.048828125 0.09375
0 0.5625 0.888671875 0.046875 0.095703125
0 0.7041015625 0.873046875 0.044921875 0.09375
0 0.759765625 0.86328125 0.048828125 0.0986328125
0 0.8720703125 0.849609375 0.046875 0.09375
0 0.0205078125 0.3056640625 0.041015625 0.095703125
0 0.05078125 0.1123046875 0.048828125 0.0966796875
0 0.166015625 0.1044921875 0.0498046875 0.09375
0 0.1962890625 0.0966796875 0.0517578125 0.0966796875
0 0.2822265625 0.087890625 0.048828125 0.099609375
0 0.4248046875 0.072265625 0.046875 0.0986328125
0 0.509765625 0.064453125 0.046875 0.103515625
0 0.7470703125 0.3193359375 0.0439453125 0.091796875
1 0.6015625 0.521484375 0.046875 0.0888671875
0 0.7421875 0.5078125 0.0439453125 0.09375
0 0.1083984375 0.109375 0.048828125 0.0966796875
1 0.5087890625 0.251953125 0.048828125 0.091796875
1 0.4814453125 0.2587890625 0.046875 0.095703125
1 0.453125 0.2626953125 0.046875 0.09375
1 0.3935546875 0.2666015625 0.046875 0.091796875
1 0.662109375 0.326171875 0.044921875 0.095703125
1 0.6337890625 0.3310546875 0.0419921875 0.09375
1 0.5771484375 0.333984375 0.044921875 0.095703125
1 0.548828125 0.337890625 0.044921875 0.091796875
1 0.51953125 0.341796875 0.048828125 0.091796875
1 0.43359375 0.3505859375 0.044921875 0.095703125
1 0.375 0.3564453125 0.0439453125 0.09375
1 0.306640625 0.2763671875 0.044921875 0.09375
1 0.345703125 0.3583984375 0.0419921875 0.095703125
1 0.3193359375 0.361328125 0.044921875 0.09375
1 0.291015625 0.365234375 0.044921875 0.095703125
1 0.279296875 0.279296875 0.044921875 0.083984375
1 0.2490234375 0.2822265625 0.044921875 0.091796875
1 0.26171875 0.369140625 0.044921875 0.09375
1 0.21875 0.28515625 0.0439453125 0.091796875
1 0.232421875 0.373046875 0.0419921875 0.095703125
1 0.1923828125 0.287109375 0.046875 0.09375
1 0.203125 0.373046875 0.046875 0.0986328125
1 0.162109375 0.2900390625 0.046875 0.095703125
1 0.17578125 0.375 0.048828125 0.09375
1 0.076171875 0.298828125 0.044921875 0.09375
1 0.087890625 0.38671875 0.048828125 0.095703125
1 0.0458984375 0.302734375 0.044921875 0.095703125
1 0.05859375 0.3876953125 0.0419921875 0.0966796875
1 0.0302734375 0.390625 0.0419921875 0.09375
1 0.01171875 0.39453125 0.0234375 0.095703125
1 0.31640625 0.5517578125 0.044921875 0.0908203125
1 0.2861328125 0.5556640625 0.046875 0.0888671875
1 0.326171875 0.638671875 0.0439453125 0.091796875
1 0.2998046875 0.642578125 0.046875 0.0966796875
1 0.2685546875 0.642578125 0.046875 0.0986328125
1 0.2587890625 0.5595703125 0.044921875 0.0908203125
1 0.2294921875 0.5625 0.0439453125 0.0908203125
1 0.240234375 0.646484375 0.046875 0.091796875
1 0.48828125 0.5341796875 0.044921875 0.087890625
1 0.45703125 0.5361328125 0.0419921875 0.09375
1 0.4130859375 0.630859375 0.044921875 0.091796875
1 0.3837890625 0.6318359375 0.048828125 0.095703125
1 0.0849609375 0.578125 0.044921875 0.087890625
1 0.056640625 0.5810546875 0.0439453125 0.0908203125
1 0.02734375 0.5859375 0.044921875 0.09375
1 0.1552734375 0.658203125 0.044921875 0.09375
1 0.1259765625 0.6611328125 0.0419921875 0.09375
1 0.095703125 0.662109375 0.044921875 0.095703125
1 0.068359375 0.666015625 0.046875 0.09375
1 0.0380859375 0.66796875 0.044921875 0.095703125
1 0.306640625 0.9169921875 0.0439453125 0.0908203125
1 0.2783203125 0.919921875 0.0439453125 0.091796875
1 0.2490234375 0.923828125 0.044921875 0.091796875
1 0.19140625 0.9306640625 0.0419921875 0.0986328125
1 0.1640625 0.93359375 0.0439453125 0.095703125