0 0.915625 0.4140625 0.11875 0.221875
1 0.5609375 0.3640625 0.0875 0.19375
1 0.228125 0.31328125 0.09375 0.1859375
1 0.30546875 0.32890625 0.0765625 0.1828125
1 0.05546875 0.28984375 0.0796875 0.1734375
1 0.8109375 0.4125 0.103125 0.196875
0 0.6578125 0.3921875 0.115625 0.25
1 0.73203125 0.40859375 0.0765625 0.2109375
1 0.475 0.36875 0.084375 0.196875
1 0.9734375 0.45078125 0.053125 0.1796875
1 0.13515625 0.32578125 0.0828125 0.1703125
0 0.39765625 0.371875 0.0984375 0.196875
0 0.07421875 0.78984375 0.0921875 0.2328125
0 0.015625 0.775 0.03125 0.228125
0 0.4921875 0.86484375 0.11875 0.2359375
1 0.90546875 0.91796875 0.0796875 0.1640625
0 0.83359375 0.91484375 0.1078125 0.1703125
0 0.16875 0.8265625 0.09375 0.2125
0 0.74921875 0.8953125 0.1078125 0.209375
1 0.3125 0.85859375 0.084375 0.1953125
1 0.6546875 0.90859375 0.09375 0.1828125
1 0.553125 0.90390625 0.090625 0.1921875
1 0.40078125 0.88359375 0.0765625 0.1765625
1 0.2359375 0.86484375 0.075 0.1765625
0 0.8484375 0.16953125 0.10625 0.2453125
1 0.75625 0.14921875 0.0875 0.2078125
0 0.52890625 0.115625 0.1015625 0.23125
0 0.35703125 0.10078125 0.0984375 0.2015625
1 0.67734375 0.14296875 0.1078125 0.2265625
0 0.43359375 0.11640625 0.1140625 0.2328125
0 0.60078125 0.1375 0.1078125 0.259375
1 0.26171875 0.0953125 0.0890625 0.190625
0 0.9453125 0.19453125 0.10625 0.2171875
0 0.178125 0.09140625 0.0875 0.1828125
0 0.0921875 0.0765625 0.084375 0.153125
0 0.9875 0.21171875 0.025 0.1765625