0 0.908203125 0.3701171875 0.091796875 0.2216796875
1 0.533203125 0.3779296875 0.0595703125 0.197265625
1 0.1767578125 0.3798828125 0.068359375 0.1875
1 0.259765625 0.3818359375 0.052734375 0.185546875
1 0.01171875 0.3828125 0.0234375 0.1748046875
1 0.7978515625 0.388671875 0.076171875 0.197265625
0 0.63671875 0.390625 0.0830078125 0.2529296875
1 0.71484375 0.3955078125 0.048828125 0.21875
1 0.443359375 0.3974609375 0.0576171875 0.201171875
1 0.98046875 0.3974609375 0.0390625 0.1826171875
1 0.08203125 0.408203125 0.060546875 0.173828125
0 0.3623046875 0.4140625 0.072265625 0.197265625
0 0.09765625 0.888671875 0.060546875 0.2216796875
0 0.017578125 0.8896484375 0.0341796875 0.216796875
0 0.5400390625 0.8935546875 0.0859375 0.212890625
1 0.9794921875 0.90625 0.041015625 0.1875
0 0.908203125 0.908203125 0.080078125 0.1826171875
0 0.2021484375 0.90625 0.0673828125 0.1875
0 0.8173828125 0.8955078125 0.072265625 0.208984375
1 0.3544921875 0.9150390625 0.060546875 0.169921875
1 0.720703125 0.9169921875 0.0673828125 0.166015625
1 0.6123046875 0.919921875 0.0654296875 0.1591796875
1 0.451171875 0.9267578125 0.056640625 0.146484375
1 0.27734375 0.9306640625 0.048828125 0.138671875
0 0.798828125 0.126953125 0.072265625 0.251953125
1 0.697265625 0.123046875 0.0576171875 0.208984375
0 0.4580078125 0.123046875 0.072265625 0.2451171875
0 0.2744140625 0.126953125 0.0703125 0.2314453125
1 0.6162109375 0.1298828125 0.076171875 0.228515625
0 0.3583984375 0.134765625 0.0830078125 0.2529296875
0 0.5361328125 0.13671875 0.0751953125 0.263671875
1 0.173828125 0.13671875 0.060546875 0.216796875
0 0.90234375 0.13671875 0.076171875 0.216796875
0 0.0869140625 0.138671875 0.0576171875 0.2216796875
0 0.013671875 0.142578125 0.0263671875 0.1875
0 0.9755859375 0.14453125 0.048828125 0.1767578125