1 0.42852956249999996 0.6238343265624999 0.449994575 0.7529509109375 0.9984375 0.6735395921875 0.8900322421875 0.5798341406249999 0.42852956249999996 0.6238343265624999
1 0.7954196312499999 0.529010846875 0.41178849062499995 0.5583581359374999 0.41250654062500003 0.6385985734374999 0.9087761562500001 0.5798341406249999 0.7954196312499999 0.529010846875
1 0.4463867046875 0.7468502 0.4919453984375 0.9984375 0.9984375 0.967361634375 0.9971407953125 0.6735395921875 0.4463867046875 0.7468502
1 0 0.6623085734374999 0.42071706249999996 0.6317708343749999 0.413399165625 0.5655400687500001 0 0.59402056875 0 0.6623085734374999
1 0 0.8005055046875 0.4385742046875 0.7468502 0.42410999374999997 0.625892765625 0 0.6622879015625001 0 0.8005055046875
1 0 0.5943793921875 0.41178849062499995 0.562326390625 0.40330878437499995 0.5277536859375 0.048957946875000005 0.5531653640624999 0 0.5936116078125 0 0.5943793921875
1 0 0.994686015625 0.48810298750000003 0.991516153125 0.44415456249999996 0.7607390890625 0 0.7993290421875 0 0.994686015625
1 0.40330878437499995 0.52934195 0.4006277765625 0.5067708343749999 0.106082521875 0.5277536859375 0.05074313125 0.5563418312499999 0.40330878437499995 0.52934195
1 0.4073242046875 0.5345486125 0.4122344296875 0.56428296875 0.78532925 0.5325184171874999 0.7032127203125 0.500753865625 0.4073242046875 0.5345486125
1 0.4006277765625 0.50280258125 0.4042013421875 0.530930153125 0.7014276046875 0.5071067390625 0.651443559375 0.4832833265625 0.4006277765625 0.50280258125
1 0.39839563437500003 0.48494543749999997 0.4015236015625 0.5071067390625 0.651443559375 0.4832833265625 0.6139555921875 0.47375398437499994 0.39839563437500003 0.48494543749999997
1 0.4006277765625 0.5008184531250001 0.3970607453125 0.48804799687499995 0.1444631140625 0.5039302718750001 0.1132231203125 0.522989015625 0.4006277765625 0.5008184531250001