1 0.4285295625 0.6238343265625 0.44999457500000006 0.7529509109375 0.9984375000000001 0.6735395921875 0.8900322421875 0.5798341406249999 0.4285295625 0.6238343265625
1 0.79541963125 0.529010846875 0.411788490625 0.5583581359374999 0.41250654062500003 0.6385985734375 0.9087761562500001 0.5798341406249999 0.79541963125 0.529010846875
1 0.4463867046875001 0.7468502 0.4919453984375 0.9984375000000001 0.9984375000000001 0.967361634375 0.9971407953125001 0.6735395921875 0.4463867046875001 0.7468502
1 0.413399165625 0.5655400687500001 0 0.594020568029743 0 0.662308573470502 0.4207170625 0.631770834375 0.413399165625 0.5655400687500001
1 0.42410999374999997 0.6258927656250001 0 0.6622879010602659 0 0.8005055042176535 0.4385742046875001 0.7468502 0.42410999374999997 0.6258927656250001
1 0 0.5943793915104226 0.411788490625 0.562326390625 0.403308784375 0.5277536859375 0.048957946875000005 0.5531653640624999 0 0.5936116081553936 0 0.5943793915104226
1 0.4441545625 0.7607390890625001 0 0.7993290423478586 0 0.9946860163831475 0.48810298750000003 0.9915161531250001 0.4441545625 0.7607390890625001
1 0.403308784375 0.52934195 0.4006277765625 0.506770834375 0.106082521875 0.5277536859375 0.05074313125 0.55634183125 0.403308784375 0.52934195
1 0.4073242046875001 0.5345486125 0.4122344296875 0.5642829687500001 0.7853292500000001 0.5325184171875 0.7032127203125 0.500753865625 0.4073242046875001 0.5345486125
1 0.4006277765625 0.50280258125 0.4042013421875 0.530930153125 0.7014276046875 0.5071067390625 0.6514435593750001 0.48328332656250006 0.4006277765625 0.50280258125
1 0.39839563437500003 0.48494543749999997 0.4015236015625 0.5071067390625 0.6514435593750001 0.48328332656250006 0.6139555921875001 0.473753984375 0.39839563437500003 0.48494543749999997
1 0.4006277765625 0.5008184531250001 0.3970607453125 0.488047996875 0.1444631140625 0.5039302718750001 0.1132231203125 0.522989015625 0.4006277765625 0.5008184531250001