0 0.017578125 0.2626953125 0.03515625 0.193359375
0 0.240234375 0.2626953125 0.0625 0.2158203125
0 0.7900390625 0.24609375 0.048828125 0.2294921875
0 0.607421875 0.251953125 0.060546875 0.173828125
1 0.0576171875 0.2734375 0.056640625 0.177734375
0 0.359375 0.263671875 0.056640625 0.236328125
0 0.298828125 0.265625 0.0732421875 0.228515625
1 0.119140625 0.279296875 0.0517578125 0.1953125
0 0.662109375 0.259765625 0.0595703125 0.189453125
1 0.7255859375 0.2607421875 0.0517578125 0.1279296875
1 0.177734375 0.283203125 0.056640625 0.169921875
0 0.90625 0.259765625 0.052734375 0.1591796875
1 0.841796875 0.265625 0.052734375 0.171875
1 0.4267578125 0.283203125 0.056640625 0.173828125
1 0.5458984375 0.2802734375 0.060546875 0.169921875
1 0.97265625 0.267578125 0.0419921875 0.140625
1 0.4853515625 0.28515625 0.0546875 0.154296875
0 0.4833984375 0.708984375 0.0546875 0.208984375
0 0.220703125 0.7265625 0.0546875 0.208984375
1 0.810546875 0.7060546875 0.046875 0.15625
1 0.685546875 0.724609375 0.044921875 0.1591796875
0 0.611328125 0.7275390625 0.0419921875 0.1513671875
1 0.08984375 0.748046875 0.0546875 0.193359375
1 0.548828125 0.7333984375 0.0498046875 0.1484375
1 0.8740234375 0.720703125 0.048828125 0.1640625
1 0.9892578125 0.716796875 0.021484375 0.1640625
1 0.15625 0.7490234375 0.052734375 0.1669921875
1 0.744140625 0.7314453125 0.0498046875 0.1533203125
1 0.41796875 0.7431640625 0.060546875 0.1669921875
0 0.947265625 0.7255859375 0.076171875 0.2236328125
0 0.29296875 0.75390625 0.0673828125 0.1923828125
1 0.3583984375 0.75390625 0.0576171875 0.154296875
0 0.1416015625 0.9228515625 0.076171875 0.154296875
0 0.080078125 0.9326171875 0.056640625 0.134765625
1 0.22265625 0.9228515625 0.044921875 0.154296875
0 0.630859375 0.9287109375 0.041015625 0.1357421875
1 0.896484375 0.919921875 0.056640625 0.1357421875
1 0.3583984375 0.931640625 0.0517578125 0.1357421875
1 0.5615234375 0.9306640625 0.0546875 0.138671875
0 0.826171875 0.9140625 0.0810546875 0.1533203125
1 0.4873046875 0.9365234375 0.0595703125 0.126953125
1 0.759765625 0.93359375 0.0517578125 0.1171875
1 0.42578125 0.9345703125 0.04296875 0.130859375
0 0.9638671875 0.91796875 0.072265625 0.1328125
1 0.6923828125 0.9296875 0.0625 0.130859375
0 0.28515625 0.9384765625 0.0703125 0.123046875