0 0.3662109375 0.4599609375 0.294921875 0.2138671875
1 0.6533203125 0.40234375 0.2626953125 0.201171875
0 0.7421875 0.552734375 0.291015625 0.228515625
0 0.416015625 0.65234375 0.330078125 0.2705078125
0 0.248046875 0.12109375 0.263671875 0.1953125
0 0.759765625 0.76953125 0.314453125 0.2392578125
0 0.458984375 0.8427734375 0.306640625 0.2265625
1 0.5693359375 0.0732421875 0.263671875 0.146484375
0 0.505859375 0.953125 0.291015625 0.09375
0 0.8369140625 0.896484375 0.2578125 0.125
1 0.6162109375 0.212890625 0.2734375 0.2216796875
1 0.3330078125 0.291015625 0.306640625 0.240234375