0 0.658203125 0.423828125 0.34375 0.267578125
1 0.3408203125 0.4013671875 0.306640625 0.25
0 0.2685546875 0.5712890625 0.337890625 0.279296875
0 0.6259765625 0.634765625 0.3857421875 0.3310546875
0 0.736328125 0.083984375 0.3046875 0.16796875
0 0.275390625 0.8056640625 0.3671875 0.294921875
0 0.60546875 0.84375 0.3544921875 0.28125
1 0.3876953125 0.0673828125 0.291015625 0.134765625
0 0.5703125 0.94921875 0.322265625 0.1015625
0 0.208984375 0.9345703125 0.291015625 0.130859375
1 0.3564453125 0.1923828125 0.318359375 0.271484375
1 0.6689453125 0.2392578125 0.3564453125 0.2939453125