1 0.0849609375 0.13671875 0.1015625 0.0576171875
0 0.7890625 0.2158203125 0.1279296875 0.125
0 0.57421875 0.2021484375 0.1611328125 0.142578125
1 0.1005859375 0.2197265625 0.1142578125 0.0673828125
1 0.560546875 0.328125 0.0966796875 0.1064453125
1 0.099609375 0.30859375 0.1279296875 0.091796875
1 0.6123046875 0.3916015625 0.119140625 0.091796875
1 0.498046875 0.0107421875 0.1455078125 0.021484375
0 0.1708984375 0.42578125 0.1923828125 0.154296875
0 0.6142578125 0.48046875 0.146484375 0.091796875
1 0.0078125 0.4541015625 0.0126953125 0.0205078125
0 0.6708984375 0.5654296875 0.1513671875 0.083984375
0 0.1943359375 0.552734375 0.173828125 0.1064453125
1 0.00390625 0.5458984375 0.0078125 0.048828125
1 0.01953125 0.6083984375 0.0390625 0.048828125
1 0.6943359375 0.685546875 0.169921875 0.1064453125
1 0.193359375 0.689453125 0.146484375 0.080078125
0 0.708984375 0.7705078125 0.138671875 0.1279296875
0 0.7255859375 0.0517578125 0.1328125 0.072265625
0 0.033203125 0.7080078125 0.06640625 0.115234375
1 0.2138671875 0.7841796875 0.146484375 0.09375
0 0.716796875 0.880859375 0.1455078125 0.09375
1 0.23046875 0.8603515625 0.154296875 0.0986328125
1 0.0361328125 0.837890625 0.072265625 0.119140625
0 0.791015625 0.9482421875 0.1533203125 0.103515625
0 0.310546875 0.923828125 0.1767578125 0.1298828125
1 0.513671875 0.0498046875 0.166015625 0.083984375
1 0.044921875 0.9248046875 0.08984375 0.068359375
1 0.0927734375 0.0556640625 0.1015625 0.0703125
0 0.75390625 0.140625 0.1455078125 0.09375
1 0.541015625 0.1279296875 0.1591796875 0.0908203125