1 0.08515625 0.13671875 0.1015625 0.0578125
0 0.7890625 0.215625 0.128125 0.125
0 0.57421875 0.20234375 0.1609375 0.1421875
1 0.10078125 0.21953125 0.1140625 0.0671875
1 0.5609375 0.328125 0.096875 0.10625
1 0.1 0.30859375 0.128125 0.0921875
1 0.6125 0.39140625 0.11875 0.0921875
1 0.49765625 0.0109375 0.1453125 0.021875
0 0.17109375 0.42578125 0.1921875 0.1546875
0 0.6140625 0.48046875 0.146875 0.0921875
1 0.0078125 0.45390625 0.0125 0.0203125
0 0.67109375 0.565625 0.1515625 0.084375
0 0.19453125 0.553125 0.1734375 0.10625
1 0.00390625 0.54609375 0.0078125 0.0484375
1 0.01953125 0.60859375 0.0390625 0.0484375
1 0.69453125 0.6859375 0.1703125 0.10625
1 0.19375 0.68984375 0.146875 0.0796875
0 0.70859375 0.7703125 0.1390625 0.128125
0 0.72578125 0.0515625 0.1328125 0.071875
0 0.03359375 0.70859375 0.0671875 0.1140625
1 0.2140625 0.784375 0.146875 0.09375
0 0.71640625 0.88125 0.1453125 0.09375
1 0.23046875 0.86015625 0.1546875 0.0984375
1 0.0359375 0.8375 0.071875 0.11875
0 0.790625 0.9484375 0.153125 0.103125
0 0.31015625 0.92421875 0.1765625 0.1296875
1 0.5140625 0.05 0.165625 0.084375
1 0.0453125 0.92578125 0.090625 0.0671875
1 0.09296875 0.05546875 0.1015625 0.0703125
0 0.75390625 0.140625 0.1453125 0.09375
1 0.540625 0.128125 0.159375 0.090625