1 0.0359375 0.25703125 0.071875 0.0578125
0 0.696875 0.17890625 0.121875 0.1203125
0 0.49375 0.2109375 0.15625 0.1375
0 0.54453125 0.01171875 0.0828125 0.0234375
1 0.05703125 0.32890625 0.1078125 0.0671875
1 0.509375 0.33046875 0.09375 0.1015625
1 0.07734375 0.41328125 0.1234375 0.0890625
1 0.56953125 0.37734375 0.1140625 0.0890625
1 0.37890625 0.03359375 0.1421875 0.0609375
0 0.16640625 0.50546875 0.1859375 0.1515625
0 0.58984375 0.46015625 0.1390625 0.0890625
1 0.015625 0.56640625 0.025 0.0203125
0 0.66171875 0.52734375 0.1453125 0.0828125
1 0.009375 0.0953125 0.01875 0.08125
0 0.215625 0.61875 0.165625 0.103125
1 0.02734375 0.65546875 0.0296875 0.0484375
1 0.053125 0.71015625 0.065625 0.0453125
1 0.70859375 0.634375 0.1640625 0.103125
1 0.24453125 0.74609375 0.1421875 0.0765625
0 0.7390625 0.709375 0.134375 0.121875
0 0.603125 0.0390625 0.128125 0.071875
0 0.0828125 0.80234375 0.103125 0.1109375
1 0.28359375 0.82890625 0.1390625 0.0921875
0 0.7703125 0.8109375 0.1375 0.090625
1 0.3171875 0.8953125 0.15 0.096875
1 0.10546875 0.9234375 0.1234375 0.115625
0 0.8546875 0.8640625 0.146875 0.115625
0 0.4046875 0.9359375 0.16875 0.128125
1 0.40390625 0.08359375 0.1578125 0.0828125
1 0.13828125 0.984375 0.1328125 0.03125
1 0.03125 0.17890625 0.0625 0.0703125
0 0.646875 0.11640625 0.1375 0.0921875
1 0.44453125 0.14921875 0.1546875 0.0890625