1 0.0361328125 0.2568359375 0.072265625 0.0576171875
0 0.697265625 0.1787109375 0.1220703125 0.1201171875
0 0.494140625 0.2109375 0.15625 0.1376953125
0 0.544921875 0.01171875 0.0830078125 0.0234375
1 0.056640625 0.3291015625 0.107421875 0.0673828125
1 0.509765625 0.330078125 0.09375 0.1015625
1 0.0771484375 0.4130859375 0.123046875 0.0888671875
1 0.5693359375 0.376953125 0.1142578125 0.0888671875
1 0.37890625 0.033203125 0.142578125 0.060546875
0 0.166015625 0.505859375 0.185546875 0.1513671875
0 0.58984375 0.4599609375 0.138671875 0.0888671875
1 0.015625 0.56640625 0.025390625 0.0205078125
0 0.662109375 0.52734375 0.1455078125 0.0830078125
1 0.009765625 0.095703125 0.0185546875 0.0810546875
0 0.2158203125 0.619140625 0.166015625 0.103515625
1 0.02734375 0.6552734375 0.029296875 0.048828125
1 0.052734375 0.7099609375 0.0654296875 0.044921875
1 0.708984375 0.634765625 0.1640625 0.103515625
1 0.244140625 0.74609375 0.142578125 0.076171875
0 0.7392578125 0.708984375 0.134765625 0.1220703125
0 0.603515625 0.0390625 0.1279296875 0.072265625
0 0.0830078125 0.802734375 0.103515625 0.111328125
1 0.283203125 0.8291015625 0.138671875 0.091796875
0 0.7705078125 0.810546875 0.1376953125 0.0908203125
1 0.3173828125 0.8955078125 0.150390625 0.0966796875
1 0.10546875 0.923828125 0.123046875 0.115234375
0 0.8544921875 0.8642578125 0.146484375 0.115234375
0 0.404296875 0.935546875 0.1689453125 0.1279296875
1 0.404296875 0.083984375 0.158203125 0.0830078125
1 0.138671875 0.984375 0.1328125 0.03125
1 0.03125 0.1787109375 0.0625 0.0703125
0 0.646484375 0.1162109375 0.1376953125 0.091796875
1 0.4443359375 0.1494140625 0.154296875 0.0888671875