0 0.40234375 0.5068359375 0.1328125 0.1357421875
1 0.8115234375 0.060546875 0.126953125 0.12109375
1 0.68359375 0.056640625 0.1357421875 0.1123046875
1 0.814453125 0.1630859375 0.130859375 0.138671875
1 0.6865234375 0.162109375 0.1357421875 0.1279296875
1 0.8125 0.275390625 0.130859375 0.1220703125
1 0.6865234375 0.275390625 0.1328125 0.1328125
1 0.810546875 0.388671875 0.1279296875 0.125
1 0.685546875 0.388671875 0.1357421875 0.1357421875
1 0.810546875 0.5 0.1279296875 0.1279296875
1 0.6875 0.501953125 0.134765625 0.125
1 0.810546875 0.615234375 0.125 0.125
1 0.6875 0.6162109375 0.134765625 0.138671875
1 0.810546875 0.7294921875 0.130859375 0.130859375
1 0.6865234375 0.732421875 0.1328125 0.125
1 0.8076171875 0.8427734375 0.1279296875 0.1328125
1 0.6875 0.845703125 0.130859375 0.125
1 0.810546875 0.9453125 0.125 0.109375
1 0.6865234375 0.9453125 0.1328125 0.109375
1 0.40234375 0.05859375 0.1328125 0.1171875
1 0.2763671875 0.05859375 0.134765625 0.1171875
1 0.4013671875 0.169921875 0.134765625 0.115234375
1 0.2783203125 0.162109375 0.134765625 0.125
1 0.4033203125 0.2744140625 0.130859375 0.1328125
1 0.2763671875 0.2783203125 0.130859375 0.1220703125
1 0.4033203125 0.3876953125 0.130859375 0.1279296875
1 0.275390625 0.388671875 0.1376953125 0.130859375
1 0.275390625 0.505859375 0.134765625 0.125
1 0.4033203125 0.6171875 0.130859375 0.125
1 0.2763671875 0.6181640625 0.140625 0.1171875
1 0.4052734375 0.734375 0.138671875 0.125
1 0.27734375 0.732421875 0.138671875 0.134765625
1 0.40625 0.8427734375 0.134765625 0.1328125
1 0.2744140625 0.845703125 0.138671875 0.130859375
1 0.0322265625 0.0595703125 0.064453125 0.119140625
1 0.033203125 0.1630859375 0.0654296875 0.1328125
1 0.033203125 0.275390625 0.0654296875 0.1376953125
1 0.0341796875 0.388671875 0.068359375 0.1357421875
1 0.033203125 0.501953125 0.0654296875 0.138671875
1 0.033203125 0.6142578125 0.06640625 0.126953125
1 0.03125 0.728515625 0.0625 0.130859375
1 0.03125 0.8388671875 0.0625 0.1279296875