0 0.1044921875 0.5576171875 0.1123046875 0.291015625
1 0.2568359375 0.53125 0.1015625 0.2373046875
1 0.7001953125 0.4267578125 0.087890625 0.2001953125
1 0.927734375 0.365234375 0.1357421875 0.306640625
1 0.333984375 0.5244140625 0.130859375 0.2734375
0 0.4130859375 0.505859375 0.1455078125 0.318359375
1 0.013671875 0.6201171875 0.02734375 0.298828125
1 0.638671875 0.455078125 0.1171875 0.265625
1 0.9736328125 0.3564453125 0.052734375 0.248046875
0 0.5654296875 0.4765625 0.1279296875 0.3154296875
1 0.05078125 0.619140625 0.1015625 0.265625
1 0.869140625 0.3994140625 0.1015625 0.263671875
1 0.484375 0.5029296875 0.1064453125 0.224609375
0 0.1943359375 0.5888671875 0.1298828125 0.271484375
1 0.7822265625 0.4375 0.111328125 0.265625
0 0.1220703125 0.912109375 0.119140625 0.1748046875
1 0.9423828125 0.7421875 0.115234375 0.25
1 0.751953125 0.826171875 0.1064453125 0.255859375
0 0.9912109375 0.7412109375 0.017578125 0.3017578125
0 0.671875 0.8515625 0.1279296875 0.2841796875
0 0.890625 0.783203125 0.1279296875 0.302734375
1 0.8203125 0.814453125 0.109375 0.248046875
1 0.216796875 0.923828125 0.107421875 0.1513671875
1 0.4384765625 0.8955078125 0.107421875 0.208984375
1 0.58984375 0.87890625 0.111328125 0.2421875
0 0.283203125 0.916015625 0.1044921875 0.1669921875
1 0.5244140625 0.89453125 0.111328125 0.2109375
1 0.365234375 0.91015625 0.107421875 0.1796875