0 0.2078125 0.34609375 0.109375 0.2640625
1 0.33203125 0.39609375 0.0953125 0.2140625
1 0.71640625 0.525 0.0828125 0.18125
1 0.91328125 0.5875 0.1296875 0.275
1 0.39375 0.42734375 0.125 0.2484375
0 0.46328125 0.45078125 0.1359375 0.2890625
1 0.06953125 0.33125 0.1265625 0.28125
1 0.65546875 0.51640625 0.1109375 0.2390625
1 0.96171875 0.61484375 0.0765625 0.2234375
0 0.5921875 0.4984375 0.125 0.284375
1 0.13359375 0.36328125 0.1109375 0.2390625
1 0.8546875 0.5828125 0.096875 0.2375
1 0.5171875 0.4828125 0.1 0.203125
0 0.2578125 0.4109375 0.121875 0.246875
1 0.771875 0.57109375 0.10625 0.2390625
0 0.0453125 0.653125 0.090625 0.24375
0 0.01015625 0.640625 0.0203125 0.240625
1 0.75703125 0.87890625 0.1203125 0.2296875
1 0.5671875 0.84765625 0.103125 0.2296875
0 0.8265625 0.89140625 0.11875 0.2171875
0 0.49609375 0.83203125 0.1234375 0.2640625
0 0.68984375 0.87109375 0.1265625 0.2578125
1 0.62265625 0.871875 0.1046875 0.225
1 0.096875 0.71796875 0.109375 0.2421875
1 0.28828125 0.78515625 0.1109375 0.2515625
1 0.415625 0.82734375 0.115625 0.2546875
1 0.884375 0.9203125 0.103125 0.159375
0 0.1484375 0.74765625 0.1125 0.2671875
1 0.35234375 0.8203125 0.1140625 0.25
1 0.21640625 0.7796875 0.1171875 0.26875