0 0.2080078125 0.345703125 0.109375 0.263671875
1 0.33203125 0.396484375 0.095703125 0.2138671875
1 0.716796875 0.525390625 0.0830078125 0.181640625
1 0.9130859375 0.587890625 0.1298828125 0.275390625
1 0.3935546875 0.427734375 0.125 0.248046875
0 0.462890625 0.451171875 0.1357421875 0.2890625
1 0.0693359375 0.3310546875 0.126953125 0.28125
1 0.6552734375 0.5166015625 0.111328125 0.2392578125
1 0.9619140625 0.615234375 0.076171875 0.2236328125
0 0.591796875 0.498046875 0.125 0.2841796875
1 0.1337890625 0.36328125 0.111328125 0.2392578125
1 0.8544921875 0.5830078125 0.0966796875 0.2373046875
1 0.517578125 0.482421875 0.099609375 0.203125
0 0.2578125 0.4111328125 0.1220703125 0.2470703125
1 0.771484375 0.5712890625 0.1064453125 0.2392578125
0 0.044921875 0.6533203125 0.08984375 0.244140625
0 0.009765625 0.6396484375 0.01953125 0.240234375
1 0.7568359375 0.87890625 0.1201171875 0.2294921875
1 0.5673828125 0.84765625 0.103515625 0.2294921875
0 0.826171875 0.8916015625 0.119140625 0.216796875
0 0.49609375 0.83203125 0.123046875 0.263671875
0 0.689453125 0.87109375 0.126953125 0.2578125
1 0.623046875 0.8720703125 0.1044921875 0.224609375
1 0.0966796875 0.7177734375 0.109375 0.2421875
1 0.2880859375 0.78515625 0.111328125 0.251953125
1 0.416015625 0.8271484375 0.115234375 0.2548828125
1 0.884765625 0.919921875 0.103515625 0.1591796875
0 0.1484375 0.748046875 0.1123046875 0.267578125
1 0.3525390625 0.8203125 0.1142578125 0.25
1 0.216796875 0.779296875 0.1171875 0.2685546875