0 0.2484375 0.25546875 0.278125 0.1953125
1 0.51640625 0.19453125 0.3046875 0.2078125
0 0.578125 0.31953125 0.328125 0.2171875
0 0.290625 0.41796875 0.29375 0.2109375
0 0.32578125 0.5625 0.3234375 0.209375
0 0.615625 0.48203125 0.290625 0.2046875
0 0.65703125 0.63203125 0.3046875 0.2078125
1 0.37265625 0.71875 0.3078125 0.209375
1 0.6890625 0.7859375 0.284375 0.196875
0 0.4125 0.88203125 0.303125 0.2078125
1 0.203125 0.1171875 0.29375 0.184375
1 0.48125 0.0703125 0.303125 0.140625
1 0.4578125 0.9546875 0.26875 0.090625
0 0.7484375 0.9109375 0.29375 0.15