1 0.39921875 0.521875 0.0921875 0.153125
1 0.6609375 0.41640625 0.075 0.1234375
1 0.36484375 0.55703125 0.0796875 0.1234375
1 0.32109375 0.57734375 0.0796875 0.1296875
1 0.7859375 0.3609375 0.078125 0.125
1 0.61953125 0.4421875 0.0796875 0.140625
1 0.73359375 0.39140625 0.0828125 0.1328125
0 0.1984375 0.6421875 0.10625 0.175
0 0.5796875 0.4625 0.0875 0.15625
1 0.83203125 0.34765625 0.1140625 0.1703125
1 0.52890625 0.4921875 0.0765625 0.1375
1 0.15390625 0.665625 0.0953125 0.146875
1 0.24375 0.63203125 0.09375 0.1484375
0 0.46484375 0.52890625 0.1109375 0.1703125
0 0.309375 0.8890625 0.103125 0.18125
0 0.69375 0.7078125 0.09375 0.16875
1 0.64453125 0.73515625 0.0890625 0.1578125
0 0.7390625 0.6921875 0.10625 0.18125
1 0.9046875 0.61953125 0.06875 0.1109375
1 0.57265625 0.7734375 0.0828125 0.146875
0 0.43671875 0.8421875 0.0859375 0.15625
0 0.26640625 0.90703125 0.1234375 0.1859375
0 0.7859375 0.68046875 0.096875 0.1609375
0 0.36875 0.8765625 0.103125 0.159375
0 0.48125 0.8296875 0.08125 0.128125
1 0.95 0.6109375 0.078125 0.134375
0 0.53125 0.8109375 0.10625 0.190625
1 0.04609375 0.2671875 0.0921875 0.1375
1 0.12421875 0.23203125 0.0796875 0.1203125
0 0.33359375 0.13828125 0.1015625 0.1671875
1 0.021875 0.29375 0.04375 0.140625
0 0.175 0.2203125 0.09375 0.153125
1 0.2703125 0.178125 0.071875 0.109375
1 0.47265625 0.0828125 0.0671875 0.096875
0 0.01171875 0.3171875 0.0234375 0.18125
1 0.22421875 0.20546875 0.0796875 0.1203125
0 0.4296875 0.1125 0.090625 0.153125
1 0.5953125 0.04609375 0.071875 0.0921875
0 0.55546875 0.06328125 0.0984375 0.1265625
1 0.64375 0.03203125 0.065625 0.0640625
1 0.68125 0.02734375 0.071875 0.0546875
1 0.396875 0.14296875 0.0875 0.1359375