1 0.39375 0.44453125 0.040625 0.1421875
1 0.67890625 0.44375 0.0359375 0.115625
1 0.3484375 0.46484375 0.040625 0.1109375
1 0.30078125 0.4671875 0.0359375 0.11875
1 0.81640625 0.44140625 0.0359375 0.1140625
1 0.6328125 0.45078125 0.034375 0.1328125
1 0.75703125 0.44921875 0.0390625 0.1234375
0 0.16328125 0.48046875 0.0484375 0.1609375
0 0.584375 0.4578125 0.034375 0.146875
1 0.86484375 0.44453125 0.0609375 0.1515625
1 0.5296875 0.46484375 0.028125 0.1296875
1 0.11171875 0.48671875 0.0484375 0.1328125
1 0.2078125 0.4890625 0.04375 0.1375
0 0.453125 0.4765625 0.053125 0.15625
0 0.171875 0.75234375 0.040625 0.1703125
0 0.59765625 0.728125 0.0359375 0.159375
1 0.5453125 0.7359375 0.034375 0.15
0 0.6484375 0.73046875 0.04375 0.1703125
1 0.8296875 0.72578125 0.03125 0.1015625
1 0.4625 0.74375 0.034375 0.134375
0 0.309375 0.75625 0.03125 0.146875
0 0.1203125 0.76640625 0.053125 0.1953125
0 0.696875 0.7375 0.040625 0.15
0 0.23125 0.76328125 0.053125 0.1453125
0 0.35546875 0.7625 0.0390625 0.115625
1 0.8765625 0.7328125 0.034375 0.125
0 0.4109375 0.7625 0.040625 0.18125
0 0.01171875 0.08203125 0.0234375 0.1171875
1 0.1578125 0.075 0.053125 0.11875
1 0.2484375 0.07109375 0.040625 0.1078125
0 0.47734375 0.0671875 0.0453125 0.134375
1 0.1078125 0.08515625 0.0375 0.1296875
0 0.296875 0.08046875 0.04375 0.1390625
1 0.40234375 0.07734375 0.0390625 0.0984375
1 0.63046875 0.0625 0.0359375 0.084375
0 0.065625 0.0984375 0.053125 0.15625
1 0.3515625 0.08515625 0.040625 0.1078125
0 0.58046875 0.07421875 0.0390625 0.1421875
1 0.7625 0.06484375 0.03125 0.1109375
0 0.7171875 0.06875 0.053125 0.128125
1 0.81484375 0.0671875 0.0359375 0.084375
1 0.85546875 0.065625 0.0390625 0.096875
1 0.53671875 0.08984375 0.0453125 0.1234375