0 0.365234375 0.189453125 0.2705078125 0.201171875
1 0.6201171875 0.2197265625 0.296875 0.2138671875
0 0.634765625 0.353515625 0.3203125 0.2236328125
0 0.349609375 0.345703125 0.287109375 0.216796875
0 0.3359375 0.4873046875 0.3125 0.2158203125
0 0.615234375 0.5078125 0.2841796875 0.208984375
0 0.6044921875 0.6552734375 0.296875 0.2138671875
1 0.326171875 0.640625 0.298828125 0.212890625
1 0.583984375 0.8037109375 0.275390625 0.201171875
0 0.3076171875 0.7958984375 0.2939453125 0.2138671875
1 0.37109375 0.0732421875 0.2890625 0.146484375
1 0.634765625 0.087890625 0.2939453125 0.1748046875
1 0.318359375 0.912109375 0.2705078125 0.169921875
0 0.5947265625 0.9267578125 0.298828125 0.146484375