1 0.3994140625 0.521484375 0.091796875 0.1533203125
1 0.6611328125 0.416015625 0.0751953125 0.123046875
1 0.365234375 0.556640625 0.080078125 0.123046875
1 0.3212890625 0.5771484375 0.080078125 0.1298828125
1 0.7861328125 0.361328125 0.078125 0.125
1 0.619140625 0.4423828125 0.080078125 0.140625
1 0.7333984375 0.3916015625 0.0830078125 0.1328125
0 0.1982421875 0.642578125 0.1064453125 0.1748046875
0 0.580078125 0.462890625 0.087890625 0.15625
1 0.83203125 0.34765625 0.1142578125 0.169921875
1 0.529296875 0.4921875 0.076171875 0.1376953125
1 0.154296875 0.666015625 0.095703125 0.146484375
1 0.244140625 0.6318359375 0.09375 0.1484375
0 0.46484375 0.529296875 0.111328125 0.169921875
0 0.3095703125 0.888671875 0.103515625 0.181640625
0 0.693359375 0.7080078125 0.09375 0.1689453125
1 0.64453125 0.7353515625 0.0888671875 0.158203125
0 0.7392578125 0.6923828125 0.1064453125 0.181640625
1 0.904296875 0.619140625 0.068359375 0.111328125
1 0.572265625 0.7734375 0.0830078125 0.146484375
0 0.4365234375 0.841796875 0.0859375 0.15625
0 0.2666015625 0.9072265625 0.123046875 0.185546875
0 0.7861328125 0.6806640625 0.0966796875 0.1611328125
0 0.369140625 0.876953125 0.103515625 0.1591796875
0 0.4814453125 0.830078125 0.0810546875 0.1279296875
1 0.9501953125 0.611328125 0.078125 0.134765625
0 0.53125 0.810546875 0.1064453125 0.1904296875
1 0.0458984375 0.267578125 0.091796875 0.1376953125
1 0.1240234375 0.232421875 0.080078125 0.1201171875
0 0.333984375 0.138671875 0.1015625 0.1669921875
1 0.021484375 0.29296875 0.04296875 0.140625
0 0.1748046875 0.220703125 0.09375 0.1533203125
1 0.2705078125 0.177734375 0.072265625 0.109375
1 0.47265625 0.0830078125 0.0673828125 0.0966796875
0 0.01171875 0.3173828125 0.0234375 0.181640625
1 0.224609375 0.205078125 0.080078125 0.1201171875
0 0.4296875 0.1123046875 0.0908203125 0.1533203125
1 0.595703125 0.0458984375 0.072265625 0.091796875
0 0.5556640625 0.0634765625 0.0986328125 0.126953125
1 0.6435546875 0.0322265625 0.0654296875 0.064453125
1 0.681640625 0.02734375 0.072265625 0.0546875
1 0.396484375 0.142578125 0.087890625 0.1357421875