1 0.3935546875 0.4443359375 0.041015625 0.142578125
1 0.6787109375 0.443359375 0.0361328125 0.115234375
1 0.3486328125 0.46484375 0.041015625 0.111328125
1 0.30078125 0.466796875 0.0361328125 0.119140625
1 0.81640625 0.44140625 0.0361328125 0.1142578125
1 0.6328125 0.451171875 0.0341796875 0.1328125
1 0.7568359375 0.44921875 0.0390625 0.123046875
0 0.1630859375 0.48046875 0.048828125 0.1611328125
0 0.583984375 0.4580078125 0.0341796875 0.146484375
1 0.865234375 0.4443359375 0.060546875 0.1513671875
1 0.529296875 0.46484375 0.0283203125 0.1298828125
1 0.111328125 0.486328125 0.048828125 0.1328125
1 0.2080078125 0.4892578125 0.0439453125 0.1376953125
0 0.453125 0.4765625 0.052734375 0.15625
0 0.171875 0.751953125 0.041015625 0.169921875
0 0.59765625 0.728515625 0.0361328125 0.1591796875
1 0.544921875 0.736328125 0.0341796875 0.150390625
0 0.6484375 0.73046875 0.0439453125 0.169921875
1 0.830078125 0.7255859375 0.03125 0.1015625
1 0.462890625 0.744140625 0.0341796875 0.134765625
0 0.3095703125 0.755859375 0.03125 0.146484375
0 0.1201171875 0.7666015625 0.052734375 0.1953125
0 0.697265625 0.7373046875 0.041015625 0.150390625
0 0.2314453125 0.763671875 0.052734375 0.1455078125
0 0.35546875 0.7626953125 0.0390625 0.115234375
1 0.876953125 0.732421875 0.0341796875 0.125
0 0.4111328125 0.7626953125 0.041015625 0.181640625
0 0.01171875 0.08203125 0.0234375 0.1171875
1 0.158203125 0.0751953125 0.052734375 0.119140625
1 0.248046875 0.0712890625 0.041015625 0.107421875
0 0.4775390625 0.0673828125 0.044921875 0.134765625
1 0.107421875 0.0849609375 0.037109375 0.1298828125
0 0.296875 0.080078125 0.0439453125 0.138671875
1 0.40234375 0.0771484375 0.0390625 0.0986328125
1 0.630859375 0.0625 0.0361328125 0.083984375
0 0.0654296875 0.0986328125 0.052734375 0.15625
1 0.3515625 0.0849609375 0.041015625 0.107421875
0 0.580078125 0.07421875 0.0390625 0.142578125
1 0.7626953125 0.064453125 0.03125 0.111328125
0 0.716796875 0.068359375 0.052734375 0.1279296875
1 0.814453125 0.0673828125 0.0361328125 0.083984375
1 0.85546875 0.0654296875 0.0390625 0.0966796875
1 0.537109375 0.08984375 0.044921875 0.123046875