0 0.7705078125 0.7197265625 0.1220703125 0.1171875
1 0.771484375 0.6220703125 0.1142578125 0.125
1 0.7724609375 0.5341796875 0.1171875 0.125
1 0.763671875 0.818359375 0.1298828125 0.1064453125
1 0.767578125 0.9013671875 0.1171875 0.115234375
1 0.775390625 0.294921875 0.1142578125 0.119140625
1 0.7724609375 0.3916015625 0.1171875 0.1142578125
1 0.89453125 0.201171875 0.111328125 0.1171875
1 0.8955078125 0.298828125 0.109375 0.107421875
1 0.89453125 0.390625 0.1142578125 0.1279296875
1 0.8955078125 0.4853515625 0.109375 0.1201171875
1 0.890625 0.5791015625 0.109375 0.123046875
1 0.8916015625 0.6669921875 0.111328125 0.103515625
1 0.8857421875 0.814453125 0.1123046875 0.111328125
1 0.8876953125 0.90234375 0.109375 0.111328125
1 0.775390625 0.150390625 0.1142578125 0.1171875