0 0.7703125 0.71953125 0.121875 0.1171875
1 0.77109375 0.621875 0.1140625 0.125
1 0.77265625 0.534375 0.1171875 0.125
1 0.76328125 0.81875 0.1296875 0.10625
1 0.76796875 0.9015625 0.1171875 0.115625
1 0.77578125 0.2953125 0.1140625 0.11875
1 0.77265625 0.39140625 0.1171875 0.1140625
1 0.89453125 0.20078125 0.1109375 0.1171875
1 0.8953125 0.29921875 0.109375 0.1078125
1 0.89453125 0.390625 0.1140625 0.128125
1 0.8953125 0.48515625 0.109375 0.1203125
1 0.890625 0.57890625 0.109375 0.1234375
1 0.89140625 0.6671875 0.1109375 0.103125
1 0.8859375 0.81484375 0.1125 0.1109375
1 0.8875 0.90234375 0.109375 0.1109375
1 0.77578125 0.15078125 0.1140625 0.1171875