1 0 0.7585579742921092 0.14576094196975953 0.6750084034310925 0.3098547034449939 0.6750084034310925 0.2127809214733809 0.7699784192299461
1 0.20436585678234329 0.7693773431805863 0.30564717109947515 0.6744073273817326 0.47154416072278904 0.6762105555298121 0.4438946624522367 0.7759891797235445
1 0.4631290960317514 0.6738062513323729 0.6299276997291051 0.676811631579172 0.6777132456532117 0.7753881036741846 0.4354795977611991 0.7735848755261051
1 0.6245180152848666 0.6804180878753311 0.7901144668835006 0.6756094794804524 0.9046194542865487 0.770579495279306 0.6644895725672955 0.7747870276248248
1 0.34111065801170526 0.6419492207163017 0.3708639224550171 0.6100921901002306 0.4664350143032305 0.6149007984951093 0.48777321405550456 0.6130975703470297 0.47755492121638743 0.6527685896047788 0.4674074074074074 0.6518518518518518
1 0.4703420086240694 0.6533696656541386 0.48206299158658616 0.6124964942976698 0.5998738972611135 0.6100921901002305 0.6130975703470297 0.644353524913741
1 0.40602687134256726 0.5806394636815988 0.42105377257656307 0.5638093342995234 0.5012974251661008 0.5644104103488832 0.4973904308452619 0.5818416157803183
1 0.493182898499743 0.5824426918296783 0.4994941970180213 0.562006106151444 0.5761313933114 0.5602028780033644 0.5842459199777578 0.5800383876322389
1 0.09111111111111111 0.6414814814814814 0.14888888888888888 0.6133333333333333 0.24518518518518514 0.6177777777777778 0.19259259259259257 0.6488888888888888
1 0.7092697382446029 0.6112943421989503 0.8276817199684902 0.608890038001511 0.8934995473733919 0.6407470686175821 0.7540499039219106 0.6527685896047788
1 0.651566437506059 0.5614050301020841 0.7237037037037036 0.5614814814814815 0.7385185185185185 0.5614814814814815 0.7621644305882682 0.5788362355335193 0.6695987189868541 0.5848469960271175
1 0.7276025577500779 0.5590007259046447 0.8129553567591742 0.5614050301020841 0.817162889104693 0.5650114863982431 0.8628446688560404 0.5818416157803183 0.84 0.5837037037037037 0.7549515179959503 0.5794373115828789