0 0.5712890625 0.029296875 0.048828125 0.0517578125
1 0.9814453125 0.3193359375 0.037109375 0.1142578125
1 0.1728515625 0.216796875 0.107421875 0.080078125
0 0.751953125 0.326171875 0.1328125 0.0595703125
0 0.3017578125 0.2998046875 0.099609375 0.0751953125
1 0.98828125 0.4140625 0.0234375 0.0751953125
0 0.591796875 0.369140625 0.1064453125 0.109375
0 0.158203125 0.3056640625 0.1357421875 0.111328125
0 0.76171875 0.458984375 0.107421875 0.1064453125
1 0.2890625 0.3994140625 0.09375 0.0986328125
1 0.59765625 0.4921875 0.095703125 0.1123046875
0 0.1279296875 0.4306640625 0.099609375 0.0830078125
0 0.96484375 0.1171875 0.0703125 0.0654296875
1 0.318359375 0.02734375 0.0732421875 0.0546875
1 0.7880859375 0.5830078125 0.0888671875 0.078125
0 0.294921875 0.5205078125 0.1279296875 0.119140625
1 0.736328125 0.083984375 0.087890625 0.080078125
1 0.6181640625 0.6220703125 0.095703125 0.0966796875
0 0.1396484375 0.5673828125 0.0986328125 0.0908203125
1 0.76953125 0.6767578125 0.0732421875 0.052734375
0 0.271484375 0.6533203125 0.1201171875 0.0908203125
1 0.6240234375 0.7216796875 0.0888671875 0.0966796875
0 0.7490234375 0.0380859375 0.0078125 0.0107421875
0 0.1728515625 0.0244140625 0.126953125 0.048828125
1 0.609375 0.083984375 0.083984375 0.0810546875
0 0.802734375 0.7939453125 0.1279296875 0.119140625
0 0.107421875 0.6943359375 0.099609375 0.0986328125
0 0.267578125 0.8046875 0.1328125 0.119140625
1 0.625 0.875 0.1279296875 0.119140625
0 0.8037109375 0.9521484375 0.1328125 0.095703125
0 0.0810546875 0.8603515625 0.103515625 0.0859375
1 0.220703125 0.916015625 0.072265625 0.0986328125
0 0.6552734375 0.974609375 0.111328125 0.0498046875
0 0.3134765625 0.0849609375 0.095703125 0.095703125
1 0.7470703125 0.162109375 0.103515625 0.0859375
1 0.9599609375 0.2197265625 0.080078125 0.064453125
0 0.1826171875 0.1015625 0.130859375 0.103515625
1 0.595703125 0.169921875 0.083984375 0.09375
1 0.736328125 0.2275390625 0.1220703125 0.0517578125
0 0.615234375 0.2451171875 0.0625 0.0595703125
0 0.33203125 0.201171875 0.0830078125 0.0830078125