0 0.13515625 0.22421875 0.1390625 0.3171875
0 0.4703125 0.28828125 0.140625 0.3609375
0 0.29140625 0.3 0.1171875 0.290625
0 0.38359375 0.30390625 0.1203125 0.2734375
0 0.64296875 0.3203125 0.1546875 0.346875
0 0.21796875 0.31171875 0.1234375 0.3203125
0 0.5609375 0.32578125 0.15625 0.3640625
0 0.053125 0.3203125 0.103125 0.296875
0 0.74609375 0.36171875 0.1453125 0.3640625
0 0.82578125 0.3734375 0.1484375 0.340625
0 0.92109375 0.3890625 0.1578125 0.365625
0 0.01328125 0.58359375 0.0265625 0.3078125
0 0.12265625 0.60078125 0.1265625 0.3109375
1 0.05390625 0.59921875 0.1078125 0.2890625
0 0.36328125 0.61875 0.1234375 0.315625
1 0.19609375 0.62578125 0.1046875 0.2859375
0 0.2640625 0.63828125 0.125 0.3078125
0 0.446875 0.6578125 0.125 0.340625
0 0.53828125 0.67109375 0.1359375 0.3265625
0 0.63671875 0.68671875 0.1421875 0.3578125
0 0.7125 0.70859375 0.134375 0.3078125
0 0.88828125 0.71328125 0.1390625 0.3203125
0 0.80859375 0.72109375 0.1390625 0.3453125