0 0.302734375 0.9619140625 0.1015625 0.076171875
0 0.083984375 0.96484375 0.0419921875 0.0703125
0 0.142578125 0.1787109375 0.1796875 0.2734375
0 0.029296875 0.197265625 0.0576171875 0.2548828125
0 0.44140625 0.2421875 0.1953125 0.34375
0 0.279296875 0.2421875 0.162109375 0.2783203125
0 0.361328125 0.2509765625 0.1611328125 0.263671875
0 0.5986328125 0.27734375 0.203125 0.3330078125
0 0.2109375 0.2470703125 0.1748046875 0.302734375
0 0.521484375 0.27734375 0.2109375 0.3486328125
0 0.0673828125 0.244140625 0.134765625 0.2890625
0 0.6884765625 0.3203125 0.205078125 0.349609375
0 0.763671875 0.3349609375 0.1982421875 0.326171875
0 0.849609375 0.353515625 0.216796875 0.3515625
0 0.029296875 0.474609375 0.0576171875 0.287109375
0 0.111328125 0.5087890625 0.173828125 0.294921875
1 0.0625 0.501953125 0.125 0.275390625
0 0.330078125 0.5341796875 0.1689453125 0.2998046875
1 0.1767578125 0.533203125 0.150390625 0.271484375
0 0.236328125 0.5478515625 0.173828125 0.294921875
0 0.4013671875 0.5751953125 0.181640625 0.3251953125
0 0.486328125 0.591796875 0.185546875 0.314453125
0 0.57421875 0.609375 0.1982421875 0.3408203125
0 0.642578125 0.6328125 0.181640625 0.2998046875
0 0.7998046875 0.6474609375 0.1875 0.3076171875
0 0.7294921875 0.6484375 0.1904296875 0.328125