0 0.30234375 0.96171875 0.1015625 0.0765625
0 0.08359375 0.96484375 0.0421875 0.0703125
0 0.14296875 0.17890625 0.1796875 0.2734375
0 0.02890625 0.19765625 0.0578125 0.2546875
0 0.44140625 0.2421875 0.1953125 0.34375
0 0.2796875 0.2421875 0.1625 0.278125
0 0.36171875 0.25078125 0.1609375 0.2640625
0 0.5984375 0.27734375 0.203125 0.3328125
0 0.2109375 0.246875 0.175 0.303125
0 0.52109375 0.27734375 0.2109375 0.3484375
0 0.0671875 0.24453125 0.134375 0.2890625
0 0.68828125 0.3203125 0.2046875 0.35
0 0.76328125 0.33515625 0.1984375 0.3265625
0 0.84921875 0.35390625 0.2171875 0.3515625
0 0.02890625 0.475 0.0578125 0.2875
0 0.11171875 0.50859375 0.1734375 0.2953125
1 0.0625 0.5015625 0.125 0.275
0 0.3296875 0.534375 0.16875 0.3
1 0.1765625 0.5328125 0.15 0.271875
0 0.23671875 0.54765625 0.1734375 0.2953125
0 0.4015625 0.575 0.18125 0.325
0 0.48671875 0.59140625 0.1859375 0.3140625
0 0.57421875 0.609375 0.1984375 0.340625
0 0.6421875 0.6328125 0.18125 0.3
0 0.8 0.64765625 0.1875 0.3078125
0 0.7296875 0.6484375 0.190625 0.328125