0 0.5087890625 0.9619140625 0.0888671875 0.076171875
0 0.072265625 0.2529296875 0.1435546875 0.291015625
0 0.38671875 0.220703125 0.154296875 0.3330078125
0 0.23046875 0.27734375 0.1298828125 0.2705078125
0 0.3134765625 0.2548828125 0.1298828125 0.2529296875
0 0.548828125 0.19921875 0.166015625 0.3203125
0 0.1669921875 0.306640625 0.1376953125 0.291015625
0 0.4755859375 0.228515625 0.169921875 0.333984375
0 0.0400390625 0.361328125 0.080078125 0.279296875
0 0.6494140625 0.208984375 0.1611328125 0.333984375
0 0.7255859375 0.197265625 0.1611328125 0.3125
0 0.814453125 0.1845703125 0.173828125 0.337890625
0 0.04296875 0.611328125 0.0859375 0.28125
0 0.1630859375 0.58984375 0.138671875 0.2861328125
1 0.095703125 0.6103515625 0.1328125 0.267578125
0 0.3798828125 0.5400390625 0.134765625 0.2890625
1 0.234375 0.591796875 0.119140625 0.2626953125
0 0.294921875 0.583984375 0.1376953125 0.28125
0 0.46484375 0.5517578125 0.138671875 0.3125
0 0.5517578125 0.5390625 0.150390625 0.302734375
0 0.640625 0.52734375 0.15625 0.330078125
0 0.7158203125 0.5244140625 0.146484375 0.2861328125
0 0.87109375 0.482421875 0.1513671875 0.2939453125
0 0.8037109375 0.509765625 0.1513671875 0.314453125