1 0.318359375 0.1728515625 0.111328125 0.279296875
1 0.076171875 0.1435546875 0.103515625 0.2529296875
1 0.6396484375 0.2158203125 0.111328125 0.28125
1 0.15625 0.158203125 0.109375 0.265625
0 0.23828125 0.171875 0.107421875 0.296875
1 0.560546875 0.216796875 0.1044921875 0.234375
1 0.8603515625 0.255859375 0.1455078125 0.3076171875
0 0.3984375 0.201171875 0.1123046875 0.2841796875
1 0.48046875 0.216796875 0.111328125 0.25
1 0.7431640625 0.25 0.142578125 0.2841796875
1 0.7451171875 0.0517578125 0.0751953125 0.0751953125
1 0.5810546875 0.037109375 0.083984375 0.0673828125
1 0.2578125 0.017578125 0.0810546875 0.0341796875
1 0.341796875 0.0205078125 0.0810546875 0.041015625
1 0.498046875 0.0341796875 0.091796875 0.068359375
1 0.173828125 0.0146484375 0.0830078125 0.029296875
1 0.421875 0.0302734375 0.083984375 0.060546875
1 0.8271484375 0.0673828125 0.091796875 0.09375
0 0.6650390625 0.05078125 0.0830078125 0.0859375
1 0.908203125 0.07421875 0.083984375 0.0986328125
0 0.0908203125 0.01171875 0.0810546875 0.0234375
1 0.328125 0.7509765625 0.1123046875 0.2421875
1 0.408203125 0.767578125 0.115234375 0.2470703125
1 0.580078125 0.794921875 0.109375 0.2421875
1 0.248046875 0.755859375 0.111328125 0.2578125
0 0.080078125 0.7353515625 0.1171875 0.2705078125
1 0.0244140625 0.7236328125 0.048828125 0.244140625
1 0.16796875 0.748046875 0.1201171875 0.2548828125
1 0.79296875 0.8251953125 0.142578125 0.2841796875
0 0.4931640625 0.7919921875 0.107421875 0.296875
1 0.67578125 0.822265625 0.1328125 0.259765625
0 0.7099609375 0.9755859375 0.0830078125 0.048828125
1 0.388671875 0.9560546875 0.0966796875 0.078125
1 0.544921875 0.9677734375 0.0830078125 0.064453125
1 0.0107421875 0.9189453125 0.021484375 0.0966796875
1 0.7890625 0.986328125 0.078125 0.0263671875
1 0.140625 0.939453125 0.09375 0.078125
1 0.2236328125 0.947265625 0.083984375 0.0732421875
1 0.302734375 0.955078125 0.083984375 0.0703125
1 0.4658203125 0.9697265625 0.083984375 0.060546875
1 0.6240234375 0.982421875 0.0732421875 0.0341796875
1 0.064453125 0.9384765625 0.0830078125 0.0703125