1 0.693359375 0.21484375 0.087890625 0.2578125
1 0.919921875 0.2041015625 0.0830078125 0.232421875
1 0.390625 0.2333984375 0.087890625 0.2578125
1 0.84375 0.212890625 0.083984375 0.244140625
0 0.767578125 0.21875 0.0830078125 0.271484375
1 0.4638671875 0.2412109375 0.083984375 0.2138671875
1 0.181640625 0.2568359375 0.119140625 0.279296875
0 0.6162109375 0.2373046875 0.0888671875 0.259765625
1 0.537109375 0.244140625 0.087890625 0.228515625
1 0.2919921875 0.259765625 0.115234375 0.2578125
1 0.974609375 0.2275390625 0.0341796875 0.2080078125
1 0.3037109375 0.05859375 0.064453125 0.0986328125
1 0.45703125 0.05078125 0.076171875 0.1015625
1 0.755859375 0.04296875 0.0732421875 0.0859375
1 0.6748046875 0.044921875 0.072265625 0.08984375
1 0.53125 0.052734375 0.08203125 0.10546875
1 0.8310546875 0.044921875 0.072265625 0.08984375
1 0.603515625 0.0517578125 0.0751953125 0.103515625
1 0.2255859375 0.068359375 0.080078125 0.111328125
0 0.376953125 0.0615234375 0.072265625 0.1142578125
1 0.1484375 0.07421875 0.0751953125 0.1142578125
0 0.9130859375 0.044921875 0.076171875 0.08984375
1 0.64453125 0.7548828125 0.0888671875 0.2216796875
1 0.572265625 0.76171875 0.09375 0.2265625
1 0.408203125 0.7763671875 0.0859375 0.2216796875
1 0.720703125 0.7646484375 0.0888671875 0.2392578125
0 0.8779296875 0.7568359375 0.09375 0.248046875
1 0.9482421875 0.751953125 0.072265625 0.2236328125
1 0.7958984375 0.76171875 0.0986328125 0.232421875
1 0.9931640625 0.7509765625 0.013671875 0.216796875
1 0.2080078125 0.79296875 0.115234375 0.2578125
0 0.48828125 0.783203125 0.0830078125 0.271484375
1 0.3173828125 0.7958984375 0.1064453125 0.236328125
0 0.2705078125 0.9580078125 0.076171875 0.083984375
1 0.5751953125 0.9541015625 0.083984375 0.0888671875
1 0.4267578125 0.9580078125 0.072265625 0.083984375
1 0.9580078125 0.93359375 0.072265625 0.0888671875
1 0.197265625 0.966796875 0.072265625 0.0654296875
1 0.806640625 0.947265625 0.083984375 0.080078125
1 0.7265625 0.9521484375 0.0751953125 0.080078125
1 0.654296875 0.955078125 0.0751953125 0.080078125
1 0.5009765625 0.9619140625 0.076171875 0.076171875
1 0.3515625 0.96875 0.0625 0.0625
1 0.8798828125 0.94921875 0.072265625 0.0673828125