1 0.669921875 0.1650390625 0.1357421875 0.2734375
1 0.8916015625 0.12109375 0.1171875 0.2421875
1 0.365234375 0.2333984375 0.1357421875 0.2734375
1 0.8212890625 0.13671875 0.1328125 0.2578125
0 0.7451171875 0.1572265625 0.134765625 0.2861328125
1 0.439453125 0.228515625 0.126953125 0.2294921875
1 0.15625 0.291015625 0.171875 0.2998046875
0 0.5927734375 0.1982421875 0.138671875 0.275390625
1 0.517578125 0.220703125 0.130859375 0.2451171875
1 0.2685546875 0.2744140625 0.166015625 0.279296875
1 0.251953125 0.08203125 0.078125 0.0859375
1 0.4052734375 0.048828125 0.0888671875 0.091796875
1 0.7080078125 0.0166015625 0.0908203125 0.033203125
1 0.6279296875 0.025390625 0.0908203125 0.0498046875
1 0.4833984375 0.04296875 0.1015625 0.0859375
1 0.5537109375 0.0361328125 0.091796875 0.072265625
1 0.17578125 0.1044921875 0.095703125 0.0966796875
0 0.32421875 0.072265625 0.0888671875 0.099609375
1 0.095703125 0.123046875 0.087890625 0.095703125
1 0.7060546875 0.7197265625 0.130859375 0.236328125
1 0.630859375 0.740234375 0.1376953125 0.2421875
1 0.4677734375 0.779296875 0.1298828125 0.2373046875
1 0.783203125 0.716796875 0.1357421875 0.2548828125
0 0.935546875 0.681640625 0.1279296875 0.263671875
1 0.9775390625 0.6650390625 0.044921875 0.236328125
1 0.859375 0.701171875 0.1435546875 0.251953125
1 0.2685546875 0.8291015625 0.166015625 0.279296875
0 0.552734375 0.7724609375 0.134765625 0.2861328125
1 0.3798828125 0.814453125 0.1533203125 0.2548828125
0 0.3603515625 0.9697265625 0.091796875 0.060546875
1 0.666015625 0.931640625 0.1015625 0.103515625
1 0.517578125 0.955078125 0.0888671875 0.0888671875
1 0.28515625 0.982421875 0.0888671875 0.0341796875
1 0.8974609375 0.884765625 0.0986328125 0.0888671875
1 0.818359375 0.9033203125 0.087890625 0.087890625
1 0.7470703125 0.9189453125 0.087890625 0.087890625
1 0.591796875 0.953125 0.0908203125 0.0908203125
1 0.4423828125 0.97265625 0.078125 0.0546875
1 0.96484375 0.8740234375 0.0703125 0.0732421875