0 0.017578125 0.3212890625 0.03515625 0.154296875
0 0.6689453125 0.314453125 0.2216796875 0.134765625
0 0.8798828125 0.2646484375 0.1748046875 0.1484375
0 0.1044921875 0.0966796875 0.193359375 0.0966796875
0 0.2353515625 0.47265625 0.1982421875 0.185546875
0 0.044921875 0.525390625 0.08984375 0.140625
0 0.470703125 0.501953125 0.1748046875 0.34375
0 0.919921875 0.43359375 0.1591796875 0.1513671875
0 0.724609375 0.50390625 0.2470703125 0.1513671875
0 0.283203125 0.65234375 0.205078125 0.205078125
0 0.083984375 0.708984375 0.126953125 0.1435546875
0 0.771484375 0.6640625 0.203125 0.162109375
0 0.93359375 0.6240234375 0.1328125 0.189453125
0 0.3134765625 0.8076171875 0.2294921875 0.1376953125
0 0.134765625 0.8603515625 0.1689453125 0.123046875
0 0.9501953125 0.7607421875 0.099609375 0.150390625
0 0.1494140625 0.962890625 0.154296875 0.0732421875
0 0.7998046875 0.8291015625 0.21875 0.1611328125
0 0.341796875 0.9384765625 0.2109375 0.123046875
0 0.833984375 0.9306640625 0.173828125 0.064453125
0 0.9580078125 0.900390625 0.083984375 0.0654296875
0 0.80859375 0.0556640625 0.1923828125 0.111328125
0 0.615234375 0.1142578125 0.2109375 0.103515625
0 0.162109375 0.26171875 0.208984375 0.1982421875