0 0.01796875 0.321875 0.0359375 0.153125
0 0.66875 0.3140625 0.221875 0.134375
0 0.8796875 0.26484375 0.175 0.1484375
0 0.1046875 0.096875 0.19375 0.096875
0 0.23515625 0.47265625 0.1984375 0.1859375
0 0.0453125 0.5265625 0.090625 0.140625
0 0.4703125 0.5015625 0.175 0.34375
0 0.9203125 0.43359375 0.159375 0.1515625
0 0.725 0.50390625 0.246875 0.1515625
0 0.28359375 0.65234375 0.2046875 0.2046875
0 0.08359375 0.709375 0.1265625 0.14375
0 0.771875 0.6640625 0.203125 0.1625
0 0.93359375 0.62421875 0.1328125 0.1890625
0 0.31328125 0.8078125 0.2296875 0.1375
0 0.134375 0.86015625 0.16875 0.1234375
0 0.95078125 0.7609375 0.0984375 0.15
0 0.14921875 0.96328125 0.1546875 0.0734375
0 0.8 0.82890625 0.21875 0.1609375
0 0.34296875 0.9390625 0.2109375 0.121875
0 0.83359375 0.93046875 0.1734375 0.0640625
0 0.9578125 0.9 0.084375 0.065625
0 0.80859375 0.05546875 0.1921875 0.1109375
0 0.61484375 0.1140625 0.2109375 0.103125
0 0.1625 0.26171875 0.209375 0.1984375