0 0.873046875 0.13671875 0.1640625 0.154296875
0 0.025390625 0.1123046875 0.05078125 0.072265625
0 0.166015625 0.080078125 0.1748046875 0.087890625
0 0.25 0.43359375 0.2060546875 0.1171875
0 0.0654296875 0.4794921875 0.130859375 0.130859375
0 0.634765625 0.0224609375 0.1826171875 0.044921875
0 0.689453125 0.3798828125 0.181640625 0.171875
0 0.9111328125 0.3330078125 0.162109375 0.1376953125
0 0.833984375 0.0107421875 0.1611328125 0.021484375
0 0.501953125 0.5068359375 0.150390625 0.3232421875
0 0.0859375 0.646484375 0.1591796875 0.1376953125
0 0.2861328125 0.6171875 0.2314453125 0.134765625
0 0.724609375 0.5537109375 0.189453125 0.189453125
0 0.9306640625 0.5107421875 0.138671875 0.134765625
0 0.3154296875 0.7744140625 0.1875 0.1455078125
0 0.1279296875 0.8232421875 0.1904296875 0.177734375
0 0.7646484375 0.697265625 0.2138671875 0.123046875
0 0.9306640625 0.66015625 0.138671875 0.111328125
0 0.1611328125 0.9423828125 0.1875 0.115234375
0 0.958984375 0.791015625 0.0810546875 0.1279296875
0 0.36328125 0.9248046875 0.205078125 0.1435546875
0 0.802734375 0.8359375 0.1953125 0.134765625
0 0.8251953125 0.939453125 0.1845703125 0.0673828125
0 0.96875 0.904296875 0.0625 0.046875
0 0.0498046875 0.25 0.099609375 0.146484375
0 0.2119140625 0.240234375 0.1982421875 0.087890625
0 0.6572265625 0.1708984375 0.1923828125 0.1796875