0 0.0791015625 0.0966796875 0.158203125 0.171875
0 0.251953125 0.0908203125 0.2001953125 0.1689453125
0 0.08203125 0.248046875 0.1640625 0.169921875
0 0.2578125 0.240234375 0.2060546875 0.1767578125
0 0.0859375 0.408203125 0.171875 0.169921875
0 0.2607421875 0.3984375 0.203125 0.1748046875
0 0.087890625 0.5400390625 0.1748046875 0.1328125
0 0.2666015625 0.5322265625 0.201171875 0.1201171875
0 0.0908203125 0.6513671875 0.1748046875 0.1064453125
0 0.271484375 0.6474609375 0.208984375 0.1357421875
0 0.0986328125 0.7646484375 0.181640625 0.1298828125
0 0.2744140625 0.755859375 0.2080078125 0.1435546875
0 0.0986328125 0.875 0.1748046875 0.1435546875
0 0.28125 0.8720703125 0.2060546875 0.146484375
0 0.6884765625 0.064453125 0.205078125 0.1279296875
0 0.8818359375 0.0595703125 0.2080078125 0.119140625
0 0.6943359375 0.189453125 0.2080078125 0.1923828125
0 0.888671875 0.18359375 0.203125 0.1767578125
0 0.697265625 0.341796875 0.2158203125 0.1796875
0 0.8916015625 0.3369140625 0.2138671875 0.1796875
0 0.705078125 0.50390625 0.2080078125 0.169921875
0 0.896484375 0.48828125 0.2060546875 0.1611328125
0 0.7080078125 0.626953125 0.2158203125 0.140625
0 0.89453125 0.62109375 0.2109375 0.142578125
0 0.7158203125 0.744140625 0.2158203125 0.1435546875
0 0.900390625 0.736328125 0.1982421875 0.1376953125
0 0.716796875 0.857421875 0.2158203125 0.1484375
0 0.9013671875 0.8486328125 0.197265625 0.146484375