0 0.571875 0.6953125 0.08125 0.23125
0 0.5015625 0.703125 0.075 0.215625
1 0.43984375 0.72421875 0.0796875 0.2171875
0 0.234375 0.7453125 0.084375 0.234375
1 0.70390625 0.69609375 0.0796875 0.2109375
1 0.76875 0.6875 0.08125 0.20625
1 0.3046875 0.73671875 0.090625 0.2203125
1 0.63828125 0.7015625 0.0796875 0.21875
1 0.8328125 0.684375 0.075 0.20625
1 0.3734375 0.734375 0.08125 0.221875
1 0.1953125 0.3546875 0.0875 0.234375
1 0.33359375 0.34296875 0.0828125 0.2296875
1 0.4609375 0.32734375 0.084375 0.2421875
1 0.2640625 0.353125 0.084375 0.234375
1 0.73125 0.3046875 0.084375 0.234375
1 0.66328125 0.31015625 0.0796875 0.2328125
0 0.79453125 0.3015625 0.0765625 0.225
0 0.5328125 0.3421875 0.08125 0.26875
0 0.4 0.36484375 0.084375 0.2359375
0 0.6046875 0.34765625 0.075 0.2453125