0 0.572265625 0.6953125 0.0810546875 0.2314453125
0 0.501953125 0.703125 0.0751953125 0.2158203125
1 0.439453125 0.724609375 0.080078125 0.216796875
0 0.234375 0.7451171875 0.083984375 0.234375
1 0.7041015625 0.6962890625 0.080078125 0.2109375
1 0.7685546875 0.6875 0.0810546875 0.2060546875
1 0.3046875 0.736328125 0.0908203125 0.220703125
1 0.638671875 0.701171875 0.080078125 0.21875
1 0.8330078125 0.6845703125 0.0751953125 0.2060546875
1 0.373046875 0.734375 0.0810546875 0.2216796875
1 0.1953125 0.3544921875 0.087890625 0.234375
1 0.333984375 0.3427734375 0.0830078125 0.2294921875
1 0.4609375 0.3271484375 0.083984375 0.2421875
1 0.263671875 0.353515625 0.083984375 0.234375
1 0.7314453125 0.3046875 0.083984375 0.234375
1 0.6630859375 0.310546875 0.080078125 0.232421875
0 0.794921875 0.3017578125 0.076171875 0.224609375
0 0.533203125 0.341796875 0.0810546875 0.2685546875
0 0.400390625 0.365234375 0.083984375 0.236328125
0 0.6044921875 0.34765625 0.0751953125 0.2451171875