1 0.9384765625 0.3017578125 0.123046875 0.384765625
1 0.1845703125 0.439453125 0.228515625 0.4013671875
1 0.6669921875 0.357421875 0.21875 0.3857421875
0 0.8310546875 0.328125 0.2001953125 0.369140625
0 0.5126953125 0.384765625 0.1845703125 0.3408203125
0 0.3583984375 0.4189453125 0.1767578125 0.369140625
0 0.060546875 0.4755859375 0.1201171875 0.3388671875
1 0.57421875 0.759765625 0.2080078125 0.3828125
1 0.111328125 0.8232421875 0.1904296875 0.353515625
1 0.732421875 0.7353515625 0.2158203125 0.3857421875
0 0.427734375 0.796875 0.2060546875 0.4033203125
0 0.9833984375 0.6875 0.033203125 0.3935546875
0 0.8994140625 0.7236328125 0.201171875 0.388671875
0 0.2578125 0.8251953125 0.22265625 0.349609375