1 0.9390625 0.30234375 0.121875 0.3859375
1 0.184375 0.43984375 0.228125 0.4015625
1 0.6671875 0.35703125 0.21875 0.3859375
0 0.83125 0.328125 0.2 0.36875
0 0.5125 0.384375 0.184375 0.340625
0 0.35859375 0.41875 0.1765625 0.36875
0 0.06015625 0.47578125 0.1203125 0.3390625
1 0.57421875 0.76015625 0.2078125 0.3828125
1 0.1109375 0.8234375 0.190625 0.353125
1 0.7328125 0.73515625 0.215625 0.3859375
0 0.428125 0.796875 0.20625 0.403125
0 0.98359375 0.6875 0.0328125 0.39375
0 0.9 0.72421875 0.2 0.3890625
0 0.25859375 0.82578125 0.2234375 0.3484375