1 0.134765625 0.220703125 0.2451171875 0.408203125
1 0.8564453125 0.501953125 0.287109375 0.421875
1 0.416015625 0.3349609375 0.2763671875 0.404296875
0 0.259765625 0.275390625 0.2607421875 0.388671875
0 0.55859375 0.390625 0.236328125 0.3564453125
0 0.697265625 0.451171875 0.236328125 0.380859375
0 0.9404296875 0.560546875 0.119140625 0.341796875
1 0.427734375 0.7392578125 0.265625 0.400390625
1 0.84765625 0.849609375 0.232421875 0.2998046875
1 0.28125 0.6845703125 0.275390625 0.40625
0 0.5595703125 0.7939453125 0.271484375 0.412109375
0 0.048828125 0.5791015625 0.09765625 0.400390625
0 0.1259765625 0.640625 0.251953125 0.4091796875
0 0.71484375 0.8359375 0.279296875 0.328125