0 0.71875 0.173828125 0.068359375 0.1591796875
0 0.6650390625 0.1689453125 0.0673828125 0.166015625
0 0.169921875 0.884765625 0.0703125 0.1875
0 0.1171875 0.8896484375 0.0654296875 0.189453125
0 0.0654296875 0.888671875 0.0625 0.1875
1 0.9365234375 0.673828125 0.0703125 0.1611328125
1 0.88671875 0.673828125 0.064453125 0.1748046875
1 0.833984375 0.6806640625 0.0654296875 0.173828125
1 0.7900390625 0.6806640625 0.0673828125 0.1669921875
1 0.736328125 0.685546875 0.072265625 0.181640625
1 0.6865234375 0.685546875 0.0703125 0.169921875
1 0.6337890625 0.685546875 0.064453125 0.173828125
1 0.583984375 0.689453125 0.0673828125 0.169921875
1 0.943359375 0.853515625 0.0673828125 0.1640625
1 0.892578125 0.84765625 0.0654296875 0.1669921875
1 0.8408203125 0.857421875 0.0625 0.169921875
1 0.7890625 0.8583984375 0.0654296875 0.1669921875
1 0.740234375 0.859375 0.060546875 0.166015625
1 0.6904296875 0.861328125 0.0625 0.1591796875
1 0.640625 0.8583984375 0.0625 0.1640625
1 0.587890625 0.861328125 0.060546875 0.1484375
1 0.4248046875 0.8701171875 0.0654296875 0.150390625
1 0.3720703125 0.8701171875 0.0654296875 0.150390625
1 0.3212890625 0.873046875 0.060546875 0.140625
1 0.2734375 0.875 0.0654296875 0.15625
1 0.224609375 0.8798828125 0.0703125 0.166015625
1 0.4169921875 0.693359375 0.0654296875 0.185546875
1 0.365234375 0.697265625 0.072265625 0.171875
1 0.314453125 0.701171875 0.0625 0.1611328125
1 0.265625 0.7080078125 0.0625 0.1689453125
1 0.216796875 0.6982421875 0.0732421875 0.177734375
1 0.1611328125 0.701171875 0.0625 0.1611328125
1 0.1142578125 0.7060546875 0.0654296875 0.1748046875
1 0.0615234375 0.7060546875 0.0703125 0.166015625