0 0.71875 0.1734375 0.06875 0.159375
0 0.66484375 0.16875 0.0671875 0.165625
0 0.16953125 0.884375 0.0703125 0.1875
0 0.1171875 0.88984375 0.065625 0.1890625
0 0.065625 0.8890625 0.0625 0.1875
1 0.93671875 0.67421875 0.0703125 0.1609375
1 0.88671875 0.6734375 0.0640625 0.175
1 0.834375 0.68046875 0.065625 0.1734375
1 0.78984375 0.68046875 0.0671875 0.1671875
1 0.7359375 0.6859375 0.071875 0.18125
1 0.68671875 0.68515625 0.0703125 0.1703125
1 0.63359375 0.68515625 0.0640625 0.1734375
1 0.58359375 0.68984375 0.0671875 0.1703125
1 0.94296875 0.85390625 0.0671875 0.1640625
1 0.8921875 0.84765625 0.065625 0.1671875
1 0.840625 0.85703125 0.0625 0.1703125
1 0.7890625 0.85859375 0.065625 0.1671875
1 0.73984375 0.859375 0.0609375 0.165625
1 0.690625 0.8609375 0.0625 0.159375
1 0.640625 0.85859375 0.0625 0.1640625
1 0.58828125 0.86171875 0.0609375 0.1484375
1 0.425 0.8703125 0.065625 0.15
1 0.371875 0.8703125 0.065625 0.15
1 0.32109375 0.8734375 0.0609375 0.140625
1 0.2734375 0.875 0.065625 0.15625
1 0.22421875 0.8796875 0.0703125 0.165625
1 0.4171875 0.69296875 0.065625 0.1859375
1 0.365625 0.696875 0.071875 0.171875
1 0.3140625 0.70078125 0.0625 0.1609375
1 0.265625 0.7078125 0.0625 0.16875
1 0.21640625 0.6984375 0.0734375 0.178125
1 0.1609375 0.70078125 0.0625 0.1609375
1 0.1140625 0.70625 0.065625 0.175
1 0.06171875 0.70625 0.0703125 0.165625