1 0.22109375 0.05703125 0.0796875 0.1140625
1 0.27734375 0.065625 0.0859375 0.13125
1 0.33125 0.06640625 0.09375 0.1328125
1 0.38828125 0.0703125 0.0921875 0.140625
1 0.44765625 0.07890625 0.0828125 0.1453125
1 0.50078125 0.07734375 0.0921875 0.1546875
1 0.5625 0.08359375 0.08125 0.1453125
1 0.61640625 0.08828125 0.0828125 0.1421875
1 0.1859375 0.3453125 0.078125 0.14375
1 0.23984375 0.34765625 0.0828125 0.1421875
1 0.29609375 0.36015625 0.0828125 0.1453125
1 0.3515625 0.3640625 0.084375 0.15625
1 0.40625 0.371875 0.084375 0.14375
1 0.46484375 0.378125 0.0859375 0.140625
1 0.52265625 0.38203125 0.0828125 0.1484375
1 0.58125 0.3890625 0.08125 0.13125
1 0.16015625 0.54453125 0.0796875 0.1390625
1 0.215625 0.5515625 0.08125 0.140625
1 0.27421875 0.56015625 0.0765625 0.1359375
1 0.3296875 0.565625 0.08125 0.15
1 0.384375 0.57578125 0.084375 0.1546875
1 0.4390625 0.58046875 0.08125 0.1421875
1 0.4984375 0.5921875 0.084375 0.14375
1 0.56015625 0.59609375 0.0796875 0.1453125