0 0.3359375 0.0751953125 0.171875 0.150390625
0 0.458984375 0.1337890625 0.2265625 0.267578125
0 0.9072265625 0.388671875 0.185546875 0.3330078125
0 0.5732421875 0.197265625 0.275390625 0.39453125
0 0.2197265625 0.076171875 0.189453125 0.15234375
1 0.798828125 0.34765625 0.2138671875 0.294921875
1 0.677734375 0.291015625 0.2236328125 0.322265625
1 0.671875 0.892578125 0.1220703125 0.15625
0 0.2763671875 0.677734375 0.2470703125 0.2080078125
1 0.810546875 0.95703125 0.091796875 0.0859375
0 0.0927734375 0.576171875 0.185546875 0.234375