0 0.1015625 0.26171875 0.203125 0.3671875
0 0.638671875 0.189453125 0.255859375 0.3671875
1 0.2734375 0.2470703125 0.275390625 0.396484375
1 0.931640625 0.2119140625 0.1201171875 0.3984375
1 0.8173828125 0.2265625 0.3154296875 0.453125
1 0.4677734375 0.259765625 0.3076171875 0.462890625
0 0.326171875 0.681640625 0.3388671875 0.5595703125
0 0.904296875 0.66796875 0.1904296875 0.486328125
0 0.7646484375 0.6943359375 0.310546875 0.482421875
1 0.5400390625 0.736328125 0.341796875 0.5126953125
1 0.15234375 0.7578125 0.3046875 0.484375