0 0.9365234375 0.1806640625 0.123046875 0.361328125
0 0.376953125 0.197265625 0.134765625 0.3125
1 0.740234375 0.21484375 0.1455078125 0.341796875
1 0.0361328125 0.236328125 0.072265625 0.392578125
1 0.2021484375 0.248046875 0.1640625 0.396484375
1 0.5498046875 0.24609375 0.15625 0.4013671875
0 0.732421875 0.6474609375 0.150390625 0.498046875
0 0.1005859375 0.701171875 0.154296875 0.435546875
0 0.306640625 0.705078125 0.150390625 0.423828125
1 0.52734375 0.72265625 0.173828125 0.4453125
1 0.919921875 0.7197265625 0.1591796875 0.4423828125