0 0.5546875 0.169921875 0.193359375 0.291015625
0 0.697265625 0.189453125 0.197265625 0.296875
0 0.8427734375 0.2060546875 0.2109375 0.2998046875
0 0.142578125 0.1494140625 0.203125 0.298828125
0 0.2685546875 0.162109375 0.208984375 0.318359375
0 0.4072265625 0.181640625 0.2109375 0.296875
1 0.935546875 0.244140625 0.1279296875 0.28125
0 0.455078125 0.4453125 0.3232421875 0.2841796875
0 0.07421875 0.634765625 0.1484375 0.3642578125
0 0.8408203125 0.71875 0.275390625 0.3720703125
0 0.501953125 0.6904296875 0.2548828125 0.3720703125
1 0.921875 0.7314453125 0.134765625 0.2841796875
0 0.1806640625 0.67578125 0.248046875 0.3486328125
0 0.6708984375 0.7236328125 0.2421875 0.337890625
1 0.345703125 0.6982421875 0.228515625 0.318359375