0 0.4990234375 0.115234375 0.185546875 0.23046875
0 0.3408203125 0.1142578125 0.1845703125 0.21875
0 0.1796875 0.1123046875 0.2001953125 0.193359375
0 0.923828125 0.1552734375 0.125 0.310546875
0 0.8173828125 0.154296875 0.205078125 0.30859375
0 0.658203125 0.1416015625 0.2080078125 0.283203125
1 0.060546875 0.1171875 0.12109375 0.18359375
0 0.5458984375 0.4052734375 0.3388671875 0.2919921875
0 0.9248046875 0.7119140625 0.150390625 0.392578125
0 0.095703125 0.611328125 0.1904296875 0.390625
0 0.4365234375 0.662109375 0.248046875 0.400390625
0 0.794921875 0.7216796875 0.2470703125 0.375
0 0.244140625 0.66015625 0.240234375 0.3642578125
1 0.607421875 0.70703125 0.224609375 0.341796875