0 0.525390625 0.2041015625 0.169921875 0.2919921875
0 0.677734375 0.212890625 0.173828125 0.2998046875
0 0.8330078125 0.2099609375 0.1875 0.3046875
0 0.0888671875 0.23046875 0.177734375 0.3046875
0 0.2255859375 0.228515625 0.1796875 0.3203125
0 0.373046875 0.232421875 0.1875 0.2998046875
1 0.9375 0.2412109375 0.103515625 0.2763671875
0 0.4541015625 0.5078125 0.314453125 0.2685546875
0 0.068359375 0.7490234375 0.123046875 0.361328125
0 0.8828125 0.7509765625 0.234375 0.3701171875
0 0.529296875 0.7587890625 0.220703125 0.373046875
1 0.9609375 0.7548828125 0.078125 0.296875
0 0.1884765625 0.7783203125 0.220703125 0.349609375
0 0.7109375 0.775390625 0.2158203125 0.337890625
1 0.3662109375 0.7841796875 0.205078125 0.318359375