0 0.67578125 0.1572265625 0.1923828125 0.138671875
1 0.103515625 0.255859375 0.1826171875 0.1279296875
1 0.8505859375 0.140625 0.189453125 0.134765625
1 0.283203125 0.23828125 0.171875 0.1455078125
0 0.126953125 0.3369140625 0.1826171875 0.158203125
0 0.3076171875 0.333984375 0.177734375 0.1611328125
0 0.849609375 0.2548828125 0.1689453125 0.1279296875
1 0.677734375 0.29296875 0.1875 0.1201171875
0 0.087890625 0.0693359375 0.17578125 0.048828125
1 0.630859375 0.009765625 0.18359375 0.01953125
1 0.3232421875 0.439453125 0.181640625 0.142578125
0 0.130859375 0.4736328125 0.2001953125 0.1376953125
0 0.8837890625 0.36328125 0.169921875 0.107421875
1 0.6904296875 0.4033203125 0.2001953125 0.1376953125
0 0.2568359375 0.052734375 0.173828125 0.064453125
0 0.326171875 0.5361328125 0.197265625 0.1875
0 0.703125 0.4931640625 0.181640625 0.142578125
1 0.154296875 0.5908203125 0.189453125 0.119140625
0 0.884765625 0.4892578125 0.177734375 0.125
1 0.1708984375 0.697265625 0.185546875 0.119140625
0 0.734375 0.6103515625 0.1845703125 0.1484375
0 0.357421875 0.6884765625 0.1767578125 0.1357421875
0 0.9052734375 0.607421875 0.1669921875 0.1201171875
0 0.1845703125 0.7861328125 0.1845703125 0.166015625
0 0.369140625 0.7685546875 0.203125 0.140625
0 0.7529296875 0.7373046875 0.177734375 0.125
0 0.908203125 0.712890625 0.154296875 0.1376953125
1 0.0869140625 0.1435546875 0.173828125 0.1123046875
0 0.244140625 0.123046875 0.2001953125 0.1748046875
0 0.66015625 0.072265625 0.1640625 0.1376953125
0 0.8349609375 0.052734375 0.185546875 0.10546875