0 0.31640625 0.1828125 0.2015625 0.146875
1 0.89453125 0.30390625 0.1890625 0.1359375
1 0.13828125 0.159375 0.1984375 0.140625
1 0.71171875 0.27890625 0.1796875 0.1546875
0 0.86640625 0.3859375 0.1921875 0.165625
0 0.684375 0.3734375 0.190625 0.16875
0 0.13359375 0.2765625 0.1765625 0.1375
1 0.30859375 0.3203125 0.1921875 0.13125
0 0.9125 0.0984375 0.175 0.09375
0 0.18515625 0.00390625 0.1671875 0.0078125
1 0.36796875 0.0234375 0.1921875 0.046875
1 0.66484375 0.4828125 0.1890625 0.15
0 0.8578125 0.5234375 0.209375 0.146875
0 0.09609375 0.38359375 0.1796875 0.1171875
1 0.290625 0.4296875 0.20625 0.146875
0 0.7484375 0.07578125 0.1875 0.1078125
0 0.65625 0.578125 0.209375 0.196875
0 0.27578125 0.5234375 0.1890625 0.15
1 0.83046875 0.63984375 0.1984375 0.1265625
0 0.09140625 0.51171875 0.1828125 0.1328125
1 0.80859375 0.74765625 0.1953125 0.1265625
0 0.23984375 0.640625 0.1921875 0.15625
0 0.62265625 0.73359375 0.1859375 0.1453125
0 0.07578125 0.63046875 0.1515625 0.1265625
0 0.79296875 0.83828125 0.1953125 0.1734375
0 0.60703125 0.8140625 0.2109375 0.15
0 0.2171875 0.76953125 0.1875 0.1328125
0 0.06953125 0.73671875 0.1390625 0.1453125
1 0.91015625 0.18984375 0.1796875 0.1234375
0 0.75390625 0.1625 0.2109375 0.184375
0 0.33515625 0.09609375 0.1734375 0.1453125
0 0.15546875 0.06640625 0.1921875 0.1265625