0 0.67578125 0.15703125 0.1921875 0.1390625
1 0.10390625 0.25625 0.1828125 0.128125
1 0.85078125 0.140625 0.1890625 0.134375
1 0.2828125 0.23828125 0.171875 0.1453125
0 0.12734375 0.33671875 0.1828125 0.1578125
0 0.3078125 0.33359375 0.178125 0.1609375
0 0.85 0.2546875 0.16875 0.128125
1 0.678125 0.29296875 0.1875 0.1203125
0 0.08828125 0.0703125 0.1765625 0.05
1 0.63203125 0.01015625 0.1828125 0.0203125
1 0.3234375 0.43984375 0.18125 0.1421875
0 0.13125 0.4734375 0.2 0.1375
0 0.88359375 0.36328125 0.1703125 0.1078125
1 0.690625 0.403125 0.2 0.1375
0 0.25703125 0.05234375 0.1734375 0.0640625
0 0.3265625 0.5359375 0.196875 0.1875
0 0.703125 0.49296875 0.18125 0.1421875
1 0.15390625 0.590625 0.1890625 0.11875
0 0.884375 0.4890625 0.178125 0.125
1 0.17109375 0.696875 0.1859375 0.11875
0 0.734375 0.61015625 0.184375 0.1484375
0 0.35703125 0.68828125 0.1765625 0.1359375
0 0.90546875 0.60703125 0.1671875 0.1203125
0 0.184375 0.7859375 0.184375 0.165625
0 0.36875 0.76875 0.203125 0.140625
0 0.753125 0.7375 0.178125 0.125
0 0.90859375 0.7125 0.1546875 0.1375
1 0.08671875 0.14375 0.1734375 0.1125
0 0.24375 0.1234375 0.2 0.175
0 0.66015625 0.071875 0.1640625 0.1375
0 0.83515625 0.053125 0.1859375 0.10625