0 0.271484375 0.201171875 0.2216796875 0.1875
1 0.837890625 0.2197265625 0.208984375 0.173828125
1 0.126953125 0.21484375 0.166015625 0.169921875
1 0.6611328125 0.2275390625 0.2060546875 0.189453125
0 0.8251953125 0.30078125 0.21875 0.201171875
0 0.650390625 0.3232421875 0.2158203125 0.203125
0 0.115234375 0.3193359375 0.193359375 0.169921875
1 0.2861328125 0.333984375 0.212890625 0.169921875
0 0.15234375 0.0400390625 0.1142578125 0.080078125
1 0.287109375 0.044921875 0.2158203125 0.0888671875
1 0.6484375 0.427734375 0.212890625 0.1875
0 0.841796875 0.4326171875 0.2294921875 0.1904296875
0 0.0966796875 0.4296875 0.193359375 0.1533203125
1 0.2900390625 0.439453125 0.2294921875 0.1904296875
0 0.6552734375 0.052734375 0.1923828125 0.0986328125
0 0.658203125 0.51953125 0.2421875 0.236328125
0 0.2900390625 0.5302734375 0.2138671875 0.189453125
1 0.8369140625 0.5498046875 0.2138671875 0.1689453125
0 0.1142578125 0.552734375 0.2060546875 0.169921875
1 0.8310546875 0.6552734375 0.212890625 0.1669921875
0 0.275390625 0.6484375 0.2158203125 0.193359375
0 0.650390625 0.671875 0.2080078125 0.181640625
0 0.1083984375 0.6689453125 0.1923828125 0.162109375
0 0.830078125 0.744140625 0.2265625 0.212890625
0 0.650390625 0.75 0.2314453125 0.1904296875
0 0.275390625 0.7744140625 0.2060546875 0.169921875
0 0.119140625 0.771484375 0.1875 0.1748046875
1 0.8369140625 0.1201171875 0.201171875 0.140625
0 0.681640625 0.1162109375 0.236328125 0.2109375
0 0.2744140625 0.1171875 0.1953125 0.177734375
0 0.13671875 0.125 0.138671875 0.150390625