1 0.0927734375 0.5166015625 0.185546875 0.392578125
1 0.3857421875 0.41796875 0.240234375 0.357421875
1 0.580078125 0.365234375 0.234375 0.3212890625
1 0.7421875 0.3134765625 0.275390625 0.3330078125
1 0.8798828125 0.25390625 0.240234375 0.33984375
1 0.166015625 0.8369140625 0.296875 0.3251953125
1 0.37109375 0.806640625 0.2880859375 0.3857421875
1 0.572265625 0.74609375 0.32421875 0.34375
1 0.73046875 0.6650390625 0.30859375 0.318359375
1 0.8857421875 0.5888671875 0.228515625 0.283203125
0 0.22265625 0.4501953125 0.2490234375 0.3759765625