0 0.5439453125 0.310546875 0.291015625 0.2939453125
0 0.1962890625 0.8232421875 0.267578125 0.353515625
0 0.91796875 0.7626953125 0.1640625 0.302734375
0 0.58984375 0.8251953125 0.21875 0.349609375
0 0.119140625 0.8427734375 0.166015625 0.314453125
0 0.82421875 0.783203125 0.2421875 0.328125
0 0.9814453125 0.74609375 0.037109375 0.2763671875
0 0.7109375 0.806640625 0.203125 0.326171875
0 0.33984375 0.849609375 0.220703125 0.2998046875
0 0.451171875 0.8466796875 0.212890625 0.306640625
0 0.3818359375 0.107421875 0.1982421875 0.212890625
0 0.623046875 0.1025390625 0.2001953125 0.205078125
1 0.515625 0.119140625 0.21875 0.2373046875
0 0.255859375 0.13671875 0.162109375 0.201171875
0 0.16015625 0.162109375 0.1796875 0.208984375
0 0.056640625 0.197265625 0.1123046875 0.2109375
0 0.8603515625 0.103515625 0.154296875 0.20703125
0 0.759765625 0.1201171875 0.216796875 0.240234375