0 0.50390625 0.306640625 0.2734375 0.2763671875
0 0.828125 0.8115234375 0.255859375 0.376953125
0 0.11328125 0.7578125 0.2265625 0.3408203125
0 0.455078125 0.80078125 0.208984375 0.3486328125
0 0.896484375 0.8291015625 0.1484375 0.341796875
0 0.23046875 0.779296875 0.2421875 0.361328125
0 0.0546875 0.736328125 0.109375 0.328125
0 0.33984375 0.80078125 0.2080078125 0.361328125
0 0.6943359375 0.8369140625 0.2080078125 0.3232421875
0 0.5869140625 0.833984375 0.201171875 0.3310546875
0 0.654296875 0.11328125 0.189453125 0.205078125
0 0.423828125 0.1044921875 0.1923828125 0.208984375
1 0.5283203125 0.1181640625 0.2060546875 0.236328125
0 0.775390625 0.140625 0.1533203125 0.193359375
0 0.8671875 0.166015625 0.1689453125 0.2001953125
0 0.9521484375 0.1943359375 0.095703125 0.1982421875
0 0.1728515625 0.1044921875 0.2138671875 0.208984375
0 0.296875 0.119140625 0.203125 0.23828125
0 0.1103515625 0.115234375 0.111328125 0.23046875