0 0.5869140625 0.337890625 0.2548828125 0.2578125
0 0.099609375 0.658203125 0.19921875 0.3828125
0 0.7412109375 0.8671875 0.2080078125 0.265625
0 0.4267578125 0.7919921875 0.1875 0.3310546875
0 0.0419921875 0.63671875 0.083984375 0.341796875
0 0.6337890625 0.845703125 0.2236328125 0.3076171875
0 0.8447265625 0.8818359375 0.1923828125 0.236328125
0 0.5244140625 0.8330078125 0.189453125 0.333984375
0 0.201171875 0.724609375 0.189453125 0.3095703125
0 0.296875 0.765625 0.181640625 0.3154296875
0 0.5302734375 0.0986328125 0.173828125 0.197265625
0 0.7451171875 0.1650390625 0.171875 0.251953125
1 0.6455078125 0.142578125 0.1875 0.259765625
0 0.4150390625 0.083984375 0.138671875 0.1669921875
0 0.3232421875 0.0771484375 0.15625 0.154296875
0 0.1923828125 0.064453125 0.171875 0.1279296875
0 0.9423828125 0.255859375 0.115234375 0.2841796875
0 0.857421875 0.22265625 0.1796875 0.298828125