1 0.6984058296875 0.9984375 0.77564719375 0.7831597234375 0.574670875 0.716700296875 0.3921312796875 0.996273159375 0.6984058296875 0.9984375
1 0.399481940625 0.9984375 0.5780368984375001 0.7239276968749999 0.40683250937500004 0.6660174546875 0.18263956875 0.9161616046875001 0.399481940625 0.9984375
1 0.1899901375 0.917796634375 0.4187231734375 0.6769505734375 0.26349600624999997 0.6316840921875 0.0123509515625 0.8278755296875 0.1899901375 0.917796634375
1 0 0.8133721125 0.0000999734375 0.8213357890624999 0.0246019296875 0.8474946296875 0.26860062500000004 0.6320159328125 0.143436475 0.5842709968750001 0 0.6877790671875 0 0.8133721125
1 0.1324105765625 0.5973504796875 0.25940944843749997 0.6422283515625 0.42888421406250005 0.51396905625 0.307599603125 0.47963556875 0.1324105765625 0.5973504796875
1 0.43010938593750003 0.500889634375 0.2610458484375 0.6251442265625 0.40683250937500004 0.6856366171875 0.5575194859375 0.53849299375 0.43010938593750003 0.500889634375
1 0.5379179390625 0.52868344375 0.40034082031249996 0.6687806390625 0.5807963640625 0.736319396875 0.6873798375 0.56792170625 0.5379179390625 0.52868344375
1 0.6702285421874999 0.564651896875 0.5703775859375 0.717800246875 0.7719117 0.7870023015625 0.8417422390624999 0.603890159375 0.6702285421874999 0.564651896875
1 0.9984375 0.6463983546875001 0.8258159296875001 0.594080609375 0.7649241546875001 0.7749897890625 0.9984375 0.8523994671875 0.9984375 0.6463983546875001
1 0.9984375 0.8376850796875001 0.7706865281249999 0.7673830765625 0.6898628796875 0.9976205078125 0.9984375 0.996273159375 0.9984375 0.8376850796875001
1 0.138536065625 0.6104299015625 0.31608837031250003 0.4972120109375 0.21081685625 0.46001640625 0.020926692187500002 0.5662868015625 0.138536065625 0.6104299015625
1 0.79641198125 0.37356859062500003 0.7561682015625 0.43547892343749994 0.88475380625 0.45296713750000006 0.9123982296875001 0.38479667968750003 0.79641198125 0.37356859062500003
1 0.762931221875 0.4394866390625 0.8066283671875001 0.3759746015625 0.6990556828125001 0.362340534375 0.64556975 0.4224909390625 0.762931221875 0.4394866390625
1 0.6554743390625 0.42545963281250004 0.7038633296875 0.3655485375 0.6095118562499999 0.3551224734375 0.541602846875 0.41126291249999997 0.6581900046875 0.42970896875 0.6554743390625 0.42545963281250004
1 0.548213453125 0.414470884375 0.6133933218750001 0.3573284625 0.5295835484375 0.344696409375 0.4454484609375 0.3960247359375 0.548213453125 0.414470884375
1 0.590280996875 0.3005861125 0.5254740531250001 0.3453053140625 0.6107138125 0.362340534375 0.6684064359375 0.31261619375 0.590280996875 0.3005861125
1 0.6629977421875 0.31261619375 0.6021216203125 0.3573284625 0.7002575953125 0.371964575 0.7477337859375 0.321438240625 0.6629977421875 0.31261619375
1 0.7417241375 0.31422021093749997 0.6960524625 0.36334003593749997 0.80422454375 0.38479667968750003 0.8354747015624999 0.32865630156250003 0.7417241375 0.31422021093749997
1 0.828263140625 0.326250290625 0.7929890921875 0.37235739687499997 0.9063885796875001 0.3880046828125 0.9244175265625 0.3374783484375 0.828263140625 0.326250290625
1 0.447852284375 0.3422903984375 0.5314856265625 0.3443033859375 0.593285821875 0.30620015624999997 0.5127565125 0.298180103125 0.447852284375 0.3422903984375
1 0.4532609765625 0.402440803125 0.528479840625 0.3453053140625 0.5337902859375 0.3430923921875 0.452059065625 0.3342703453125 0.361313371875 0.3872026890625 0.4532609765625 0.402440803125