1 0.7671057546875 0.7113071015625 0.8627387593750001 0.72474744375 0.8771233531249999 0.5761361359375 0.79393820625 0.5670654234375 0.7671057546875 0.7113071015625
0 0.41925829531250003 0.8386606203125 0.5198804734375 0.851295840625 0.540640496875 0.7035806 0.4452203578125 0.6911830671875 0.41925829531250003 0.8386606203125
1 0.18711770625 0.16584589375 0.27956299218749997 0.17883823125 0.29789874375 0.0368076734375 0.2017842078125 0.0227995703125 0.18711770625 0.16584589375
0 0.32277279999999997 0.3686830484375 0.41501036874999997 0.3831525 0.434176525 0.2352133109375 0.34332521875 0.22244499375000001 0.32277279999999997 0.3686830484375
0 0.7364927453125001 0.44339718125000005 0.7589135609375 0.28386479375 0.6674221765625 0.26701289687499996 0.6474427734375 0.4293757203125 0.7364927453125001 0.44339718125000005
1 0.684409396875 0.23573568281249999 0.7005284921875 0.097912565625 0.611303234375 0.087880965625 0.5907854515625 0.21956505625 0.684409396875 0.23573568281249999
1 0.7051520124999999 0.7010936515624999 0.72674243125 0.5474698359375 0.62505255625 0.53956646875 0.607509834375 0.6903835484374999 0.7051520124999999 0.7010936515624999
1 0.221441825 0.6270873984375 0.2433805140625 0.482550415625 0.14352645625 0.4662469515625 0.1226209796875 0.613199034375 0.221441825 0.6270873984375
1 0.18675881875 0.8044786453125001 0.2063401765625 0.653585140625 0.1143836296875 0.644686996875 0.0961151109375 0.7902331984375001 0.18675881875 0.8044786453125001
1 0.5192682921875 0.20800769843750003 0.5389903140625 0.06767821562500001 0.44917460625 0.0556862109375 0.4295956515625 0.198417640625 0.5192682921875 0.20800769843750003
1 0.6792688140625 0.8736964109375001 0.702038009375 0.7232509281249999 0.60465974375 0.7135908109375 0.5836358078125 0.86025606875 0.6792688140625 0.8736964109375001
1 0.46807856562500005 0.6647624828125 0.48169956718750007 0.510018640625 0.38788646718750003 0.5062349484374999 0.3646837484375 0.6487249265624999 0.46807856562500005 0.6647624828125
1 0.390185859375 0.6523090140625001 0.4060235125 0.4933577859375 0.302187796875 0.4941907859375 0.2829803984375 0.6402549375000001 0.390185859375 0.6523090140625001
1 0.268788346875 0.35958966718749996 0.2861529171875 0.21290364374999998 0.18061334843750002 0.202360003125 0.156593709375 0.34834071093749996 0.268788346875 0.35958966718749996
1 0.34585065625 0.3779517078125 0.364112571875 0.21331585 0.259118096875 0.2077476890625 0.24003145468749998 0.3675987625 0.34585065625 0.3779517078125
1 0.8440616562500001 0.8923375046875 0.8598323703125 0.7454274796875 0.7638397828125 0.73784391875 0.7398364296875 0.882208634375 0.8440616562500001 0.8923375046875
1 0.9276508015625 0.2744400359375 0.9438367187500001 0.12457566718749999 0.8549669968750001 0.11836205 0.832433 0.258045378125 0.9276508015625 0.2744400359375
1 0.8419961546874999 0.2593893921875 0.8663593296875 0.1091679578125 0.773513659375 0.10503271875 0.7555113484375 0.2502474125 0.8419961546874999 0.2593893921875
1 0.62448666875 0.6852378453125 0.6390788453125 0.535149521875 0.54680715625 0.5323334203125001 0.5286460609375 0.673274690625 0.62448666875 0.6852378453125