1 0.574670875 0.716700296875 0.39213127968750006 0.996273159375 0.6984058296875001 0.9984375000000001 0.77564719375 0.7831597234375001 0.574670875 0.716700296875
1 0.40683250937500004 0.6660174546875001 0.18263956875 0.9161616046875001 0.3994819406250001 0.9984375000000001 0.5780368984375001 0.723927696875 0.40683250937500004 0.6660174546875001
1 0.26349600624999997 0.6316840921875001 0.012350951562500002 0.8278755296875 0.18999013750000002 0.9177966343750001 0.4187231734375 0.6769505734375 0.26349600624999997 0.6316840921875001
1 0 0.6877790671135959 0 0.813372113041337 0.00009997343749999985 0.8213357890625 0.024601929687500003 0.8474946296875001 0.26860062500000004 0.6320159328125001 0.143436475 0.5842709968750001 0 0.6877790671135959
1 0.42888421406250005 0.51396905625 0.307599603125 0.47963556875 0.1324105765625 0.5973504796875 0.25940944843749997 0.6422283515625 0.42888421406250005 0.51396905625
1 0.40683250937500004 0.6856366171875 0.5575194859375 0.53849299375 0.43010938593750003 0.500889634375 0.2610458484375 0.6251442265625 0.40683250937500004 0.6856366171875
1 0.5807963640625 0.736319396875 0.6873798375 0.56792170625 0.5379179390625 0.52868344375 0.4003408203125 0.6687806390625001 0.5807963640625 0.736319396875
1 0.7719117 0.7870023015625001 0.8417422390625 0.6038901593750001 0.6702285421875 0.564651896875 0.5703775859375 0.717800246875 0.7719117 0.7870023015625001
1 0.7649241546875001 0.7749897890625 0.9984375000000001 0.8523994671875 0.9984375000000001 0.6463983546875001 0.8258159296875001 0.5940806093750001 0.7649241546875001 0.7749897890625
1 0.6898628796875 0.9976205078125 0.9984375000000001 0.996273159375 0.9984375000000001 0.8376850796875002 0.770686528125 0.7673830765625 0.6898628796875 0.9976205078125
1 0.21081685625000002 0.46001640625000007 0.020926692187500002 0.5662868015625001 0.138536065625 0.6104299015625001 0.31608837031250003 0.4972120109375 0.21081685625000002 0.46001640625000007
1 0.88475380625 0.45296713750000006 0.9123982296875002 0.38479667968750003 0.79641198125 0.37356859062500003 0.7561682015625001 0.4354789234375 0.88475380625 0.45296713750000006
1 0.6990556828125001 0.362340534375 0.64556975 0.4224909390625 0.7629312218750001 0.4394866390625001 0.8066283671875001 0.37597460156250007 0.6990556828125001 0.362340534375
1 0.541602846875 0.4112629125 0.6581900046875 0.42970896875 0.6554743390625001 0.42545963281250004 0.7038633296875001 0.36554853750000005 0.60951185625 0.35512247343750003 0.541602846875 0.4112629125
1 0.5295835484375 0.344696409375 0.4454484609375 0.3960247359375 0.548213453125 0.414470884375 0.6133933218750001 0.3573284625 0.5295835484375 0.344696409375
1 0.6107138125 0.362340534375 0.6684064359375 0.31261619375000005 0.590280996875 0.3005861125 0.5254740531250001 0.3453053140625 0.6107138125 0.362340534375
1 0.7002575953125 0.371964575 0.7477337859375001 0.32143824062500004 0.6629977421875001 0.31261619375000005 0.6021216203125 0.3573284625 0.7002575953125 0.371964575
1 0.8042245437500001 0.38479667968750003 0.8354747015625 0.32865630156250003 0.7417241375 0.3142202109375 0.6960524625 0.3633400359375 0.8042245437500001 0.38479667968750003
1 0.9063885796875001 0.3880046828125 0.9244175265625 0.3374783484375 0.828263140625 0.326250290625 0.7929890921875 0.372357396875 0.9063885796875001 0.3880046828125
1 0.593285821875 0.30620015625 0.5127565125000001 0.298180103125 0.4478522843750001 0.34229039843750003 0.5314856265625 0.3443033859375 0.593285821875 0.30620015625
1 0.452059065625 0.3342703453125 0.361313371875 0.3872026890625 0.4532609765625 0.402440803125 0.5284798406250001 0.3453053140625 0.5337902859375 0.3430923921875 0.452059065625 0.3342703453125