1 0.877123353125 0.5761361359375 0.79393820625 0.5670654234375 0.7671057546875 0.7113071015625 0.8627387593750001 0.7247474437500001 0.877123353125 0.5761361359375
0 0.540640496875 0.7035806 0.4452203578125 0.6911830671875001 0.41925829531250003 0.8386606203125 0.5198804734375 0.8512958406250001 0.540640496875 0.7035806
1 0.29789874375 0.0368076734375 0.20178420781250003 0.022799570312500003 0.18711770625000002 0.16584589375000003 0.27956299218749997 0.17883823125 0.29789874375 0.0368076734375
0 0.43417652500000004 0.2352133109375 0.34332521875 0.22244499375000004 0.3227728 0.36868304843750005 0.41501036874999997 0.3831525 0.43417652500000004 0.2352133109375
0 0.6674221765625 0.267012896875 0.6474427734375001 0.4293757203125 0.7364927453125001 0.44339718125000005 0.7589135609375001 0.28386479375 0.6674221765625 0.267012896875
1 0.611303234375 0.087880965625 0.5907854515625001 0.21956505625 0.684409396875 0.2357356828125 0.7005284921875 0.097912565625 0.611303234375 0.087880965625
1 0.62505255625 0.53956646875 0.6075098343750001 0.6903835484375 0.7051520125 0.7010936515625 0.72674243125 0.5474698359375 0.62505255625 0.53956646875
1 0.14352645625000002 0.46624695156250007 0.12262097968750002 0.613199034375 0.221441825 0.6270873984375 0.24338051406250003 0.482550415625 0.14352645625000002 0.46624695156250007
1 0.1143836296875 0.644686996875 0.09611511093750001 0.7902331984375001 0.18675881875 0.8044786453125001 0.20634017656250003 0.6535851406250001 0.1143836296875 0.644686996875
1 0.44917460625 0.05568621093750001 0.4295956515625 0.198417640625 0.5192682921875 0.20800769843750003 0.5389903140625 0.06767821562500001 0.44917460625 0.05568621093750001
1 0.6046597437500001 0.7135908109375001 0.5836358078125 0.86025606875 0.6792688140625001 0.8736964109375001 0.702038009375 0.723250928125 0.6046597437500001 0.7135908109375001
1 0.38788646718750003 0.5062349484375 0.36468374843750007 0.6487249265625 0.46807856562500005 0.6647624828125 0.48169956718750007 0.510018640625 0.38788646718750003 0.5062349484375
1 0.302187796875 0.49419078593750004 0.2829803984375 0.6402549375000001 0.39018585937500005 0.6523090140625001 0.4060235125 0.4933577859375 0.302187796875 0.49419078593750004
1 0.18061334843750002 0.20236000312500002 0.156593709375 0.3483407109375 0.26878834687500003 0.3595896671875 0.2861529171875 0.21290364375 0.18061334843750002 0.20236000312500002
1 0.259118096875 0.2077476890625 0.24003145468749998 0.3675987625 0.34585065625000005 0.37795170781250004 0.364112571875 0.21331585 0.259118096875 0.2077476890625
1 0.7638397828125001 0.73784391875 0.7398364296875001 0.882208634375 0.8440616562500001 0.8923375046875001 0.8598323703125001 0.7454274796875 0.7638397828125001 0.73784391875
1 0.8549669968750001 0.11836205 0.832433 0.258045378125 0.9276508015625 0.27444003593750005 0.9438367187500001 0.1245756671875 0.8549669968750001 0.11836205
1 0.773513659375 0.10503271875 0.7555113484375 0.2502474125 0.8419961546875 0.2593893921875 0.8663593296875001 0.1091679578125 0.773513659375 0.10503271875
1 0.54680715625 0.5323334203125001 0.5286460609375 0.673274690625 0.62448666875 0.6852378453125 0.6390788453125 0.5351495218750001 0.54680715625 0.5323334203125001