0 0.931640625 0.2158203125 0.1220703125 0.384765625
0 0.59765625 0.2763671875 0.1513671875 0.3876953125
0 0.474609375 0.2958984375 0.1484375 0.361328125
0 0.7275390625 0.2724609375 0.1455078125 0.3984375
0 0.224609375 0.3310546875 0.1640625 0.3623046875
0 0.3544921875 0.3203125 0.150390625 0.3466796875
0 0.8466796875 0.275390625 0.1533203125 0.359375
1 0.263671875 0.701171875 0.146484375 0.365234375
1 0.638671875 0.6669921875 0.146484375 0.3623046875
1 0.515625 0.681640625 0.1435546875 0.3701171875
1 0.3916015625 0.7001953125 0.158203125 0.3720703125
1 0.771484375 0.669921875 0.1484375 0.3876953125
1 0.958984375 0.654296875 0.0810546875 0.396484375
1 0.88671875 0.66796875 0.1513671875 0.392578125