0 0.9189453125 0.3486328125 0.162109375 0.455078125
0 0.9091796875 0.810546875 0.171875 0.3779296875
0 0.7548828125 0.802734375 0.1845703125 0.3935546875
0 0.3017578125 0.3349609375 0.1845703125 0.4609375
1 0.7744140625 0.34375 0.185546875 0.453125
1 0.6162109375 0.33984375 0.1826171875 0.4580078125
1 0.45703125 0.3359375 0.1796875 0.447265625
1 0.140625 0.330078125 0.1845703125 0.4404296875
1 0.595703125 0.80859375 0.181640625 0.3828125
1 0.4423828125 0.8017578125 0.181640625 0.396484375
1 0.283203125 0.798828125 0.1796875 0.3935546875
1 0.126953125 0.794921875 0.181640625 0.390625