0 0.1640625 0.169921875 0.109375 0.111328125
0 0.162109375 0.337890625 0.1064453125 0.1044921875
0 0.162109375 0.50390625 0.1044921875 0.1044921875
0 0.2568359375 0.59375 0.1044921875 0.0908203125
0 0.1611328125 0.677734375 0.1064453125 0.111328125
0 0.482421875 0.2451171875 0.1044921875 0.109375
0 0.8876953125 0.0810546875 0.1064453125 0.099609375
0 0.580078125 0.3369140625 0.1044921875 0.1015625
0 0.4814453125 0.421875 0.103515625 0.0966796875
0 0.58203125 0.5087890625 0.0986328125 0.1015625
0 0.482421875 0.5888671875 0.103515625 0.1123046875
0 0.583984375 0.6796875 0.111328125 0.103515625
0 0.7919921875 0.6796875 0.099609375 0.103515625
0 0.482421875 0.787109375 0.1064453125 0.138671875
0 0.7919921875 0.765625 0.1064453125 0.0966796875
0 0.892578125 0.5986328125 0.1064453125 0.1064453125
0 0.791015625 0.849609375 0.109375 0.1015625
0 0.482421875 0.91015625 0.1123046875 0.138671875
1 0.2587890625 0.078125 0.1044921875 0.1123046875
1 0.2568359375 0.171875 0.107421875 0.119140625
1 0.255859375 0.259765625 0.103515625 0.1123046875
1 0.259765625 0.337890625 0.103515625 0.1201171875
1 0.2587890625 0.42578125 0.1015625 0.1142578125
1 0.255859375 0.501953125 0.1064453125 0.109375
1 0.4853515625 0.08203125 0.1015625 0.107421875
1 0.58203125 0.08203125 0.1015625 0.0986328125
1 0.58203125 0.16796875 0.1015625 0.1015625
1 0.7880859375 0.169921875 0.1044921875 0.107421875
1 0.7890625 0.2587890625 0.1064453125 0.095703125
1 0.7890625 0.337890625 0.103515625 0.1015625
1 0.8818359375 0.1689453125 0.107421875 0.103515625
1 0.88671875 0.2568359375 0.1044921875 0.1044921875
1 0.7880859375 0.423828125 0.1015625 0.095703125
1 0.787109375 0.595703125 0.1142578125 0.09375
1 0.8896484375 0.685546875 0.1015625 0.1044921875
1 0.892578125 0.7646484375 0.0986328125 0.111328125
1 0.890625 0.84765625 0.099609375 0.0986328125
1 0.8896484375 0.93359375 0.0986328125 0.1044921875
1 0.791015625 0.935546875 0.1064453125 0.099609375
1 0.5830078125 0.2421875 0.0966796875 0.0966796875
1 0.1591796875 0.5869140625 0.1064453125 0.0986328125
1 0.1591796875 0.4091796875 0.103515625 0.1123046875
1 0.1611328125 0.25390625 0.103515625 0.0986328125
1 0.166015625 0.083984375 0.0966796875 0.0908203125