0 0.1640625 0.16953125 0.109375 0.1109375
0 0.1625 0.33828125 0.10625 0.1046875
0 0.16171875 0.50390625 0.1046875 0.1046875
0 0.25703125 0.59375 0.1046875 0.090625
0 0.1609375 0.67734375 0.10625 0.1109375
0 0.48203125 0.2453125 0.1046875 0.109375
0 0.8875 0.08125 0.10625 0.1
0 0.58046875 0.33671875 0.1046875 0.1015625
0 0.48125 0.421875 0.103125 0.096875
0 0.58203125 0.50859375 0.0984375 0.1015625
0 0.4828125 0.5890625 0.103125 0.1125
0 0.58359375 0.6796875 0.1109375 0.103125
0 0.7921875 0.6796875 0.1 0.103125
0 0.4828125 0.78671875 0.10625 0.1390625
0 0.7921875 0.765625 0.10625 0.096875
0 0.8921875 0.5984375 0.10625 0.10625
0 0.790625 0.84921875 0.109375 0.1015625
0 0.4828125 0.91015625 0.1125 0.1390625
1 0.25859375 0.078125 0.1046875 0.1125
1 0.25703125 0.171875 0.1078125 0.11875
1 0.25625 0.259375 0.103125 0.1125
1 0.259375 0.33828125 0.103125 0.1203125
1 0.25859375 0.42578125 0.1015625 0.1140625
1 0.25625 0.5015625 0.10625 0.109375
1 0.48515625 0.08203125 0.1015625 0.1078125
1 0.58203125 0.08203125 0.1015625 0.0984375
1 0.58203125 0.16796875 0.1015625 0.1015625
1 0.78828125 0.16953125 0.1046875 0.1078125
1 0.7890625 0.25859375 0.10625 0.0953125
1 0.7890625 0.33828125 0.103125 0.1015625
1 0.88203125 0.16875 0.1078125 0.103125
1 0.88671875 0.25703125 0.1046875 0.1046875
1 0.78828125 0.42421875 0.1015625 0.0953125
1 0.78671875 0.5953125 0.1140625 0.09375
1 0.88984375 0.68515625 0.1015625 0.1046875
1 0.89296875 0.76484375 0.0984375 0.1109375
1 0.890625 0.84765625 0.1 0.0984375
1 0.88984375 0.93359375 0.0984375 0.1046875
1 0.790625 0.9359375 0.10625 0.1
1 0.5828125 0.2421875 0.096875 0.096875
1 0.159375 0.58671875 0.10625 0.0984375
1 0.159375 0.409375 0.103125 0.1125
1 0.1609375 0.25390625 0.103125 0.0984375
1 0.165625 0.084375 0.096875 0.090625