1 0.090625 0.7328125 0.16875 0.340625
1 0.71875 0.63671875 0.190625 0.3609375
1 0.18515625 0.72265625 0.1859375 0.3546875
1 0.9125 0.6015625 0.175 0.396875
1 0.8296875 0.64375 0.1875 0.353125
1 0.50703125 0.69375 0.2078125 0.384375
0 0.615625 0.6765625 0.175 0.35
1 0.30078125 0.7265625 0.1890625 0.35625
0 0.4078125 0.72109375 0.18125 0.3828125
0 0.2265625 0.221875 0.178125 0.34375
0 0.1125 0.24296875 0.1625 0.3234375
0 0.54296875 0.19296875 0.1890625 0.3859375
0 0.0484375 0.27578125 0.096875 0.3421875
0 0.3265625 0.2265625 0.1875 0.396875
0 0.65078125 0.18125 0.2015625 0.3625
0 0.7546875 0.171875 0.2 0.34375
1 0.86015625 0.17265625 0.1890625 0.3453125
1 0.43828125 0.24375 0.1703125 0.321875