1 0.111328125 0.546875 0.1689453125 0.302734375
1 0.6572265625 0.734375 0.1669921875 0.3154296875
1 0.1982421875 0.580078125 0.166015625 0.310546875
1 0.8369140625 0.798828125 0.1923828125 0.349609375
1 0.048828125 0.53125 0.09765625 0.26953125
1 0.7392578125 0.7880859375 0.166015625 0.310546875
1 0.4658203125 0.6943359375 0.1845703125 0.3388671875
0 0.5576171875 0.7255859375 0.15625 0.3076171875
1 0.2890625 0.634765625 0.166015625 0.310546875
0 0.375 0.671875 0.1591796875 0.333984375
0 0.439453125 0.205078125 0.1611328125 0.310546875
0 0.345703125 0.177734375 0.1435546875 0.287109375
0 0.705078125 0.3134765625 0.1689453125 0.3515625
1 0.16015625 0.1337890625 0.1484375 0.267578125
0 0.251953125 0.162109375 0.1455078125 0.3046875
0 0.517578125 0.2529296875 0.166015625 0.3466796875
0 0.794921875 0.349609375 0.1767578125 0.3310546875
0 0.8779296875 0.3857421875 0.177734375 0.3095703125
1 0.939453125 0.4248046875 0.1201171875 0.318359375
1 0.59765625 0.314453125 0.1513671875 0.283203125