0 0.6923828125 0.302734375 0.15625 0.400390625
0 0.392578125 0.3095703125 0.134765625 0.384765625
1 0.240234375 0.3232421875 0.134765625 0.337890625
0 0.08203125 0.328125 0.138671875 0.396484375
1 0.546875 0.3427734375 0.125 0.3203125
1 0.8447265625 0.3447265625 0.111328125 0.341796875
0 0.9248046875 0.7177734375 0.150390625 0.361328125
1 0.4658203125 0.720703125 0.134765625 0.337890625
1 0.7783203125 0.7275390625 0.146484375 0.3017578125
1 0.158203125 0.732421875 0.154296875 0.357421875
0 0.326171875 0.74609375 0.154296875 0.4326171875
0 0.6337890625 0.7578125 0.173828125 0.40625