1 0.808997725 0.6887160484375 0.758839465625 0.952028621875 0.9984375 0.9697476984375 0.99629995 0.6951013359375 0.808997725 0.6887160484375
1 0.7959731031249999 0.9741775234375 0.822438584375 0.6887160484375 0.6044411828125 0.6611396968750001 0.35720850625 0.8530967921875 0.7959731031249999 0.9741775234375
1 0.3757754 0.8663861562499999 0.607384821875 0.6665799109375 0.4275671734375 0.6389907953125 0.0962949578125 0.78812676875 0.3757754 0.8663861562499999
1 0 0.7242284484375 0.1060669984375 0.7969863078125 0.4326536390625 0.6444437734374999 0.28978140625000004 0.6301312 0 0.72265773125 0 0.7242284484375
1 0 0.725958534375 0.31091747812500004 0.6316540859375 0.1775530984375 0.6128139234375001 0 0.65446300625 0 0.725958534375
1 0 0.67023496875 0.1948487984375 0.6201389296875 0.07713327812500001 0.6039612359375 0 0.6216935234375 0 0.67023496875
1 0.9984375 0.6194534375 0.9663913796875001 0.5882508953125 0.8286331203125 0.5882508953125 0.8215986296875 0.627225190625 0.9980464343750001 0.6369688140624999 0.9984375 0.6194534375
1 0.8357793609374999 0.589575621875 0.708461021875 0.583822 0.67094386875 0.6183673984375 0.8356675671874999 0.628996721875 0.8357793609374999 0.589575621875
1 0.71923373125 0.5851492781250001 0.60573051875 0.575849975 0.53890314375 0.6077380421874999 0.683109609375 0.6183673984375 0.71923373125 0.5851492781250001
1 0.6129499796875 0.57961635 0.5049032140625 0.574964209375 0.424593053125 0.597994453125 0.55179964375 0.6121669390625 0.6129499796875 0.57961635
1 0.5105675453125 0.578089709375 0.4214039875 0.568381609375 0.33761380625 0.5885966812500001 0.4358384234375 0.60030015 0.5105675453125 0.578089709375
1 0.349516746875 0.5928524828125 0.42956791718750004 0.5701146734375 0.34775645 0.5635938203124999 0.235097396875 0.585404834375 0.349516746875 0.5928524828125
1 0.2424906421875 0.5907245921875 0.3520900125 0.56612715625 0.28227338125 0.5588060515625 0.1562360546875 0.5816810015625 0.2424906421875 0.5907245921875