1 0.661793365625 0.1639097296875 0.6021288874999999 0.25999572031249996 0.6143085359375 0.32496255937499996 0.6792876859375 0.22901616875 0.661793365625 0.1639097296875
0 0.53308455 0.264996090625 0.42087888749999997 0.23217037812500002 0.43061740468750004 0.3026893125 0.5343341296874999 0.34723580625 0.53308455 0.264996090625
0 0.41812140781249996 0.23072953593749998 0.3536913875 0.3263484609375 0.3718861578125 0.40206230625000006 0.443113403125 0.3078292828125 0.41812140781249996 0.23072953593749998
0 0.3144045859375 0.3558024453125 0.1833788875 0.3092251734375 0.186945446875 0.369509053125 0.293161428125 0.39520896875 0.3144045859375 0.3558024453125
0 0.33689742031250003 0.55283513125 0.23494138750000002 0.5275470906249999 0.24692617968750002 0.587101684375 0.3518925796875 0.628221575 0.33689742031250003 0.55283513125
0 0.325651003125 0.49286866093750004 0.2208788875 0.47617722812499996 0.22568302031249998 0.5254219140624999 0.329399840625 0.5579751 0.325651003125 0.49286866093750004
0 0.1958788875 0.379858734375 0.2094381859375 0.43804216093750004 0.31815342343749997 0.45860210625000003 0.30940616875 0.39178229999999997 0.1958788875 0.379858734375
0 0.20837888750000003 0.414105309375 0.22193418281250002 0.49286866093750004 0.33689742031250003 0.5151419078125 0.325651003125 0.45003546875 0.20837888750000003 0.414105309375
1 0.25056638750000004 0.5682148984375 0.2644205953125 0.6676281000000001 0.38563183125 0.6967546828125 0.369386996875 0.61280173125 0.25056638750000004 0.5682148984375
1 0.38337888750000004 0.4333690078125 0.40562540937499997 0.5014353 0.47560297812499996 0.4003489390625 0.4518605625 0.33181583125 0.38337888750000004 0.4333690078125
1 0.5443309671875001 0.6299350078125 0.5099413875 0.55751284375 0.44561256406250005 0.65734809375 0.5443309671875001 0.6299350078125
1 0.6343022078125 0.60937493125 0.5115038875 0.5596532546875 0.53308455 0.641928184375 0.6343022078125 0.60937493125
1 0.49119138749999997 0.5040025703125 0.42561898749999993 0.6059482625 0.44811182031249996 0.6676281000000001 0.5218381328125 0.5614017687499999 0.49119138749999997 0.5040025703125
1 0.7467661890625 0.41919558281249997 0.6833788875 0.5168450359375 0.703030196875 0.5905283531250001 0.764260509375 0.4945819625 0.7467661890625 0.41919558281249997
1 0.7255230312500001 0.37122242031249997 0.6646288874999999 0.4654751734375 0.6842862000000001 0.5305618828124999 0.748015675 0.4260488546875 0.7255230312500001 0.37122242031249997
1 0.6967821984375 0.2598561203125 0.6333788874999999 0.36273544687500003 0.6505470437499999 0.427762221875 0.7167756796875 0.336955865625 0.6967821984375 0.2598561203125
1 0.676788525 0.21530956093750003 0.6130663875 0.3092251734375 0.6330525328125 0.3849290296875 0.7005310359375 0.2821293671875 0.676788525 0.21530956093750003
1 0.71052768125 0.312969253125 0.6458788875 0.40768407656249994 0.63930053125 0.40891557812499996 0.665542203125 0.4860153234375 0.7317710296875 0.37807569218750003 0.71052768125 0.312969253125
1 0.5955645390625001 0.49800863125 0.48185097656250003 0.45003546875 0.49309739375 0.5014353 0.6068110515625 0.55283513125 0.5955645390625001 0.49800863125
1 0.56432454375 0.38664233124999997 0.4536913875 0.3434717484375 0.4631069796875 0.4157689140625 0.5768205421875 0.45346213750000003 0.56432454375 0.38664233124999997
1 0.4631069796875 0.3934956671875 0.4036913875 0.47617722812499996 0.42187015 0.5562617984375 0.48310055781249994 0.46031540781249997 0.4631069796875 0.3934956671875
1 0.48185097656250003 0.43975552812499996 0.41619138749999995 0.5318279125 0.4368654046875 0.61622826875 0.5018445546875 0.5219952453125 0.48185097656250003 0.43975552812499996