1 0.6143085359375 0.324962559375 0.6792876859375001 0.22901616875 0.661793365625 0.1639097296875 0.6021288875 0.2599957203125 0.6143085359375 0.324962559375
0 0.43061740468750004 0.30268931250000003 0.5343341296875 0.34723580625000006 0.53308455 0.264996090625 0.4208788875 0.23217037812500002 0.43061740468750004 0.30268931250000003
0 0.3718861578125 0.40206230625000006 0.443113403125 0.3078292828125 0.41812140781249996 0.2307295359375 0.35369138750000007 0.32634846093750003 0.3718861578125 0.40206230625000006
0 0.18694544687500003 0.36950905312500004 0.293161428125 0.39520896875 0.3144045859375 0.3558024453125 0.1833788875 0.3092251734375 0.18694544687500003 0.36950905312500004
0 0.24692617968750002 0.587101684375 0.35189257968750004 0.628221575 0.33689742031250003 0.5528351312500001 0.23494138750000004 0.527547090625 0.24692617968750002 0.587101684375
0 0.22568302031249998 0.5254219140624999 0.32939984062500005 0.5579751000000001 0.325651003125 0.49286866093750004 0.22087888750000004 0.476177228125 0.22568302031249998 0.5254219140624999
0 0.3181534234375 0.4586021062500001 0.30940616875000004 0.3917823 0.19587888750000002 0.379858734375 0.2094381859375 0.43804216093750004 0.3181534234375 0.4586021062500001
0 0.33689742031250003 0.5151419078125 0.325651003125 0.45003546875 0.20837888750000003 0.414105309375 0.22193418281250002 0.49286866093750004 0.33689742031250003 0.5151419078125
1 0.38563183125 0.6967546828125001 0.36938699687500004 0.61280173125 0.25056638750000004 0.5682148984375001 0.2644205953125 0.6676281000000001 0.38563183125 0.6967546828125001
1 0.47560297812499996 0.4003489390625 0.45186056250000006 0.33181583125 0.38337888750000004 0.4333690078125 0.405625409375 0.5014353 0.47560297812499996 0.4003489390625
1 0.5099413875 0.55751284375 0.44561256406250005 0.65734809375 0.5443309671875001 0.6299350078125001 0.5099413875 0.55751284375
1 0.5115038875 0.5596532546875 0.53308455 0.6419281843750001 0.6343022078125 0.6093749312500001 0.5115038875 0.5596532546875
1 0.4481118203125 0.6676281000000001 0.5218381328125 0.56140176875 0.4911913875 0.5040025703125001 0.4256189875 0.6059482625000001 0.4481118203125 0.6676281000000001
1 0.703030196875 0.5905283531250001 0.7642605093750001 0.4945819625000001 0.7467661890625 0.4191955828125 0.6833788875 0.5168450359375 0.703030196875 0.5905283531250001
1 0.6842862000000001 0.5305618828124999 0.748015675 0.42604885468750003 0.7255230312500001 0.3712224203125 0.6646288875 0.4654751734375 0.6842862000000001 0.5305618828124999
1 0.65054704375 0.42776222187500007 0.7167756796875 0.336955865625 0.6967821984375 0.2598561203125 0.6333788875 0.36273544687500003 0.65054704375 0.42776222187500007
1 0.6330525328125001 0.38492902968750004 0.7005310359375 0.2821293671875 0.6767885250000001 0.21530956093750003 0.6130663875 0.3092251734375 0.6330525328125001 0.38492902968750004
1 0.665542203125 0.4860153234375 0.7317710296875001 0.37807569218750003 0.71052768125 0.312969253125 0.6458788875 0.4076840765625 0.63930053125 0.408915578125 0.665542203125 0.4860153234375
1 0.49309739375000006 0.5014353 0.6068110515625 0.5528351312500001 0.5955645390625001 0.49800863125000006 0.4818509765625001 0.45003546875 0.49309739375000006 0.5014353
1 0.46310697968750003 0.41576891406250005 0.5768205421875 0.4534621375000001 0.5643245437500001 0.38664233125 0.4536913875 0.34347174843750006 0.46310697968750003 0.41576891406250005
1 0.42187015 0.5562617984375 0.4831005578125 0.4603154078125 0.46310697968750003 0.39349566718750006 0.4036913875 0.476177228125 0.42187015 0.5562617984375
1 0.4368654046875 0.61622826875 0.5018445546875 0.5219952453125 0.4818509765625001 0.439755528125 0.4161913875 0.5318279125 0.4368654046875 0.61622826875