1 0.2119777777777778 0.6353333333333333 0.11098888888888889 0.2789833333333333
1 0.3171888888888889 0.62995 0.11106666666666666 0.29141666666666666
1 0.42265555555555556 0.6289833333333333 0.11186666666666667 0.29001666666666664
1 0.5270666666666667 0.6284666666666666 0.11155555555555556 0.2901
1 0.6319666666666667 0.6292 0.10902222222222223 0.28825
1 0.8432333333333333 0.62795 0.11044444444444446 0.29018333333333335
1 0.9460777777777778 0.62805 0.10784444444444445 0.28926666666666667
1 0.9457444444444444 0.2740833333333333 0.10692222222222222 0.28668333333333335
1 0.8419444444444445 0.2756 0.11056666666666667 0.28768333333333335
1 0.7358666666666667 0.2747666666666667 0.1121 0.28731666666666666
1 0.6281111111111111 0.2736166666666666 0.10746666666666667 0.28686666666666666
1 0.5238888888888888 0.27893333333333337 0.11 0.27731666666666666
1 0.41833333333333333 0.27736666666666665 0.10703333333333333 0.2851
1 0.3102111111111111 0.27413333333333334 0.1092 0.2913833333333333
0 0.7083333333333333 0.7513888888888889 0.7 0.663888888888889 0.7027777777777777 0.5791666666666667 0.6944444444444444 0.5791666666666667 0.6990740740740741 0.561111111111111 0.6999999999999998 0.5055555555555556 0.7101851851851853 0.4791666666666667 0.7379629629629629 0.4722222222222222 0.7657407407407406 0.4791666666666667 0.7749999999999999 0.525 0.7722222222222221 0.5763888888888888 0.7768518518518518 0.6263888888888889 0.7759259259259258 0.711111111111111 0.774074074074074 0.7513888888888889 0.7527777777777777 0.7597222222222222 0.7166666666666666 0.7597222222222222