0 0.06875 0.62109375 0.1375 0.4453125
0 0.96484375 0.74375 0.0671875 0.39375
1 0.8859375 0.7375 0.175 0.465625
0 0.1828125 0.64765625 0.134375 0.4453125
0 0.29765625 0.67109375 0.1328125 0.4640625
1 0.01796875 0.63046875 0.0359375 0.3921875
0 0.53828125 0.71796875 0.1484375 0.4890625
1 0.64921875 0.74375 0.1328125 0.3875
1 0.43203125 0.71796875 0.1359375 0.4015625
0 0.61953125 0.17421875 0.1421875 0.3359375
0 0.946875 0.21953125 0.10625 0.3546875
1 0.2765625 0.1375 0.121875 0.275
0 0.83046875 0.215625 0.1421875 0.375
0 0.49296875 0.1875 0.1578125 0.375
0 0.71796875 0.2140625 0.1484375 0.39375
1 0.38671875 0.16484375 0.1390625 0.3296875
1 0.16796875 0.14765625 0.1328125 0.2953125
1 0.059375 0.14609375 0.08125 0.2921875
0 0.76796875 0.70703125 0.1453125 0.4390625