0 0.8265625 0.79296875 0.15625 0.4140625
0 0.01171875 0.62734375 0.0234375 0.3703125
1 0.0734375 0.65078125 0.146875 0.4453125
0 0.7171875 0.78828125 0.146875 0.4234375
0 0.60546875 0.775 0.1484375 0.440625
1 0.9109375 0.821875 0.134375 0.35625
0 0.37265625 0.74140625 0.1640625 0.4640625
1 0.2640625 0.72734375 0.146875 0.3703125
1 0.46875 0.77265625 0.146875 0.3796875
0 0.48046875 0.1921875 0.1609375 0.384375
0 0.15703125 0.16328125 0.1453125 0.3265625
0 0.07265625 0.15234375 0.0890625 0.3046875
1 0.8015625 0.26015625 0.134375 0.3421875
0 0.275 0.1875 0.1625 0.375
0 0.58984375 0.23125 0.1796875 0.446875
0 0.378125 0.20546875 0.16875 0.4109375
1 0.6890625 0.26015625 0.153125 0.3734375
1 0.8953125 0.3078125 0.146875 0.353125
1 0.9734375 0.33515625 0.053125 0.3640625
0 0.1703125 0.6609375 0.159375 0.415625