0 0.826171875 0.79296875 0.15625 0.4140625
0 0.01171875 0.626953125 0.0234375 0.3701171875
1 0.0732421875 0.650390625 0.146484375 0.4453125
0 0.716796875 0.7880859375 0.146484375 0.423828125
0 0.60546875 0.775390625 0.1484375 0.4404296875
1 0.9111328125 0.8212890625 0.134765625 0.357421875
0 0.373046875 0.7412109375 0.1640625 0.4638671875
1 0.263671875 0.7275390625 0.146484375 0.3701171875
1 0.46875 0.7724609375 0.146484375 0.3798828125
0 0.48046875 0.1923828125 0.1611328125 0.384765625
0 0.1572265625 0.1630859375 0.1455078125 0.326171875
0 0.072265625 0.15234375 0.0888671875 0.3046875
1 0.8017578125 0.259765625 0.134765625 0.341796875
0 0.275390625 0.1875 0.162109375 0.375
0 0.58984375 0.2314453125 0.1796875 0.447265625
0 0.376953125 0.205078125 0.16796875 0.41015625
1 0.689453125 0.259765625 0.1533203125 0.373046875
1 0.8955078125 0.3076171875 0.146484375 0.353515625
1 0.9736328125 0.3349609375 0.052734375 0.3642578125
0 0.169921875 0.6611328125 0.1591796875 0.416015625