1 0.579857234375 0.6738797015625 0.677816521875 0.6455589453125 0.5995049406249999 0.47917647968750005 0.5007041812499999 0.50195289375 0.579857234375 0.6738797015625
1 0.40322034375 0.7070529703124999 0.49965600625000006 0.68859225625 0.41690319843749996 0.5194316999999999 0.322000046875 0.540834290625 0.40322034375 0.7070529703124999
0 0.053768918750000005 0.7950720125 0.1357028546875 0.77451910625 0.0623860703125 0.6050817859375 0.012613279687500001 0.6168073546875 0.053768918750000005 0.7950720125
0 0 0.4274480515625 0.0315486265625 0.4961992125 0.128257321875 0.4624621765625 0.04897571875 0.3001069453125 0 0.31494393593750003 0 0.4274480515625
0 0.8391028109375 0.315465640625 0.9415031718750001 0.2899229390625 0.8577803749999999 0.12478975156250001 0.7626596859375 0.14451270624999998 0.8391028109375 0.315465640625
0 0.24205972656250002 0.9984375 0.2530961828125 0.9984375 0.3404393796875 0.9782727328125 0.2630980609375 0.807862834375 0.1686501953125 0.8233111031250001 0.24205972656250002 0.9984375
0 0.23360884531249998 0.9984375 0.1648585671875 0.8267397781250001 0.073747165625 0.8547240109375001 0.15139349062500002 0.9984375 0.23360884531249998 0.9984375
1 0.521510325 0.92315741875 0.4376508890625 0.765662496875 0.3532548546875 0.7996973921875 0.4296597875 0.9614778640624999 0.521510325 0.92315741875
1 0.696063153125 0.8809570828125001 0.6091494625 0.7184622140625 0.52831395 0.7450275921875 0.606986525 0.9148336875 0.696063153125 0.8809570828125001
1 0.88990480625 0.8400084953125001 0.793001659375 0.6836233078125 0.709794290625 0.7078809609375 0.793332490625 0.8661074031249999 0.88990480625 0.8400084953125001
1 0.9984375 0.571521859375 0.9984375 0.46810267968749997 0.9566596328125 0.396720821875 0.869910603125 0.4238419875 0.945197478125 0.5857309015625 0.9984375 0.571521859375
0 0.49590382499999996 0 0.5577726390625 0.1255917640625 0.6623937515625 0.10143807656249999 0.6038841953125 0 0.49590382499999996 0
0 0.7980764265625 0 0.83014798125 0.0627089609375 0.906000821875 0.041082456249999996 0.8965161890625 0 0.7980764265625 0
0 0.11980977343749999 0.07269854375 0.194933440625 0.2245731546875 0.310513909375 0.19028265625000002 0.23328323750000002 0.04650113125 0.11980977343749999 0.07269854375
0 0.43470176250000003 0 0.40053726718749993 0.0078874953125 0.46425468125 0.1566904453125 0.5662382296875 0.12934232968749998 0.49884413125 0 0.43470176250000003 0
0 0.8702708250000001 0.6068324406250001 0.76392488125 0.42600371406250004 0.6821845234375 0.46480626249999996 0.7670368078124999 0.628764178125 0.8702708250000001 0.6068324406250001
1 0.587956046875 0.37154572343750003 0.5027024703125 0.1915525125 0.39952639843750004 0.22834863125 0.48583600000000005 0.4065320703125 0.587956046875 0.37154572343750003
1 0.4121527828125 0.4083298203125 0.32315498125 0.23680767500000002 0.23140636718750002 0.2719136078125 0.311283171875 0.4487324078125 0.4121527828125 0.4083298203125
1 0.3321818125 0.73676508125 0.2273592171875 0.546076371875 0.1486757203125 0.592727884375 0.22839434218750002 0.764529665625 0.3321818125 0.73676508125
1 0.776522609375 0.32420841718750004 0.6843342078125 0.155324596875 0.5784031390625 0.1799245703125 0.6614956078125 0.35266613750000003 0.776522609375 0.32420841718750004