0 0.2509765625 0.791015625 0.326171875 0.4169921875
1 0.1396484375 0.84375 0.205078125 0.3125
1 0.5576171875 0.82421875 0.193359375 0.3515625
1 0.830078125 0.759765625 0.2216796875 0.361328125
0 0.4658203125 0.8173828125 0.201171875 0.365234375
0 0.69140625 0.791015625 0.2294921875 0.3720703125
0 0.9306640625 0.728515625 0.138671875 0.3515625
0 0.302734375 0.2294921875 0.224609375 0.400390625
1 0.15625 0.26171875 0.240234375 0.3984375
0 0.4306640625 0.2119140625 0.232421875 0.423828125
1 0.0703125 0.302734375 0.140625 0.4111328125
0 0.720703125 0.16796875 0.3017578125 0.3359375
1 0.5771484375 0.193359375 0.216796875 0.376953125
1 0.8564453125 0.171875 0.2216796875 0.34375