1 0 0.8783990984375001 0.41878227656250006 0.765023878125 0.168575815625 0.5003380453124999 0 0.4881565 0 0.8783990984375001
1 0.39548150312499997 0.7734984359375 0.7445655125 0.670859875 0.40706482343749995 0.4911123625 0.161039109375 0.5042881625 0.39548150312499997 0.7734984359375
1 0.38898033125000003 0.5006008625 0.7238924765625 0.67695548125 0.8942614390625 0.6248250453125 0.5624294171875001 0.4938638125 0.38898033125000003 0.5006008625
1 0.9720077671875 0.5980364140625001 0.67085995 0.48748424218749997 0.5561971984375 0.4980674984375 0.8675602203125001 0.634083571875 0.9720077671875 0.5980364140625001
1 0.95626499375 0.6014762734375 0.9907778546875001 0.5859874796875 0.9939908953125001 0.569457821875 0.740784525 0.4831610484375 0.660623871875 0.4945970234375 0.95626499375 0.6014762734375
1 0.9984375 0.546582021875 0.9984375 0.5453469859375 0.8014519484375 0.48276909218749997 0.7354543140625001 0.4883855171875 0.9922348937500001 0.578491665625 0.9984375 0.546582021875
1 0.010249323437500001 0.38952641093749996 0.1170391265625 0.39459383593749997 0.06656439374999999 0.363209803125 0.0162357515625 0.3587289078125 0.010249323437500001 0.38952641093749996
1 0.26434151250000004 0.40550360156250004 0.18879226875 0.371433878125 0.0560453390625 0.36393271562499996 0.097625634375 0.396358646875 0.26434151250000004 0.40550360156250004
1 0.3853531125 0.41407218125 0.28687586875000004 0.3805302640625 0.18038626875 0.3756479015625 0.2575462625 0.40972115000000003 0.3853531125 0.41407218125
1 0.47913406406250003 0.42067067500000005 0.3775462671875 0.38818566875 0.2799663609375 0.3839338734375 0.37524745 0.41709239687500005 0.47913406406250003 0.42067067500000005
1 0.356455553125 0.38685525468750004 0.46534521562500003 0.42020576875 0.5555315265625 0.42167481249999994 0.45238391718750004 0.3939237703125 0.356455553125 0.38685525468750004