1 0.16857581562500001 0.5003380453125 0 0.48815649926276716 0 0.8783990985501016 0.41878227656250006 0.7650238781250001 0.16857581562500001 0.5003380453125
1 0.4070648234375 0.4911123625 0.161039109375 0.5042881625 0.395481503125 0.7734984359375 0.7445655125 0.6708598750000001 0.4070648234375 0.4911123625
1 0.8942614390625 0.6248250453125 0.5624294171875001 0.4938638125 0.38898033125000003 0.5006008625 0.7238924765625 0.67695548125 0.8942614390625 0.6248250453125
1 0.5561971984375 0.4980674984375 0.8675602203125001 0.6340835718750001 0.9720077671875 0.5980364140625001 0.6708599500000001 0.4874842421875 0.5561971984375 0.4980674984375
1 0.740784525 0.4831610484375 0.660623871875 0.49459702343750006 0.9562649937500001 0.6014762734375001 0.9907778546875001 0.5859874796875001 0.9939908953125001 0.569457821875 0.740784525 0.4831610484375
1 0.7354543140625001 0.4883855171875 0.9922348937500001 0.578491665625 0.9984375000000001 0.546582021875 0.9984375000000001 0.5453469859375 0.8014519484375001 0.4827690921875 0.7354543140625001 0.4883855171875
1 0.06656439374999999 0.363209803125 0.0162357515625 0.3587289078125 0.010249323437500001 0.3895264109375 0.1170391265625 0.3945938359375 0.06656439374999999 0.363209803125
1 0.056045339062500005 0.363932715625 0.097625634375 0.396358646875 0.26434151250000004 0.40550360156250004 0.18879226875 0.371433878125 0.056045339062500005 0.363932715625
1 0.18038626875 0.37564790156250005 0.2575462625 0.40972115000000003 0.38535311250000004 0.41407218125 0.28687586875000004 0.3805302640625 0.18038626875 0.37564790156250005
1 0.2799663609375 0.3839338734375 0.37524745000000004 0.41709239687500005 0.47913406406250003 0.42067067500000005 0.37754626718750006 0.38818566875000005 0.2799663609375 0.3839338734375
1 0.5555315265625 0.4216748125 0.45238391718750004 0.39392377031250003 0.356455553125 0.38685525468750004 0.46534521562500003 0.42020576875000004 0.5555315265625 0.4216748125