1 0.1747456328125 0.7877490500000001 0.136226034375 0.9624444453125 0.2377734625 0.9635341203125001 0.2702661671875 0.77927458125 0.1747456328125 0.7877490500000001
1 0.34344349375 0.7661238953125 0.30712236875 0.9488561203125001 0.4119270859375 0.949718025 0.4414736640625 0.7693490328125 0.34344349375 0.7661238953125
1 0.029870803125 0.96541506875 0.07467850937500001 0.97166265625 0.0974493953125 0.7954520015625001 0.017380159375000002 0.786790528125 0.029870803125 0.96541506875
1 0.519795715625 0.7603446218750001 0.47998932343750006 0.9400443875000001 0.5809667953125001 0.9329833546874999 0.6067141 0.761887190625 0.519795715625 0.7603446218750001
1 0.5993725796875 0.7515038890625001 0.561080834375 0.9294595281250001 0.6663416390625 0.936842015625 0.6922466453125 0.755906171875 0.5993725796875 0.7515038890625001
1 0.43370427187500005 0.7696408984375 0.39518442500000006 0.9443363109375 0.4947613625 0.9406495125 0.516823765625 0.7640800406250001 0.43370427187500005 0.7696408984375
1 0.25886670625 0.7736761671875 0.22394612500000002 0.9530342828125001 0.32420700625 0.9591283109375001 0.34140088281250003 0.772253909375 0.25886670625 0.7736761671875
1 0.7610668625 0.7467494750000001 0.7258044296875 0.9212171078125 0.8326938796875001 0.9284857093750001 0.8570598656250001 0.7423348640625 0.7610668625 0.7467494750000001
1 0.8535590218750001 0.7353675312500001 0.820153334375 0.9129815015625001 0.9179547343750001 0.930714253125 0.9468077953125 0.7381055234375 0.8535590218750001 0.7353675312500001
1 0.43319987031249996 0.7156184578125 0.5356921328125 0.7068135390625 0.5538231015625 0.5322907171875001 0.4572896453125 0.5452083328125 0.43319987031249996 0.7156184578125
1 0.6000082046875 0.7137827984375 0.7089010546875001 0.7028921546875 0.7337461765625001 0.5299415046875 0.631671253125 0.5346525328125 0.6000082046875 0.7137827984375
1 0.7693897578125001 0.7019384859375001 0.8735106531250001 0.69301949375 0.8968077171875001 0.5205855781250001 0.8012809078125 0.5260684453125001 0.7693897578125001 0.7019384859375001
1 0.8523380203125002 0.694500028125 0.9634294640625001 0.691646146875 0.9866980515625001 0.5183927265625 0.8827143937500002 0.5203740625000001 0.8523380203125002 0.694500028125
1 0.389735096875 0.2812817453125 0.357843940625 0.45715172500000006 0.46030341874999997 0.47128251406250005 0.49050766406250007 0.2706800359375 0.389735096875 0.2812817453125
1 0.24276113124999998 0.5667621031250001 0.1289011421875 0.5534285171875001 0.09303597656250001 0.742681275 0.194697396875 0.7454011296875 0.22476628437500001 0.56757929375 0.24276113124999998 0.5667621031250001
1 0.21618419843750003 0.28031265468750005 0.1864916484375 0.46421951875 0.2936090765625 0.4747483531250001 0.31740608281250005 0.282784478125 0.21618419843750003 0.28031265468750005
1 0.6516089234375001 0.25805535625000003 0.6198317625 0.43555551406250004 0.7098645625 0.43581228281250006 0.7471053031250001 0.25273698125 0.6516089234375001 0.25805535625000003
1 0.43240849218750005 0.0489619109375 0.39108731875 0.23040565625 0.49555018906250003 0.22637713750000002 0.5261825375 0.04921556093750001 0.43240849218750005 0.0489619109375
1 0.5620976421875 0.21844745 0.6797039078125 0.21513794375000003 0.6954222296875 0.042037000000000005 0.6933170578125001 0.03957482500000001 0.5910733515625001 0.047695665625 0.5620976421875 0.21844745
1 0.732538009375 0.19833853437500001 0.8406001421875001 0.1989726578125 0.8683127218750001 0.0252914875 0.764999115625 0.030619234375 0.732538009375 0.19833853437500001
1 0.055287721875 0.296478021875 0.01513935625 0.4712873125 0.1255140734375 0.48158837500000007 0.14648339531250001 0.296783003125 0.055287721875 0.296478021875
1 0.1829939890625 0.06312643281250001 0.1516729171875 0.2471471421875 0.2482202953125 0.24694836718750002 0.27612158281250004 0.0728408671875 0.1829939890625 0.06312643281250001
1 0.09820652343750001 0.074640475 0.0060390421875000004 0.0836908921875 0 0.11319555014983468 0 0.2544769065542192 0.0732687375 0.24935345781249998 0.09820652343750001 0.074640475