1 0.2377734625 0.9635341203125 0.2702661671875 0.7792745812499999 0.1747456328125 0.7877490500000001 0.136226034375 0.9624444453125 0.2377734625 0.9635341203125
1 0.4119270859375 0.9497180249999999 0.4414736640625 0.7693490328125 0.34344349375 0.7661238953125 0.30712236875 0.9488561203125 0.4119270859375 0.9497180249999999
1 0.09744939531249999 0.7954520015625001 0.017380159375000002 0.7867905281249999 0.029870803125 0.9654150687499999 0.07467850937500001 0.97166265625 0.09744939531249999 0.7954520015625001
1 0.5809667953125001 0.9329833546874999 0.6067141 0.761887190625 0.519795715625 0.7603446218750001 0.4799893234375 0.9400443875000001 0.5809667953125001 0.9329833546874999
1 0.6663416390625 0.936842015625 0.6922466453125 0.755906171875 0.5993725796875 0.7515038890625 0.561080834375 0.929459528125 0.6663416390625 0.936842015625
1 0.49476136249999997 0.9406495125 0.516823765625 0.764080040625 0.43370427187500005 0.7696408984375 0.395184425 0.9443363109374999 0.49476136249999997 0.9406495125
1 0.32420700625 0.9591283109375001 0.34140088281250003 0.772253909375 0.25886670624999997 0.7736761671875 0.22394612500000002 0.9530342828125 0.32420700625 0.9591283109375001
1 0.8326938796875 0.9284857093750001 0.857059865625 0.7423348640625 0.7610668625 0.746749475 0.7258044296875 0.9212171078125 0.8326938796875 0.9284857093750001
1 0.9179547343750001 0.9307142531249999 0.9468077953125 0.7381055234375 0.853559021875 0.73536753125 0.820153334375 0.9129815015625 0.9179547343750001 0.9307142531249999
1 0.5538231015624999 0.5322907171875 0.4572896453125 0.5452083328125 0.43319987031249996 0.7156184578125 0.5356921328124999 0.7068135390625 0.5538231015624999 0.5322907171875
1 0.7337461765625 0.5299415046875 0.631671253125 0.5346525328125 0.6000082046874999 0.7137827984375 0.7089010546875001 0.7028921546875 0.7337461765625 0.5299415046875
1 0.8968077171875001 0.5205855781250001 0.8012809078125 0.5260684453125 0.7693897578125 0.7019384859375 0.8735106531250001 0.6930194937499999 0.8968077171875001 0.5205855781250001
1 0.9866980515625 0.5183927265625 0.88271439375 0.5203740625 0.8523380203125 0.694500028125 0.9634294640625001 0.6916461468749999 0.9866980515625 0.5183927265625
1 0.46030341874999997 0.4712825140625 0.4905076640625 0.2706800359375 0.389735096875 0.2812817453125 0.35784394062499997 0.457151725 0.46030341874999997 0.4712825140625
1 0.0930359765625 0.742681275 0.194697396875 0.7454011296874999 0.22476628437500001 0.5675792937499999 0.24276113124999998 0.5667621031250001 0.12890114218749998 0.5534285171875 0.0930359765625 0.742681275
1 0.2936090765625 0.474748353125 0.3174060828125 0.282784478125 0.2161841984375 0.2803126546875 0.1864916484375 0.46421951874999995 0.2936090765625 0.474748353125
1 0.7098645625 0.43581228281250006 0.747105303125 0.25273698125 0.6516089234375 0.25805535625 0.6198317624999999 0.43555551406250004 0.7098645625 0.43581228281250006
1 0.49555018906250003 0.22637713750000002 0.5261825375 0.0492155609375 0.43240849218750005 0.0489619109375 0.39108731875 0.23040565625 0.49555018906250003 0.22637713750000002
1 0.6954222296875 0.042037000000000005 0.6933170578125 0.039574825 0.5910733515625 0.047695665625 0.5620976421874999 0.21844745 0.6797039078125 0.21513794375 0.6954222296875 0.042037000000000005
1 0.868312721875 0.025291487499999998 0.764999115625 0.030619234375 0.732538009375 0.198338534375 0.8406001421875 0.1989726578125 0.868312721875 0.025291487499999998
1 0.1255140734375 0.481588375 0.14648339531250001 0.296783003125 0.055287721874999994 0.296478021875 0.01513935625 0.4712873125 0.1255140734375 0.481588375
1 0.24822029531249998 0.2469483671875 0.2761215828125 0.0728408671875 0.1829939890625 0.0631264328125 0.1516729171875 0.2471471421875 0.24822029531249998 0.2469483671875
1 0 0.25447690624999997 0.0732687375 0.24935345781249998 0.0982065234375 0.074640475 0.0060390421875000004 0.0836908921875 0 0.11319554999999999 0 0.25447690624999997