1 0.5283203125 0.6337890625 0.083984375 0.2080078125
1 0.4658203125 0.6328125 0.087890625 0.2001953125
1 0.4013671875 0.6357421875 0.0908203125 0.2001953125
0 0.36808102343750004 0.9395674390625001 0.36522523906250004 0.5407184078125 0.3031159875 0.5225984718750001 0.29009096875 0.943654725 0.36808102343750004 0.9395674390625001
1 0.43699244375 0.7239878734375 0.36492117500000004 0.726738084375 0.35836158437500004 0.9454204625 0.44325761874999997 0.9391900343750001 0.43699244375 0.7239878734375
1 0.5038141640625 0.7216842828125001 0.42427336875000005 0.7299983062500001 0.43616529843749996 0.937780509375 0.5189686015625 0.9298785375 0.5038141640625 0.7216842828125001
1 0.5737113234375001 0.7157958562500001 0.49245081093750004 0.72998764375 0.506249515625 0.9358887687499999 0.5913317390625 0.9332110140625001 0.5737113234375001 0.7157958562500001
1 0.6375898890625 0.71467339375 0.5605352359375 0.72820070625 0.5790540218750001 0.9285108125000001 0.6557648546875 0.9191467828125002 0.6375898890625 0.71467339375
1 0.6176872828125001 0.5279922796875 0.5498667140625 0.5249121703125 0.5639190671875001 0.7309984859375 0.6421561812500001 0.7222764984375001 0.6176872828125001 0.5279922796875
1 0.6801334984375 0.5247196109375001 0.6117841421875001 0.5274443875 0.6308440234375001 0.72980193125 0.7022933578125001 0.7156585046875 0.6801334984375 0.5247196109375001
1 0.7379966703125 0.5115829078125 0.6703982640625 0.5289942625 0.69546088125 0.72179375 0.7684489156250001 0.7121914375 0.7379966703125 0.5115829078125
1 0.7933703015625001 0.5130112796875 0.7287104453125001 0.5247828328125 0.7588409343750001 0.7150058906250001 0.8274701109375 0.70909826875 0.7933703015625001 0.5130112796875
1 0.8509505765625001 0.509993625 0.7902051578125 0.5192491546875 0.8239408984375001 0.716215903125 0.8868378875 0.7002097625000001 0.8509505765625001 0.509993625
0 0.8913492406250001 0.6911959140625 0.81632233125 0.7073516875000001 0.8458333 0.8733430671875001 0.9195750390624999 0.8533023265624999 0.8913492406250001 0.6911959140625
0 0.8295065578125 0.7059846375000001 0.7600767015625001 0.7137657359375 0.78172854375 0.8663037265625001 0.852952021875 0.8602602296875 0.8295065578125 0.7059846375000001
0 0.7863290000000001 0.86721804375 0.76196808125 0.7051937984375001 0.6975106953125 0.711267509375 0.7216674468750001 0.8867829109375001 0.7863290000000001 0.86721804375
0 0.719721725 0.8868848828125 0.6965042328125 0.71295499375 0.6327730609375001 0.716971096875 0.6515152609375 0.900858359375 0.719721725 0.8868848828125
0 0.8276283937500001 0.41428615781250006 0.9202241843750001 0.48182432031250005 0.9016854328125 0.3630321140625 0.80956848125 0.305466284375 0.8276283937500001 0.41428615781250006
1 0.8995137984375001 0.37123393125000004 0.87626093125 0.27915693125 0.79006155 0.21867560625000004 0.8098256765625002 0.322784321875 0.8995137984375001 0.37123393125000004
1 0.8773678718750001 0.2961358984375 0.8530062421875 0.19232456250000002 0.7748084859375001 0.13859458125 0.7908465921875001 0.23365510156250002 0.8773678718750001 0.2961358984375
0 0.8635774296875001 0.20673475468750002 0.8394834328125 0.10498216875 0.7612149 0.0653591734375 0.7735269796875001 0.15137150312500003 0.8635774296875001 0.20673475468750002
0 0.508043521875 0.1363990421875 0.5004708171875001 0.044802193750000004 0.41849186875 0.10296291875000002 0.42115131875 0.20334634218750003 0.508043521875 0.1363990421875
1 0.62110085625 0.11209673125 0.53904149375 0.1694375375 0.5516555140625 0.2612112140625 0.6368435484375001 0.1989749796875 0.62110085625 0.11209673125
1 0.624728325 0.1291284328125 0.613047515625 0.036015378125000004 0.5392493265625 0.0989451671875 0.5447289328125 0.19109274218750003 0.624728325 0.1291284328125
1 0.5111581687500001 0.2206490984375 0.5038091031249999 0.1240175734375 0.4243215890625 0.18938156250000002 0.429454559375 0.2873244765625 0.5111581687500001 0.2206490984375