1 0.528125 0.63359375 0.084375 0.2078125
1 0.465625 0.6328125 0.0875 0.2
1 0.4015625 0.6359375 0.090625 0.2
0 0.3680810234375 0.9395674390625001 0.36522523906250004 0.5407184078125 0.3031159875 0.5225984718750001 0.29009096875 0.943654725 0.3680810234375 0.9395674390625001
1 0.43699244375 0.7239878734375 0.364921175 0.726738084375 0.358361584375 0.9454204624999999 0.44325761874999997 0.939190034375 0.43699244375 0.7239878734375
1 0.5038141640625 0.7216842828125001 0.42427336875000005 0.72999830625 0.43616529843749996 0.937780509375 0.5189686015625 0.9298785374999999 0.5038141640625 0.7216842828125001
1 0.5737113234375 0.71579585625 0.4924508109375 0.72998764375 0.506249515625 0.9358887687499999 0.5913317390625 0.9332110140625 0.5737113234375 0.71579585625
1 0.6375898890625 0.7146733937499999 0.5605352359375 0.72820070625 0.579054021875 0.9285108125000001 0.6557648546875 0.9191467828125001 0.6375898890625 0.7146733937499999
1 0.6176872828125 0.5279922796875 0.5498667140625 0.5249121703124999 0.5639190671875001 0.7309984859374999 0.6421561812500001 0.7222764984375 0.6176872828125 0.5279922796875
1 0.6801334984375 0.5247196109375001 0.6117841421875 0.5274443875 0.6308440234375 0.72980193125 0.7022933578125 0.7156585046874999 0.6801334984375 0.5247196109375001
1 0.7379966703124999 0.5115829078125 0.6703982640625 0.5289942625 0.69546088125 0.72179375 0.768448915625 0.7121914375 0.7379966703124999 0.5115829078125
1 0.7933703015625 0.5130112796875 0.7287104453125 0.5247828328125 0.758840934375 0.715005890625 0.8274701109375 0.70909826875 0.7933703015625 0.5130112796875
1 0.8509505765625001 0.509993625 0.7902051578125 0.5192491546875 0.8239408984375001 0.7162159031249999 0.8868378874999999 0.7002097625 0.8509505765625001 0.509993625
0 0.8913492406250001 0.6911959140625 0.81632233125 0.7073516875 0.8458333 0.8733430671875 0.9195750390624999 0.8533023265624999 0.8913492406250001 0.6911959140625
0 0.8295065578124999 0.7059846375000001 0.7600767015625001 0.7137657359375 0.78172854375 0.8663037265625 0.852952021875 0.8602602296875 0.8295065578124999 0.7059846375000001
0 0.7863290000000001 0.86721804375 0.76196808125 0.7051937984375 0.6975106953125 0.711267509375 0.721667446875 0.8867829109375001 0.7863290000000001 0.86721804375
0 0.719721725 0.8868848828125 0.6965042328125 0.71295499375 0.6327730609375 0.7169710968749999 0.6515152609375 0.900858359375 0.719721725 0.8868848828125
0 0.8276283937500001 0.4142861578125 0.9202241843750001 0.4818243203125 0.9016854328124999 0.3630321140625 0.80956848125 0.305466284375 0.8276283937500001 0.4142861578125
1 0.8995137984375001 0.37123393125000004 0.87626093125 0.27915693125 0.79006155 0.21867560625000002 0.8098256765625 0.322784321875 0.8995137984375001 0.37123393125000004
1 0.877367871875 0.2961358984375 0.8530062421875 0.19232456250000002 0.7748084859375 0.13859458125 0.7908465921875 0.2336551015625 0.877367871875 0.2961358984375
0 0.8635774296875001 0.20673475468750002 0.8394834328125 0.10498216875 0.7612148999999999 0.0653591734375 0.7735269796875001 0.151371503125 0.8635774296875001 0.20673475468750002
0 0.508043521875 0.1363990421875 0.5004708171875001 0.044802193750000004 0.41849186875 0.10296291875000001 0.42115131874999995 0.2033463421875 0.508043521875 0.1363990421875
1 0.62110085625 0.11209673125 0.53904149375 0.16943753749999999 0.5516555140625 0.2612112140625 0.6368435484375 0.1989749796875 0.62110085625 0.11209673125
1 0.624728325 0.1291284328125 0.613047515625 0.036015378125000004 0.5392493265625 0.0989451671875 0.5447289328125 0.1910927421875 0.624728325 0.1291284328125
1 0.51115816875 0.22064909843749997 0.5038091031249999 0.1240175734375 0.42432158906249995 0.1893815625 0.429454559375 0.2873244765625 0.51115816875 0.22064909843749997