0 0.6279296875 0.314453125 0.2060546875 0.4111328125
1 0.9365234375 0.2509765625 0.1171875 0.3486328125
0 0.1435546875 0.443359375 0.197265625 0.376953125
1 0.5078125 0.361328125 0.1845703125 0.3515625
1 0.73828125 0.310546875 0.1767578125 0.3623046875
1 0.8515625 0.2841796875 0.177734375 0.349609375
1 0.392578125 0.39453125 0.173828125 0.3701171875
1 0.064453125 0.474609375 0.1279296875 0.34375
1 0.28125 0.423828125 0.181640625 0.357421875
0 0.9248046875 0.619140625 0.150390625 0.380859375
1 0.7041015625 0.6982421875 0.1796875 0.3623046875
1 0.8193359375 0.6767578125 0.1923828125 0.375
1 0.591796875 0.73046875 0.1904296875 0.3642578125
1 0.48046875 0.7568359375 0.185546875 0.3642578125
0 0.119140625 0.8173828125 0.2080078125 0.365234375
1 0.2451171875 0.8173828125 0.177734375 0.365234375
0 0.361328125 0.791015625 0.216796875 0.4169921875