0 0.7041015625 0.298828125 0.2763671875 0.4326171875
1 0.9658203125 0.318359375 0.068359375 0.3466796875
0 0.2080078125 0.2978515625 0.2626953125 0.3984375
1 0.580078125 0.314453125 0.244140625 0.3701171875
1 0.0615234375 0.306640625 0.123046875 0.353515625
1 0.8134765625 0.3232421875 0.236328125 0.3779296875
1 0.9052734375 0.328125 0.189453125 0.369140625
1 0.4619140625 0.31640625 0.236328125 0.3857421875
1 0.111328125 0.3076171875 0.2138671875 0.359375
1 0.345703125 0.3173828125 0.240234375 0.375
0 0.9013671875 0.6650390625 0.197265625 0.392578125
1 0.6806640625 0.6875 0.2392578125 0.3779296875
1 0.798828125 0.6953125 0.2529296875 0.3935546875
1 0.564453125 0.6904296875 0.251953125 0.384765625
1 0.451171875 0.6865234375 0.2470703125 0.3798828125
1 0.0517578125 0.669921875 0.103515625 0.373046875
0 0.111328125 0.677734375 0.22265625 0.44140625
1 0.208984375 0.685546875 0.240234375 0.384765625
0 0.326171875 0.6953125 0.2890625 0.447265625