0 0.7138671875 0.275390625 0.2060546875 0.435546875
0 0.1748046875 0.208984375 0.2001953125 0.3984375
1 0.5751953125 0.2763671875 0.1875 0.3720703125
1 0.826171875 0.318359375 0.1767578125 0.384765625
1 0.9296875 0.3369140625 0.140625 0.3701171875
1 0.4462890625 0.263671875 0.173828125 0.392578125
1 0.072265625 0.205078125 0.14453125 0.3671875
1 0.3193359375 0.248046875 0.1826171875 0.3798828125
0 0.9052734375 0.708984375 0.189453125 0.40625
1 0.634765625 0.6904296875 0.1796875 0.384765625
1 0.759765625 0.7158203125 0.1923828125 0.396484375
1 0.5087890625 0.6806640625 0.1923828125 0.3857421875
1 0.3876953125 0.6591796875 0.1875 0.384765625
0 0.048828125 0.599609375 0.0966796875 0.443359375
1 0.12890625 0.626953125 0.1767578125 0.3876953125
0 0.25 0.65234375 0.21875 0.451171875