1 0.6347071093750001 0.8286738703125 0.63018778125 0.8064012859374999 0.5903999062499999 0.7502727140625 0.44766585000000003 0.875694990625 0.5395471125 0.9222532140625 0.6347071093750001 0.8286738703125
0 0.7643298359374999 0.813431371875 0.6388427375 0.6824510625 0.58197305 0.7556942765625 0.688864034375 0.9039713359375 0.7643298359374999 0.813431371875
1 0.41095995937499996 0.6142305312499999 0.3319452703125 0.5217376812500001 0.26313075625 0.5767650109375 0.38901115625 0.7455815718750001 0.41095995937499996 0.6142305312499999
0 0.758710009375 0.6812881796875 0.657325025 0.5759247515625 0.593819340625 0.6390479234375 0.7298080125 0.7790776640625 0.758710009375 0.6812881796875
0 0.6459831171875 0.5752730890625 0.609647275 0.5284735859375 0.48998778906249996 0.623834078125 0.5340917468749999 0.6847790625 0.6459831171875 0.5752730890625
0 0.76503681875 0.5717974234375001 0.7643248734375 0.574150190625 0.6644746421875001 0.466850028125 0.613526659375 0.5364947375 0.75023036875 0.6628806890625001 0.76503681875 0.5717974234375001
0 0.6732571265625 0.381314403125 0.621697115625 0.43529135312499995 0.765343265625 0.5659500640624999 0.76719716875 0.46858455625 0.6732571265625 0.381314403125
1 0.679844921875 0.39548534375 0.63505986875 0.3525309234375 0.5238742984375 0.4502899375 0.574819403125 0.490094496875 0.679844921875 0.39548534375
1 0.45142455156250005 0.423461465625 0.3717676390625 0.336197209375 0.31663393906250004 0.403668059375 0.4354703796875 0.5427988140625 0.45142455156250005 0.423461465625
1 0.36622410781250003 0.433114225 0.32596470312500003 0.389762246875 0.199016559375 0.4874088109375 0.1823724046875 0.5862136828125 0.36622410781250003 0.433114225
1 0.5119296703125 0.123868790625 0.43783139687499995 0.060172640624999996 0.38974291875 0.10260491249999999 0.5000040453125 0.2139238421875 0.5119296703125 0.123868790625
1 0.7883110640625001 0.3111010015625 0.687829246875 0.2295032984375 0.63780070625 0.2816060890625 0.7773457968749999 0.41082196875 0.7883110640625001 0.3111010015625
1 0.6586359640625 0.0061469734375 0.575976384375 0.07523031718749999 0.5890426984375 0.15409322187500002 0.7193064421875001 0.0224214109375 0.7027383515625 0.00845828125 0.6586359640625 0.0061469734375
1 0.2375868703125 0.16076557656249998 0.17401352812499998 0.0893444796875 0.1297024 0.1417469046875 0.2155624046875 0.2537415625 0.2375868703125 0.16076557656249998
1 0.22759498281249999 0 0.2824412140625 0.04421114375 0.29173502500000004 0 0.22759498281249999 0
1 0.9972998843750001 0.266504784375 0.9559658765625001 0.2378197890625 0.8614224359374999 0.318860946875 0.8690770390625 0.4189391890625 0.9972998843750001 0.266504784375
1 0.19636732031249998 0.2918246515625 0.1926530734375 0.30002593593750004 0.1367448546875 0.22615752968749997 0.0708911515625 0.27938538125 0.15766985 0.40120045 0.19636732031249998 0.2918246515625
0 0.48295357031249997 0.2664070984375 0.41383535625 0.18986340156249998 0.3569664140625 0.2357443546875 0.4617145296875 0.34286555 0.48295357031249997 0.2664070984375
0 0.0656816015625 0.37878951562499996 0.01095649375 0.4384639359375 0.10232950468749999 0.5546564390625 0.132353775 0.4590233421875 0.0656816015625 0.37878951562499996
1 0.162874175 0.1645250578125 0.08770504375 0.21101855625 0.19347026875 0.320955425 0.22551992968749998 0.2143746953125 0.162874175 0.1645250578125
1 0.9984375 0.37092187656250003 0.9984375 0.3401405359375 0.9549872609375001 0.30802346875 0.8534581265625001 0.40580770624999996 0.860456865625 0.5247454296875 0.9984375 0.37092187656250003
0 0.9984375 0.461690390625 0.9984375 0.42642331875000006 0.9650905062499999 0.3884594609375 0.85408510625 0.5066669046875 0.858171725 0.6251531859375 0.9984375 0.461690390625
0 0.9962095718749999 0.5540418578125 0.978418625 0.476797328125 0.8556026125 0.6130123453125 0.8515705499999999 0.751111084375 0.9941350078125 0.59362690625 0.9962095718749999 0.5540418578125
0 0.9929404734375 0.6164199890625001 0.971817940625 0.5847117828124999 0.8536685625 0.7175668078124999 0.8681300249999999 0.84992880625 0.98777390625 0.715003965625 0.9929404734375 0.6164199890625001
0 0.916400428125 0.9207656546875 0.9806602640625 0.8507403312499999 0.9892911015625 0.686054128125 0.85232403125 0.8334227921874999 0.916400428125 0.9207656546875
1 0.4012674109375 0.7357197953125 0.2997088078125 0.60490709375 0.23016007031250002 0.6695693546875 0.37261509375 0.8729348578125 0.4012674109375 0.7357197953125
1 0 0.5327310703125 0.0756384125 0.680803434375 0.111193865625 0.5643389984375 0.0167357078125 0.41608715625 0.0013910046875 0.4289883078125 0 0.45553025625 0 0.5327310703125
0 0 0.726432971875 0.0357116453125 0.7934154625 0.077606759375 0.6640144140625 0.011346025 0.5549966421875 0 0.5630270671875001 0 0.726432971875