1 0.44766585000000003 0.875694990625 0.5395471125000001 0.9222532140625002 0.6347071093750001 0.8286738703125001 0.6301877812500001 0.8064012859375 0.5903999062499999 0.7502727140625001 0.44766585000000003 0.875694990625
0 0.5819730500000001 0.7556942765625001 0.688864034375 0.9039713359375 0.7643298359375 0.8134313718750001 0.6388427375000001 0.6824510625000001 0.5819730500000001 0.7556942765625001
1 0.26313075625 0.5767650109375001 0.38901115625000005 0.7455815718750001 0.41095995937499996 0.61423053125 0.33194527031250004 0.5217376812500001 0.26313075625 0.5767650109375001
0 0.593819340625 0.6390479234375 0.7298080125 0.7790776640625001 0.7587100093750001 0.6812881796875 0.657325025 0.5759247515625 0.593819340625 0.6390479234375
0 0.48998778906249996 0.623834078125 0.534091746875 0.6847790625000001 0.6459831171875 0.5752730890625001 0.609647275 0.5284735859375 0.48998778906249996 0.623834078125
0 0.6135266593750001 0.5364947375 0.75023036875 0.6628806890625001 0.7650368187500001 0.5717974234375001 0.7643248734375 0.5741501906250001 0.6644746421875001 0.46685002812500004 0.6135266593750001 0.5364947375
0 0.765343265625 0.5659500640625 0.7671971687500001 0.46858455625 0.6732571265625 0.381314403125 0.621697115625 0.435291353125 0.765343265625 0.5659500640625
1 0.5238742984375001 0.4502899375 0.574819403125 0.49009449687500006 0.679844921875 0.39548534375000005 0.63505986875 0.35253092343750003 0.5238742984375001 0.4502899375
1 0.31663393906250004 0.403668059375 0.4354703796875001 0.5427988140625 0.45142455156250005 0.423461465625 0.3717676390625 0.33619720937500003 0.31663393906250004 0.403668059375
1 0.199016559375 0.48740881093750005 0.18237240468750002 0.5862136828125001 0.36622410781250003 0.433114225 0.32596470312500003 0.389762246875 0.199016559375 0.48740881093750005
1 0.38974291875 0.10260491249999999 0.5000040453125 0.21392384218750002 0.5119296703125 0.123868790625 0.437831396875 0.060172640624999996 0.38974291875 0.10260491249999999
1 0.6378007062500001 0.2816060890625 0.777345796875 0.41082196875000004 0.7883110640625001 0.3111010015625 0.687829246875 0.22950329843750003 0.6378007062500001 0.2816060890625
1 0.7193064421875001 0.0224214109375 0.7027383515625001 0.00845828125 0.6586359640625 0.006146973437500001 0.575976384375 0.0752303171875 0.5890426984375 0.15409322187500002 0.7193064421875001 0.0224214109375
1 0.1297024 0.1417469046875 0.2155624046875 0.2537415625 0.23758687031250003 0.1607655765625 0.174013528125 0.0893444796875 0.1297024 0.1417469046875
1 0.2917350246734871 0 0.22759498310089776 0 0.2824412140625 0.04421114375 0.2917350246734871 0
1 0.8614224359375 0.31886094687500005 0.8690770390625 0.41893918906250005 0.9972998843750001 0.266504784375 0.9559658765625001 0.2378197890625 0.8614224359375 0.31886094687500005
1 0.0708911515625 0.27938538125 0.15766985 0.40120045 0.1963673203125 0.2918246515625 0.19265307343750002 0.30002593593750004 0.1367448546875 0.2261575296875 0.0708911515625 0.27938538125
0 0.3569664140625 0.2357443546875 0.46171452968750004 0.34286555 0.4829535703125 0.2664070984375 0.41383535625 0.1898634015625 0.3569664140625 0.2357443546875
0 0.1023295046875 0.5546564390625001 0.132353775 0.45902334218750007 0.06568160156250001 0.378789515625 0.010956493749999999 0.4384639359375 0.1023295046875 0.5546564390625001
1 0.19347026875 0.320955425 0.2255199296875 0.2143746953125 0.162874175 0.16452505781250001 0.08770504375 0.21101855625 0.19347026875 0.320955425
1 0.8534581265625001 0.40580770625 0.8604568656250001 0.5247454296875 0.9984375000000001 0.37092187656250003 0.9984375000000001 0.34014053593750004 0.9549872609375001 0.30802346875000003 0.8534581265625001 0.40580770625
0 0.85408510625 0.5066669046875 0.858171725 0.6251531859375001 0.9984375000000001 0.46169039062500006 0.9984375000000001 0.42642331875000006 0.96509050625 0.38845946093750006 0.85408510625 0.5066669046875
0 0.8515705499999999 0.7511110843750001 0.9941350078125 0.59362690625 0.996209571875 0.5540418578125 0.978418625 0.476797328125 0.8556026125000001 0.6130123453125 0.8515705499999999 0.7511110843750001
0 0.868130025 0.84992880625 0.9877739062500001 0.715003965625 0.9929404734375 0.6164199890625001 0.971817940625 0.5847117828125 0.8536685625000001 0.7175668078125 0.868130025 0.84992880625
0 0.9892911015625 0.686054128125 0.8523240312500001 0.8334227921875 0.916400428125 0.9207656546875 0.9806602640625001 0.8507403312499999 0.9892911015625 0.686054128125
1 0.23016007031250002 0.6695693546875 0.37261509375 0.8729348578125 0.40126741093750007 0.7357197953125 0.29970880781250003 0.6049070937500001 0.23016007031250002 0.6695693546875
1 0.111193865625 0.5643389984375 0.0167357078125 0.41608715625 0.0013910046875 0.4289883078125001 0 0.45553025687495935 0 0.532731071042059 0.0756384125 0.680803434375 0.111193865625 0.5643389984375
0 0.077606759375 0.6640144140625001 0.011346025000000003 0.5549966421875 0 0.5630270667636461 0 0.7264329724835779 0.035711645312500005 0.7934154625000001 0.077606759375 0.6640144140625001