0 0.3994140625 0.2548828125 0.1796875 0.1611328125
0 0.5400390625 0.2255859375 0.1572265625 0.14453125
0 0.626953125 0.212890625 0.1494140625 0.123046875
0 0.7265625 0.193359375 0.16796875 0.12890625
0 0.8095703125 0.1748046875 0.1240234375 0.1005859375
0 0.8720703125 0.1533203125 0.1162109375 0.08984375
0 0.9306640625 0.1259765625 0.1376953125 0.1064453125
0 0.78515625 0.5947265625 0.4296875 0.302734375
0 0.8642578125 0.4765625 0.271484375 0.185546875
0 0.236328125 0.0869140625 0.0673828125 0.0478515625
0 0.3154296875 0.0771484375 0.07421875 0.0537109375
0 0.384765625 0.0771484375 0.07421875 0.0576171875
0 0.4384765625 0.06640625 0.05859375 0.0458984375
0 0.4990234375 0.0576171875 0.0556640625 0.037109375
0 0.5673828125 0.0537109375 0.072265625 0.0478515625
0 0.658203125 0.044921875 0.0869140625 0.0546875
0 0.2373046875 0.1796875 0.1318359375 0.0966796875
0 0.3515625 0.1494140625 0.1357421875 0.07421875
0 0.4775390625 0.142578125 0.150390625 0.0732421875
0 0.5322265625 0.12109375 0.12109375 0.060546875
0 0.6142578125 0.1103515625 0.1044921875 0.0859375
1 0.181640625 0.1064453125 0.078125 0.0537109375