1 0.6508503484375 0.6952685359375 0.521939396875 0.6578722562500001 0.4452871890625001 0.9138645046875 0.5932244859375001 0.9445696140625 0.6508503484375 0.6952685359375
0 0.6680902359375 0.7004876375000001 0.6078448375000001 0.9646942421875 0.7181988140625001 0.9984375000000001 0.7554037203125 0.9984375000000001 0.7940091031250001 0.7330220609375 0.6680902359375 0.7004876375000001
0 0.246575509375 0.5718124109375 0.11043741562500001 0.52799510625 0 0.7275981206586821 0 0.795343653721786 0.10774211875 0.8317649484375 0.246575509375 0.5718124109375
0 0.9328727375 0.7758841796875 0.8133083921875001 0.7392679796875 0.7697736796875 0.9984375000000001 0.8890803125 0.9984375000000001 0.9285466 0.84014686875 0.9328727375 0.7758841796875
0 0.5134372453125 0.646588196875 0.3860092203125 0.6121432125 0.29026733125000004 0.8752137140625001 0.43629881406250004 0.9075035296875001 0.5134372453125 0.646588196875
0 0 0.5012467479239626 0 0.707514231813497 0.08444465000000001 0.531388646875 0 0.5012467479239626
0 0.37926686406250004 0.61519564375 0.2538433703125 0.5740437859374999 0.1314645046875 0.8335596828125 0.27271744375 0.8728979156250001 0.37926686406250004 0.61519564375
0 0.966292921875 0.5267276703125 0.833316128125 0.5075046140625 0.80646735625 0.7072892859375001 0.9420882296875001 0.7328637640625 0.966292921875 0.5267276703125
0 0.7253857906250001 0.48614160781250004 0.7282165875 0.4879677 0.7210772703125001 0.49236739062500007 0.6862058468750001 0.6443463062500001 0.800408553125 0.6831198046875001 0.8268887156250001 0.4981500203125 0.7253857906250001 0.48614160781250004
0 0.45993267343750005 0.41283732500000003 0.33182995156250006 0.38247006718750004 0.26184985781250003 0.5529617234375 0.3883688625 0.5968659015625 0.45993267343750005 0.41283732500000003
0 0.32763968593750004 0.3860327 0.20379092812500002 0.35054635312500004 0.132429540625 0.5206936140625 0.25277628281250003 0.5651188343750001 0.32763968593750004 0.3860327
0 0.2217138171875 0.301944875 0.094165796875 0.269175540625 0 0.44825899259736135 0 0.46367212698027116 0.1111534015625 0.503029353125 0.2217138171875 0.301944875
0 0.7126576921875001 0.46554918593750005 0.5927066515625 0.43464698593750006 0.5290529671875001 0.6566615125 0.653268025 0.6855717671875001 0.7126576921875001 0.46554918593750005
0 0.86881305625 0.1542979203125 0.7850816609375001 0.14035063125 0.7515393859375 0.2671923203125 0.85302755625 0.284256484375 0.86881305625 0.1542979203125
0 0.9712114359375001 0.179828703125 0.88409738125 0.15989124375 0.8591146390625 0.3022534484375 0.9724639828125 0.3202150515625 0.9712114359375001 0.179828703125
0 0.2073769015625 0.117097971875 0.2828488612727248 0 0.16804305287535792 0 0.11598613437500001 0.0716526046875 0.2073769015625 0.117097971875