1 0.48476005312500003 0.367435740625 0.5259434859375001 0.23041573437500001 0.45872453281250003 0.19583195312499999 0.4170517359375 0.32320774218750004 0.48476005312500003 0.367435740625
1 0.54060198125 0.4012571171875 0.5908596968750001 0.25729939375 0.5217553515625 0.22434522031249998 0.477053534375 0.3583411078125 0.54060198125 0.4012571171875
1 0.6034241515625001 0.4324768875 0.651587878125 0.2850502890625 0.5838794546875 0.2529633171875 0.5372773953125 0.3984267 0.6034241515625001 0.4324768875
1 0.2223029984375 0.6145920968749999 0.2732587796875 0.4680327 0.20694649062499998 0.42900801250000004 0.1567324171875 0.5804369515625 0.2223029984375 0.6145920968749999
1 0.283031075 0.650147909375 0.3325908296875 0.49838523593749995 0.2641844453125 0.45762611093750005 0.21608346875 0.6118553890625 0.283031075 0.650147909375
1 0.3444572171875 0.6770315703125 0.3975070390625 0.5278705687499999 0.327704628125 0.4905803171875 0.27805295 0.6400236421875001 0.3444572171875 0.6770315703125
1 0.406581375 0.7099857765625 0.456141075 0.5573559015625 0.387734690625 0.5200656171875 0.34002242968749996 0.6681918953125 0.406581375 0.7099857765625
1 0.46806335312499997 0.745657825 0.5190191343749999 0.593027915625 0.44851871093750006 0.5566049 0.400246290625 0.7028605156250001 0.46806335312499997 0.745657825
1 0.5280934687500001 0.7734086875 0.579049196875 0.6311854671875 0.507850759375 0.5860902 0.46308858124999996 0.7331955578125 0.5280934687500001 0.7734086875
1 0.593166590625 0.8015794390625001 0.63714213125 0.65935621875 0.5673397203125 0.623800340625 0.5250580609375 0.76461399375 0.593166590625 0.8015794390625001
1 0.654592734375 0.83366644375 0.70136038125 0.6914431249999999 0.6315579171875 0.6506840671874999 0.5861547328125 0.791698853125 0.654592734375 0.83366644375
1 0.7139247296875 0.8683550562500001 0.7579002703125 0.72006125625 0.69089001875 0.685372678125 0.64986983125 0.826367471875 0.7139247296875 0.8683550562500001
1 0.7767469 0.9030436671875 0.8256085875 0.7521481953125 0.7537121890625 0.7157251796875 0.710966503125 0.8621194859375001 0.7767469 0.9030436671875
1 0.8336767281249999 0.9352993171874999 0.88533046875 0.7878727203125 0.8134339640625001 0.7523168734375 0.7703175546875001 0.9000382890624999 0.8336767281249999 0.9352993171874999
1 0.9127595140625001 0.9280380218750001 0.949056746875 0.820503246875 0.87227409375 0.78408023125 0.832287034375 0.926039753125 0.9127595140625001 0.9280380218750001
1 0.98046783125 0.9280380218750001 0.9984375 0.8508557812499999 0.9371903578125 0.81876884375 0.9038574203125 0.9217061765624999 0.98046783125 0.9280380218750001
1 0.091685325 0.8291753999999999 0.145433159375 0.6808816 0.0812149625 0.6418569125 0.0240653609375 0.791698853125 0.091685325 0.8291753999999999
1 0.153809428125 0.8612623718749999 0.2089533421875 0.7112341343749999 0.14054701249999998 0.672209446875 0.0790523640625 0.83070105 0.153809428125 0.8612623718749999
1 0.2103494234375 0.8959509828125001 0.2682853921875 0.7485243859375 0.19708695468749998 0.7129685718750001 0.1418946546875 0.8567025140625001 0.2103494234375 0.8959509828125001
1 0.2724735265625 0.9237019453125 0.3311075609375 0.7754080796875 0.26270123125 0.73898503125 0.2073553734375 0.8892043453125 0.2724735265625 0.9237019453125
1 0.34367201718749996 0.9315068296875 0.3953257578125 0.8118310937500001 0.3213352671875 0.769337565625 0.26234237656250003 0.9141224156250001 0.34367201718749996 0.9315068296875
1 0.41556852187500004 0.9297723921875001 0.4490737 0.8369803499999999 0.38206334218750004 0.8031589421875 0.331294334375 0.9227895703125 0.41556852187500004 0.9297723921875001
1 0.4902570796875 0.9297723921875001 0.5125938296875 0.8716689625 0.44348948593750004 0.8361131484375001 0.40810157656249996 0.9217061765624999 0.4902570796875 0.9297723921875001
1 0.3962388609375 0.1536983984375 0.3292285046875 0.29245284374999997 0.42468495937500006 0.3247558828125 0.4688333796875 0.1944575234375 0.3962388609375 0.1536983984375
1 0.6642801296874999 0.46589590000000003 0.71034965625 0.314133225 0.6447354328125 0.28291348906249997 0.5957556375 0.4298451359375 0.6642801296874999 0.46589590000000003