1 0.45872453281250003 0.195831953125 0.41705173593750006 0.32320774218750004 0.48476005312500003 0.367435740625 0.5259434859375001 0.23041573437500001 0.45872453281250003 0.195831953125
1 0.5217553515625001 0.2243452203125 0.477053534375 0.35834110781250006 0.54060198125 0.4012571171875 0.5908596968750001 0.25729939375000005 0.5217553515625001 0.2243452203125
1 0.5838794546875 0.25296331718750004 0.5372773953125 0.3984267 0.6034241515625001 0.4324768875 0.651587878125 0.2850502890625 0.5838794546875 0.25296331718750004
1 0.206946490625 0.42900801250000004 0.1567324171875 0.5804369515625 0.2223029984375 0.614592096875 0.2732587796875 0.4680327 0.206946490625 0.42900801250000004
1 0.2641844453125 0.45762611093750005 0.21608346875 0.6118553890625 0.283031075 0.6501479093750001 0.3325908296875 0.4983852359375 0.2641844453125 0.45762611093750005
1 0.327704628125 0.49058031718750006 0.27805295 0.6400236421875001 0.3444572171875 0.6770315703125 0.3975070390625 0.5278705687499999 0.327704628125 0.49058031718750006
1 0.38773469062500004 0.5200656171875 0.3400224296875 0.6681918953125 0.406581375 0.7099857765625001 0.45614107500000006 0.5573559015625 0.38773469062500004 0.5200656171875
1 0.44851871093750006 0.5566049 0.400246290625 0.7028605156250001 0.468063353125 0.745657825 0.519019134375 0.593027915625 0.44851871093750006 0.5566049
1 0.507850759375 0.5860902 0.46308858125 0.7331955578125 0.5280934687500001 0.7734086875 0.579049196875 0.6311854671875001 0.507850759375 0.5860902
1 0.5673397203125 0.623800340625 0.5250580609375 0.76461399375 0.593166590625 0.8015794390625001 0.6371421312500001 0.6593562187500001 0.5673397203125 0.623800340625
1 0.6315579171875001 0.6506840671875 0.5861547328125 0.7916988531250001 0.654592734375 0.83366644375 0.7013603812500001 0.691443125 0.6315579171875001 0.6506840671875
1 0.69089001875 0.685372678125 0.6498698312500001 0.826367471875 0.7139247296875001 0.8683550562500001 0.7579002703125001 0.7200612562500001 0.69089001875 0.685372678125
1 0.7537121890625 0.7157251796875 0.710966503125 0.8621194859375001 0.7767469 0.9030436671875001 0.8256085875000001 0.7521481953125 0.7537121890625 0.7157251796875
1 0.8134339640625001 0.7523168734375001 0.7703175546875001 0.9000382890625 0.8336767281249999 0.9352993171874999 0.88533046875 0.7878727203125 0.8134339640625001 0.7523168734375001
1 0.87227409375 0.78408023125 0.832287034375 0.926039753125 0.9127595140625001 0.9280380218750001 0.949056746875 0.820503246875 0.87227409375 0.78408023125
1 0.9371903578125 0.81876884375 0.9038574203125 0.9217061765625 0.98046783125 0.9280380218750001 0.9984375000000001 0.8508557812499999 0.9371903578125 0.81876884375
1 0.0812149625 0.6418569125000001 0.024065360937500002 0.7916988531250001 0.091685325 0.8291754 0.145433159375 0.6808816000000001 0.0812149625 0.6418569125000001
1 0.14054701249999998 0.6722094468750001 0.0790523640625 0.83070105 0.153809428125 0.861262371875 0.20895334218750003 0.711234134375 0.14054701249999998 0.6722094468750001
1 0.1970869546875 0.7129685718750001 0.1418946546875 0.8567025140625001 0.2103494234375 0.8959509828125001 0.2682853921875 0.7485243859375 0.1970869546875 0.7129685718750001
1 0.26270123125 0.73898503125 0.2073553734375 0.8892043453125 0.2724735265625 0.9237019453125002 0.33110756093750005 0.7754080796875 0.26270123125 0.73898503125
1 0.32133526718750005 0.769337565625 0.26234237656250003 0.9141224156250001 0.3436720171875 0.9315068296875 0.3953257578125 0.8118310937500001 0.32133526718750005 0.769337565625
1 0.38206334218750004 0.8031589421875 0.33129433437500005 0.9227895703125001 0.41556852187500004 0.9297723921875001 0.4490737 0.83698035 0.38206334218750004 0.8031589421875
1 0.44348948593750004 0.8361131484375002 0.4081015765625 0.9217061765625 0.4902570796875 0.9297723921875001 0.5125938296875 0.8716689625000001 0.44348948593750004 0.8361131484375002
1 0.42468495937500006 0.3247558828125 0.4688333796875 0.1944575234375 0.39623886093750005 0.1536983984375 0.32922850468750003 0.29245284374999997 0.42468495937500006 0.3247558828125
1 0.6447354328125 0.28291348906249997 0.5957556375 0.4298451359375 0.6642801296875 0.46589590000000003 0.71034965625 0.314133225 0.6447354328125 0.28291348906249997