0 0.04296875 0.201171875 0.0859375 0.150390625
0 0.11328125 0.1943359375 0.1240234375 0.1552734375
0 0.369140625 0.142578125 0.0966796875 0.1240234375
0 0.4189453125 0.126953125 0.1025390625 0.1318359375
0 0.455078125 0.1044921875 0.08984375 0.140625
0 0.5048828125 0.1142578125 0.0869140625 0.12109375
0 0.5595703125 0.099609375 0.078125 0.1484375
0 0.5908203125 0.08984375 0.0712890625 0.1162109375
0 0.63671875 0.0927734375 0.0810546875 0.12109375
0 0.6728515625 0.08203125 0.0634765625 0.1181640625
0 0.6982421875 0.07421875 0.0732421875 0.119140625
0 0.7373046875 0.078125 0.056640625 0.115234375
0 0.771484375 0.072265625 0.068359375 0.1337890625
0 0.8115234375 0.0712890625 0.056640625 0.1328125
0 0.837890625 0.056640625 0.06640625 0.11328125
0 0.87109375 0.0576171875 0.0634765625 0.115234375
0 0.111328125 0.376953125 0.123046875 0.1640625
0 0.201171875 0.361328125 0.109375 0.154296875
0 0.2431640625 0.33203125 0.09765625 0.14453125
0 0.31640625 0.330078125 0.1064453125 0.1416015625
0 0.4521484375 0.306640625 0.1259765625 0.134765625
0 0.501953125 0.2744140625 0.0966796875 0.0908203125
0 0.56640625 0.259765625 0.111328125 0.0986328125
0 0.595703125 0.34375 0.126953125 0.154296875
0 0.68359375 0.3271484375 0.1201171875 0.1357421875
0 0.666015625 0.2333984375 0.09765625 0.0908203125
0 0.767578125 0.298828125 0.109375 0.1328125
0 0.75 0.2119140625 0.1123046875 0.119140625
0 0.798828125 0.1953125 0.08203125 0.1171875
0 0.8818359375 0.24609375 0.119140625 0.1337890625
0 0.833984375 0.1708984375 0.0908203125 0.103515625
0 0.8984375 0.1611328125 0.0830078125 0.087890625
0 0.9384765625 0.1533203125 0.0654296875 0.064453125
0 0.978515625 0.1484375 0.04296875 0.0751953125
0 0.953125 0.2236328125 0.0927734375 0.10546875
0 0.9814453125 0.2080078125 0.037109375 0.0654296875
0 0.2197265625 0.716796875 0.1689453125 0.1689453125
0 0.30078125 0.6787109375 0.15625 0.1689453125
0 0.4296875 0.6416015625 0.1533203125 0.1572265625
0 0.701171875 0.5166015625 0.13671875 0.103515625
0 0.7626953125 0.505859375 0.1201171875 0.1162109375
0 0.806640625 0.482421875 0.1337890625 0.1240234375
0 0.8818359375 0.4462890625 0.12109375 0.1044921875
0 0.9453125 0.4326171875 0.109375 0.107421875
0 0.9755859375 0.4111328125 0.0478515625 0.1064453125
0 0.783203125 0.640625 0.1923828125 0.1982421875
0 0.912109375 0.5615234375 0.1396484375 0.17578125
0 0.9599609375 0.5478515625 0.080078125 0.1826171875
0 0.033203125 0.8251953125 0.06640625 0.201171875
1 0.025390625 0.2470703125 0.05078125 0.0966796875
1 0.029296875 0.4453125 0.05859375 0.138671875
1 0.0595703125 0.4208984375 0.1142578125 0.14453125
1 0.0390625 0.544921875 0.078125 0.1396484375
1 0.083984375 0.5244140625 0.1337890625 0.1376953125
1 0.16015625 0.5068359375 0.1533203125 0.142578125
1 0.2099609375 0.4892578125 0.130859375 0.125
1 0.28125 0.4736328125 0.1494140625 0.1123046875
1 0.330078125 0.4462890625 0.130859375 0.115234375
1 0.3955078125 0.443359375 0.125 0.107421875
1 0.439453125 0.4150390625 0.111328125 0.109375
1 0.50390625 0.4033203125 0.123046875 0.099609375
1 0.3994140625 0.318359375 0.1123046875 0.0908203125
1 0.5498046875 0.38671875 0.126953125 0.1025390625
1 0.626953125 0.2548828125 0.1171875 0.0703125
1 0.669921875 0.3603515625 0.09765625 0.1025390625
1 0.8525390625 0.2978515625 0.12109375 0.1025390625
1 0.7529296875 0.3271484375 0.0859375 0.0947265625
1 0.55078125 0.62109375 0.1572265625 0.107421875
1 0.0673828125 0.8076171875 0.1259765625 0.1318359375
1 0.142578125 0.77734375 0.173828125 0.1240234375
1 0.37890625 0.6806640625 0.099609375 0.1357421875
1 0.5048828125 0.630859375 0.103515625 0.126953125
1 0.5927734375 0.599609375 0.099609375 0.1181640625
1 0.646484375 0.57421875 0.1162109375 0.1015625
1 0.8740234375 0.6201171875 0.12890625 0.119140625
1 0.7138671875 0.685546875 0.1494140625 0.125
1 0.6650390625 0.7060546875 0.12109375 0.1162109375
1 0.607421875 0.755859375 0.173828125 0.14453125
1 0.546875 0.7822265625 0.1806640625 0.1484375
1 0.474609375 0.783203125 0.16796875 0.1357421875
1 0.4072265625 0.8349609375 0.166015625 0.1416015625
1 0.3466796875 0.8466796875 0.1396484375 0.12890625
1 0.251953125 0.8818359375 0.146484375 0.150390625
1 0.15234375 0.90625 0.0869140625 0.1044921875
1 0.900390625 0.90234375 0.12109375 0.0703125
1 0.9521484375 0.87109375 0.0947265625 0.12890625
1 0.9794921875 0.833984375 0.041015625 0.05078125