1 0.6455078125 0.7841796875 0.197265625 0.0966796875
1 0.8876953125 0.900390625 0.224609375 0.1982421875
0 0.83984375 0.69921875 0.3203125 0.29296875
0 0.6923828125 0.6064453125 0.3212890625 0.2392578125
0 0.53515625 0.609375 0.2021484375 0.162109375
0 0.4892578125 0.6015625 0.197265625 0.1728515625
0 0.4052734375 0.5732421875 0.126953125 0.1259765625
0 0.33203125 0.5947265625 0.0625 0.150390625
0 0.2958984375 0.5693359375 0.06640625 0.1435546875
0 0.263671875 0.5595703125 0.0576171875 0.1064453125
0 0.234375 0.5625 0.046875 0.103515625
0 0.193359375 0.5458984375 0.0341796875 0.0537109375