1 0.0087890625 0.0390625 0.0146484375 0.064453125
1 0.0302734375 0.0400390625 0.0205078125 0.06640625
1 0.0791015625 0.04296875 0.0205078125 0.0751953125
1 0.0986328125 0.0380859375 0.017578125 0.0615234375
1 0.12109375 0.0419921875 0.013671875 0.0693359375
1 0.1435546875 0.0400390625 0.0263671875 0.072265625
1 0.1884765625 0.0390625 0.0322265625 0.0712890625
1 0.3017578125 0.048828125 0.0283203125 0.05859375
1 0.392578125 0.05078125 0.0263671875 0.0546875
1 0.4130859375 0.0517578125 0.0224609375 0.056640625
1 0.4375 0.0517578125 0.0224609375 0.0498046875
1 0.4599609375 0.0498046875 0.025390625 0.0517578125
1 0.146484375 0.1669921875 0.0234375 0.0546875
1 0.140625 0.22265625 0.0185546875 0.0546875
1 0.2158203125 0.169921875 0.025390625 0.05859375
1 0.34765625 0.2265625 0.0185546875 0.0556640625
1 0.3662109375 0.2255859375 0.0205078125 0.0546875
1 0.39453125 0.171875 0.021484375 0.0537109375
1 0.4638671875 0.1708984375 0.0263671875 0.056640625
1 0.0869140625 0.3466796875 0.013671875 0.056640625
1 0.041015625 0.345703125 0.017578125 0.046875
1 0.0107421875 0.400390625 0.017578125 0.0556640625
1 0.0263671875 0.400390625 0.0146484375 0.0615234375
1 0.1181640625 0.4013671875 0.0185546875 0.060546875
1 0.1484375 0.4033203125 0.017578125 0.0625
1 0.1630859375 0.4052734375 0.0185546875 0.0693359375
1 0.19140625 0.4013671875 0.0166015625 0.064453125
1 0.20703125 0.3515625 0.0146484375 0.0537109375
1 0.2060546875 0.400390625 0.015625 0.0576171875
1 0.3115234375 0.400390625 0.0146484375 0.0517578125
1 0.341796875 0.3515625 0.015625 0.0546875
1 0.37109375 0.3466796875 0.0146484375 0.052734375
1 0.4033203125 0.40234375 0.015625 0.0498046875
1 0.4599609375 0.3505859375 0.0185546875 0.060546875
1 0.103515625 0.52734375 0.017578125 0.052734375
1 0.0390625 0.5751953125 0.0185546875 0.056640625
1 0.0703125 0.5810546875 0.0146484375 0.06640625
1 0.0859375 0.5810546875 0.013671875 0.0576171875
1 0.1162109375 0.5810546875 0.015625 0.0654296875
1 0.1474609375 0.5263671875 0.015625 0.0576171875
1 0.17578125 0.525390625 0.0166015625 0.052734375
1 0.19140625 0.580078125 0.0146484375 0.05859375
1 0.2236328125 0.52734375 0.0166015625 0.0556640625
1 0.2373046875 0.525390625 0.0166015625 0.056640625
1 0.220703125 0.580078125 0.0166015625 0.0546875
1 0.28125 0.5263671875 0.0166015625 0.0537109375
1 0.28125 0.580078125 0.0166015625 0.0556640625
1 0.3271484375 0.529296875 0.0146484375 0.0546875
1 0.38671875 0.578125 0.0146484375 0.0556640625
1 0.416015625 0.5791015625 0.017578125 0.0576171875
1 0.4609375 0.5810546875 0.013671875 0.052734375
1 0.162109375 0.7265625 0.0166015625 0.05859375
1 0.1748046875 0.7255859375 0.0146484375 0.0654296875
1 0.2060546875 0.7265625 0.015625 0.0595703125
1 0.2958984375 0.728515625 0.0126953125 0.05859375
1 0.3857421875 0.7275390625 0.015625 0.0537109375
1 0.4619140625 0.728515625 0.015625 0.0615234375
1 0.1455078125 0.7822265625 0.013671875 0.0517578125
1 0.3427734375 0.5810546875 0.015625 0.0595703125
1 0.0361328125 0.7275390625 0.017578125 0.0595703125
1 0.052734375 0.728515625 0.01953125 0.0615234375
1 0.068359375 0.7294921875 0.0185546875 0.0625
1 0.1162109375 0.7275390625 0.0146484375 0.052734375
1 0.1298828125 0.7255859375 0.015625 0.05078125
1 0.0517578125 0.78515625 0.0185546875 0.0537109375
1 0.0693359375 0.7861328125 0.0166015625 0.05859375
1 0.083984375 0.78515625 0.01953125 0.0625
1 0.0986328125 0.7841796875 0.015625 0.064453125
1 0.1142578125 0.7822265625 0.013671875 0.0595703125
1 0.19140625 0.7841796875 0.015625 0.05859375
1 0.20703125 0.7861328125 0.0146484375 0.0556640625
1 0.2216796875 0.783203125 0.013671875 0.0556640625
1 0.2353515625 0.78515625 0.01953125 0.0654296875
1 0.2509765625 0.78515625 0.01953125 0.0634765625
1 0.2802734375 0.78515625 0.0166015625 0.0556640625
1 0.3251953125 0.7880859375 0.0166015625 0.05859375
1 0.3408203125 0.787109375 0.015625 0.0634765625
1 0.326171875 0.73046875 0.0166015625 0.0595703125
1 0.35546875 0.787109375 0.017578125 0.0634765625
1 0.3857421875 0.787109375 0.0146484375 0.060546875
1 0.4150390625 0.787109375 0.0166015625 0.0595703125
1 0.4453125 0.78515625 0.0166015625 0.0576171875
1 0.462890625 0.78515625 0.0205078125 0.05859375
1 0.064453125 0.9072265625 0.0185546875 0.0595703125
1 0.0830078125 0.91015625 0.0185546875 0.0615234375
1 0.0986328125 0.9091796875 0.015625 0.060546875
1 0.1298828125 0.9091796875 0.0146484375 0.0595703125
1 0.1435546875 0.908203125 0.0146484375 0.0615234375
1 0.173828125 0.908203125 0.0146484375 0.0556640625
1 0.1884765625 0.90625 0.017578125 0.0654296875
1 0.205078125 0.9072265625 0.0146484375 0.0615234375
1 0.234375 0.90625 0.0166015625 0.060546875
1 0.25 0.9072265625 0.0146484375 0.060546875
1 0.2802734375 0.908203125 0.015625 0.056640625
1 0.33984375 0.91015625 0.0146484375 0.0595703125
1 0.353515625 0.90625 0.015625 0.0625
1 0.384765625 0.9072265625 0.013671875 0.0625
1 0.3994140625 0.91015625 0.0146484375 0.064453125
1 0.4140625 0.9091796875 0.0146484375 0.0634765625
1 0.427734375 0.9091796875 0.0166015625 0.0595703125
1 0.4443359375 0.9091796875 0.0146484375 0.0595703125
1 0.0986328125 0.96484375 0.0185546875 0.0615234375
1 0.115234375 0.9677734375 0.015625 0.064453125
1 0.1279296875 0.962890625 0.017578125 0.0615234375
1 0.1435546875 0.96484375 0.0166015625 0.0693359375
1 0.158203125 0.96484375 0.0166015625 0.0693359375
1 0.1728515625 0.966796875 0.01953125 0.06640625
1 0.189453125 0.96484375 0.01953125 0.0693359375
1 0.2041015625 0.96484375 0.01953125 0.0693359375
1 0.2216796875 0.966796875 0.0166015625 0.0654296875
1 0.234375 0.96484375 0.01953125 0.0693359375
1 0.25 0.9638671875 0.0205078125 0.0693359375
1 0.263671875 0.9658203125 0.0185546875 0.068359375
1 0.2939453125 0.962890625 0.0166015625 0.0625
1 0.3095703125 0.9658203125 0.021484375 0.0634765625
1 0.3232421875 0.96484375 0.0205078125 0.064453125
1 0.3388671875 0.96484375 0.01953125 0.064453125
1 0.353515625 0.966796875 0.017578125 0.06640625
1 0.369140625 0.96484375 0.0166015625 0.0634765625
1 0.4140625 0.9658203125 0.015625 0.068359375
1 0.4443359375 0.9677734375 0.017578125 0.064453125
1 0.4599609375 0.9677734375 0.017578125 0.064453125
0 0.3701171875 0.171875 0.0224609375 0.0556640625
0 0.34765625 0.169921875 0.0224609375 0.0537109375
1 0.5537109375 0.171875 0.0205078125 0.0576171875
0 0.009765625 0.1630859375 0.01953125 0.0615234375
0 0.029296875 0.1640625 0.0205078125 0.060546875
0 0.0546875 0.1630859375 0.0244140625 0.05859375
0 0.078125 0.1611328125 0.0224609375 0.0615234375
0 0.1005859375 0.1630859375 0.01953125 0.0703125
0 0.12109375 0.1591796875 0.0224609375 0.0693359375
0 0.1689453125 0.1640625 0.021484375 0.0625
0 0.1904296875 0.1630859375 0.0224609375 0.0634765625
0 0.052734375 0.0380859375 0.0205078125 0.0712890625
0 0.32421875 0.0478515625 0.0166015625 0.0556640625
0 0.345703125 0.048828125 0.0205078125 0.05859375
0 0.3662109375 0.046875 0.0224609375 0.0625
0 0.4375 0.166015625 0.0263671875 0.0654296875
0 0.4169921875 0.1640625 0.0224609375 0.0712890625
0 0.3251953125 0.1640625 0.0263671875 0.0703125
0 0.3046875 0.1650390625 0.0244140625 0.0634765625
0 0.28125 0.1650390625 0.0224609375 0.06640625
0 0.259765625 0.1650390625 0.0234375 0.064453125
0 0.2373046875 0.166015625 0.0224609375 0.0634765625
0 0.009765625 0.2216796875 0.017578125 0.0546875
0 0.02734375 0.2197265625 0.01953125 0.0546875
0 0.046875 0.2216796875 0.01953125 0.0537109375
0 0.0654296875 0.2216796875 0.01953125 0.0546875
0 0.083984375 0.2216796875 0.0205078125 0.052734375
0 0.1025390625 0.2216796875 0.0205078125 0.0556640625
0 0.12109375 0.2216796875 0.0205078125 0.0537109375
0 0.1591796875 0.22265625 0.0205078125 0.0537109375
0 0.1787109375 0.2236328125 0.01953125 0.052734375
0 0.197265625 0.22265625 0.0205078125 0.0537109375
0 0.2158203125 0.224609375 0.0185546875 0.052734375
0 0.234375 0.2255859375 0.01953125 0.0537109375
0 0.25390625 0.2236328125 0.01953125 0.0517578125
0 0.2724609375 0.224609375 0.01953125 0.0517578125
0 0.291015625 0.2255859375 0.0205078125 0.0537109375
0 0.3095703125 0.224609375 0.01953125 0.0546875
0 0.3291015625 0.2255859375 0.01953125 0.0546875
0 0.384765625 0.2255859375 0.0185546875 0.052734375
0 0.4033203125 0.2255859375 0.0185546875 0.0556640625
0 0.421875 0.2294921875 0.0185546875 0.0576171875
0 0.439453125 0.228515625 0.01953125 0.0556640625
0 0.458984375 0.224609375 0.0185546875 0.064453125
0 0.4609375 0.4033203125 0.0146484375 0.052734375
0 0.4462890625 0.349609375 0.0146484375 0.052734375
0 0.4462890625 0.40234375 0.0146484375 0.0517578125
0 0.4306640625 0.349609375 0.015625 0.0537109375
0 0.431640625 0.4072265625 0.0146484375 0.0595703125
0 0.416015625 0.349609375 0.0146484375 0.0556640625
0 0.416015625 0.40234375 0.015625 0.05078125
0 0.4013671875 0.349609375 0.015625 0.0537109375
0 0.38671875 0.349609375 0.0146484375 0.05078125
0 0.3564453125 0.3486328125 0.015625 0.056640625
0 0.3876953125 0.40234375 0.0146484375 0.0517578125
0 0.3720703125 0.40234375 0.015625 0.05078125
0 0.357421875 0.40234375 0.0146484375 0.0517578125
0 0.341796875 0.40234375 0.0166015625 0.05078125
0 0.3271484375 0.40234375 0.0146484375 0.052734375
0 0.3271484375 0.3486328125 0.015625 0.0556640625
0 0.3125 0.3486328125 0.015625 0.052734375
0 0.296875 0.3486328125 0.015625 0.052734375
0 0.2822265625 0.3486328125 0.015625 0.052734375
0 0.267578125 0.3486328125 0.0146484375 0.052734375
0 0.251953125 0.3486328125 0.0146484375 0.052734375
0 0.2373046875 0.3486328125 0.015625 0.0537109375
0 0.22265625 0.34765625 0.015625 0.0537109375
0 0.1923828125 0.3486328125 0.015625 0.0517578125
0 0.1767578125 0.3486328125 0.013671875 0.0556640625
0 0.1630859375 0.3466796875 0.015625 0.0537109375
0 0.1474609375 0.3466796875 0.0146484375 0.0537109375
0 0.1328125 0.3466796875 0.015625 0.052734375
0 0.1171875 0.34765625 0.015625 0.0537109375
0 0.1015625 0.34765625 0.017578125 0.052734375
0 0.0712890625 0.3466796875 0.0185546875 0.0546875
0 0.0546875 0.345703125 0.015625 0.0537109375
0 0.0263671875 0.345703125 0.0146484375 0.056640625
0 0.0087890625 0.341796875 0.017578125 0.05078125
0 0.0400390625 0.3994140625 0.0146484375 0.0537109375
0 0.0556640625 0.400390625 0.0126953125 0.052734375
0 0.0693359375 0.4013671875 0.013671875 0.0546875
0 0.0859375 0.4033203125 0.015625 0.05078125
0 0.1005859375 0.40234375 0.013671875 0.056640625
0 0.1328125 0.4033203125 0.015625 0.0615234375
0 0.177734375 0.4052734375 0.013671875 0.0625
0 0.2216796875 0.4033203125 0.015625 0.0556640625
0 0.2373046875 0.40234375 0.015625 0.0546875
0 0.251953125 0.4033203125 0.013671875 0.0546875
0 0.2666015625 0.404296875 0.013671875 0.0595703125
0 0.2822265625 0.404296875 0.0146484375 0.0576171875
0 0.296875 0.40234375 0.015625 0.052734375
0 0.4609375 0.52734375 0.015625 0.0498046875
0 0.4453125 0.52734375 0.0166015625 0.05078125
0 0.4296875 0.5283203125 0.013671875 0.0498046875
0 0.4169921875 0.5283203125 0.015625 0.0498046875
0 0.4013671875 0.52734375 0.0146484375 0.0478515625
0 0.38671875 0.5283203125 0.0146484375 0.048828125
0 0.3720703125 0.5283203125 0.015625 0.048828125
0 0.3564453125 0.5283203125 0.0146484375 0.05078125
0 0.3408203125 0.5244140625 0.0166015625 0.056640625
0 0.3115234375 0.52734375 0.015625 0.05078125
0 0.296875 0.52734375 0.015625 0.0517578125
0 0.2666015625 0.52734375 0.0146484375 0.05078125
0 0.251953125 0.5263671875 0.015625 0.048828125
0 0.2060546875 0.525390625 0.0166015625 0.0546875
0 0.189453125 0.52734375 0.015625 0.056640625
0 0.1611328125 0.525390625 0.0146484375 0.0537109375
0 0.1318359375 0.5263671875 0.0166015625 0.052734375
0 0.1162109375 0.5244140625 0.0185546875 0.0546875
0 0.0859375 0.5244140625 0.0166015625 0.0556640625
0 0.0703125 0.5224609375 0.0146484375 0.0537109375
0 0.0537109375 0.5224609375 0.0166015625 0.05859375
0 0.0380859375 0.521484375 0.0146484375 0.0546875
0 0.0224609375 0.521484375 0.0166015625 0.0556640625
0 0.0205078125 0.5791015625 0.0205078125 0.0615234375
0 0.0556640625 0.5791015625 0.0166015625 0.0576171875
0 0.1015625 0.58203125 0.0146484375 0.0576171875
0 0.130859375 0.580078125 0.0166015625 0.05859375
0 0.1474609375 0.5810546875 0.015625 0.0595703125
0 0.162109375 0.5810546875 0.015625 0.05859375
0 0.17578125 0.5810546875 0.0146484375 0.056640625
0 0.20703125 0.5830078125 0.0146484375 0.0625
0 0.236328125 0.5830078125 0.0146484375 0.060546875
0 0.2509765625 0.5810546875 0.015625 0.056640625
0 0.2666015625 0.583984375 0.0146484375 0.064453125
0 0.296875 0.5849609375 0.0146484375 0.0634765625
0 0.3115234375 0.5830078125 0.015625 0.0595703125
0 0.3271484375 0.58203125 0.013671875 0.0595703125
0 0.3564453125 0.5810546875 0.0166015625 0.060546875
0 0.37109375 0.5830078125 0.0146484375 0.060546875
0 0.4013671875 0.5810546875 0.0146484375 0.0595703125
0 0.4306640625 0.5849609375 0.015625 0.06640625
0 0.4453125 0.58203125 0.0146484375 0.05859375
0 0.0849609375 0.728515625 0.013671875 0.0537109375
0 0.099609375 0.73046875 0.015625 0.0556640625
0 0.1455078125 0.7294921875 0.0166015625 0.0537109375
0 0.19140625 0.7294921875 0.0166015625 0.056640625
0 0.220703125 0.728515625 0.015625 0.0546875
0 0.236328125 0.73046875 0.015625 0.056640625
0 0.25 0.73046875 0.0146484375 0.0556640625
0 0.2646484375 0.73046875 0.015625 0.0556640625
0 0.28125 0.73046875 0.0146484375 0.0556640625
0 0.310546875 0.7294921875 0.015625 0.056640625
0 0.33984375 0.728515625 0.015625 0.0556640625
0 0.35546875 0.7314453125 0.0166015625 0.0615234375
0 0.37109375 0.7294921875 0.013671875 0.0556640625
0 0.400390625 0.7294921875 0.0146484375 0.056640625
0 0.4150390625 0.7294921875 0.015625 0.0556640625
0 0.4296875 0.73046875 0.0146484375 0.056640625
0 0.4453125 0.73046875 0.0146484375 0.056640625
0 0.4296875 0.7861328125 0.0146484375 0.0576171875
0 0.400390625 0.787109375 0.0146484375 0.060546875
0 0.3701171875 0.7861328125 0.0146484375 0.0576171875
0 0.310546875 0.787109375 0.015625 0.056640625
0 0.294921875 0.787109375 0.0146484375 0.056640625
0 0.2646484375 0.78515625 0.0146484375 0.0546875
0 0.17578125 0.7861328125 0.0146484375 0.0576171875
0 0.16015625 0.787109375 0.0166015625 0.0595703125
0 0.1298828125 0.7841796875 0.0166015625 0.0634765625
0 0.0810546875 0.9658203125 0.0185546875 0.056640625
0 0.11328125 0.908203125 0.013671875 0.0556640625
0 0.158203125 0.908203125 0.0146484375 0.0556640625
0 0.2197265625 0.9091796875 0.0146484375 0.0576171875
0 0.2646484375 0.9091796875 0.0146484375 0.05859375
0 0.294921875 0.91015625 0.0146484375 0.0576171875
0 0.30859375 0.912109375 0.013671875 0.0615234375
0 0.32421875 0.912109375 0.0146484375 0.0615234375
0 0.369140625 0.9111328125 0.015625 0.05859375
0 0.458984375 0.91015625 0.0146484375 0.056640625
0 0.4287109375 0.9677734375 0.015625 0.05859375
0 0.3994140625 0.9658203125 0.0166015625 0.0576171875
0 0.3837890625 0.9658203125 0.0146484375 0.056640625
0 0.279296875 0.9658203125 0.015625 0.056640625
0 0.5576171875 0.046875 0.0185546875 0.060546875
0 0.578125 0.041015625 0.01953125 0.06640625
0 0.5986328125 0.044921875 0.0205078125 0.0595703125
0 0.6240234375 0.0419921875 0.01953125 0.05859375
0 0.6474609375 0.0439453125 0.0205078125 0.0693359375
0 0.6708984375 0.041015625 0.0185546875 0.0625
0 0.6953125 0.0419921875 0.0146484375 0.0654296875
0 0.794921875 0.041015625 0.021484375 0.06640625
0 0.841796875 0.0400390625 0.021484375 0.0673828125
0 0.9130859375 0.033203125 0.021484375 0.06640625
0 0.9765625 0.3466796875 0.01953125 0.05859375
0 0.9921875 0.3466796875 0.015625 0.0546875
0 0.9755859375 0.404296875 0.0185546875 0.0556640625
1 0.9912109375 0.4052734375 0.0166015625 0.0615234375
1 0.9560546875 0.52734375 0.0166015625 0.0556640625
1 0.98828125 0.5283203125 0.015625 0.05078125
0 0.97265625 0.5283203125 0.017578125 0.0537109375
1 0.765625 0.046875 0.0244140625 0.0576171875
1 0.8154296875 0.0439453125 0.017578125 0.0546875
1 0.86328125 0.04296875 0.0166015625 0.0546875
1 0.88671875 0.04296875 0.0146484375 0.0556640625
1 0.87890625 0.1669921875 0.017578125 0.0546875
1 0.85546875 0.166015625 0.0166015625 0.0537109375
1 0.83203125 0.1669921875 0.0166015625 0.0556640625
1 0.8076171875 0.16796875 0.015625 0.0537109375
1 0.7841796875 0.166015625 0.017578125 0.0546875
1 0.76171875 0.1689453125 0.0166015625 0.0546875
1 0.73828125 0.1689453125 0.015625 0.0546875
1 0.71484375 0.169921875 0.015625 0.0546875
1 0.693359375 0.169921875 0.015625 0.052734375
1 0.6689453125 0.1689453125 0.015625 0.0537109375
1 0.6474609375 0.1689453125 0.0146484375 0.0517578125
1 0.6240234375 0.171875 0.015625 0.056640625
1 0.6015625 0.1708984375 0.015625 0.0537109375
1 0.578125 0.171875 0.0146484375 0.0546875
0 0.5556640625 0.2236328125 0.017578125 0.0556640625
0 0.5732421875 0.224609375 0.0205078125 0.052734375
0 0.5927734375 0.2236328125 0.01953125 0.0537109375
0 0.611328125 0.224609375 0.01953125 0.052734375
0 0.6484375 0.224609375 0.01953125 0.0556640625
0 0.6689453125 0.224609375 0.017578125 0.0556640625
1 0.630859375 0.224609375 0.0185546875 0.052734375
1 0.6875 0.2236328125 0.01953125 0.0498046875
0 0.7060546875 0.2236328125 0.01953125 0.0556640625
0 0.7255859375 0.2236328125 0.01953125 0.0546875
0 0.7451171875 0.22265625 0.01953125 0.0595703125
0 0.763671875 0.22265625 0.021484375 0.056640625
0 0.7822265625 0.22265625 0.0205078125 0.0546875
0 0.802734375 0.2216796875 0.0185546875 0.0537109375
0 0.8212890625 0.22265625 0.0205078125 0.052734375
0 0.841796875 0.2216796875 0.0205078125 0.0537109375
0 0.859375 0.2216796875 0.015625 0.0537109375
0 0.8759765625 0.220703125 0.0185546875 0.0546875
0 0.8603515625 0.34765625 0.0185546875 0.0556640625
0 0.8271484375 0.34765625 0.015625 0.0556640625
0 0.8115234375 0.34375 0.015625 0.0615234375
0 0.7958984375 0.3466796875 0.0146484375 0.05859375
0 0.7646484375 0.3466796875 0.015625 0.05859375
0 0.75 0.3466796875 0.015625 0.05859375
0 0.7197265625 0.3486328125 0.0166015625 0.0595703125
0 0.7041015625 0.3486328125 0.015625 0.056640625
0 0.6884765625 0.3486328125 0.0146484375 0.056640625
0 0.6728515625 0.34765625 0.0146484375 0.0546875
0 0.658203125 0.349609375 0.015625 0.0546875
0 0.6279296875 0.3505859375 0.0146484375 0.052734375
0 0.61328125 0.349609375 0.0146484375 0.0546875
0 0.5830078125 0.3486328125 0.0146484375 0.0537109375
0 0.5537109375 0.34765625 0.0146484375 0.05859375
0 0.552734375 0.4052734375 0.0146484375 0.05078125
0 0.5673828125 0.404296875 0.0146484375 0.0498046875
0 0.58203125 0.404296875 0.0146484375 0.05078125
0 0.59765625 0.4052734375 0.0146484375 0.0517578125
0 0.6123046875 0.4052734375 0.015625 0.0556640625
0 0.626953125 0.404296875 0.0146484375 0.0537109375
0 0.658203125 0.4052734375 0.015625 0.052734375
0 0.6875 0.4052734375 0.015625 0.0576171875
0 0.703125 0.404296875 0.015625 0.0556640625
0 0.71875 0.404296875 0.015625 0.052734375
0 0.734375 0.4033203125 0.015625 0.052734375
0 0.75 0.40234375 0.015625 0.0537109375
0 0.7802734375 0.40234375 0.0166015625 0.05078125
0 0.8115234375 0.40234375 0.0185546875 0.056640625
0 0.828125 0.40234375 0.017578125 0.05859375
0 0.84375 0.4052734375 0.0166015625 0.0615234375
0 0.8603515625 0.4052734375 0.0166015625 0.05859375
1 0.8427734375 0.3486328125 0.0146484375 0.0556640625
1 0.78125 0.3486328125 0.015625 0.0546875
1 0.7958984375 0.40234375 0.015625 0.0517578125
1 0.7646484375 0.4013671875 0.015625 0.05078125
1 0.7353515625 0.34765625 0.0146484375 0.056640625
1 0.6728515625 0.40234375 0.0146484375 0.05078125
1 0.642578125 0.349609375 0.0146484375 0.0517578125
1 0.5986328125 0.349609375 0.0146484375 0.0546875
1 0.5673828125 0.349609375 0.0146484375 0.0556640625
0 0.552734375 0.525390625 0.013671875 0.0517578125
0 0.56640625 0.5263671875 0.015625 0.052734375
0 0.5810546875 0.5263671875 0.0166015625 0.052734375
0 0.59765625 0.52734375 0.015625 0.0537109375
0 0.611328125 0.5283203125 0.015625 0.0517578125
0 0.6416015625 0.52734375 0.015625 0.05078125
0 0.6572265625 0.529296875 0.015625 0.0546875
0 0.6728515625 0.5283203125 0.015625 0.0517578125
0 0.6875 0.5283203125 0.015625 0.052734375
0 0.703125 0.5283203125 0.0166015625 0.052734375
0 0.71875 0.5283203125 0.0166015625 0.0517578125
0 0.75 0.5263671875 0.017578125 0.0595703125
0 0.779296875 0.52734375 0.0166015625 0.0576171875
0 0.7958984375 0.529296875 0.015625 0.052734375
0 0.8115234375 0.5302734375 0.015625 0.052734375
0 0.8271484375 0.529296875 0.0166015625 0.0498046875
0 0.8427734375 0.53125 0.0166015625 0.052734375
0 0.8603515625 0.533203125 0.0185546875 0.056640625
0 0.8779296875 0.5302734375 0.017578125 0.0537109375
0 0.8125 0.5869140625 0.01953125 0.0625
0 0.794921875 0.5849609375 0.015625 0.0595703125
0 0.7802734375 0.5849609375 0.017578125 0.060546875
0 0.7646484375 0.583984375 0.0166015625 0.05859375
0 0.7490234375 0.5830078125 0.0166015625 0.056640625
0 0.7333984375 0.58203125 0.015625 0.0576171875
0 0.71875 0.5830078125 0.017578125 0.0595703125
0 0.7021484375 0.58203125 0.015625 0.05859375
0 0.671875 0.58203125 0.0146484375 0.05859375
0 0.6572265625 0.58203125 0.0146484375 0.0556640625
0 0.6416015625 0.5810546875 0.015625 0.056640625
0 0.611328125 0.5810546875 0.0166015625 0.0595703125
0 0.5966796875 0.58203125 0.0146484375 0.056640625
0 0.56640625 0.580078125 0.0146484375 0.056640625
0 0.552734375 0.5791015625 0.013671875 0.0546875
1 0.626953125 0.52734375 0.0146484375 0.0517578125
1 0.5810546875 0.5791015625 0.0146484375 0.056640625
1 0.626953125 0.58203125 0.0146484375 0.056640625
1 0.6875 0.58203125 0.015625 0.05859375
1 0.7333984375 0.5283203125 0.015625 0.0517578125
1 0.7646484375 0.529296875 0.013671875 0.0517578125
1 0.97265625 0.8037109375 0.0166015625 0.0546875
1 0.95703125 0.8046875 0.0166015625 0.05078125
1 0.9423828125 0.8046875 0.015625 0.0546875
1 0.923828125 0.802734375 0.0205078125 0.0546875
1 0.8896484375 0.80078125 0.0185546875 0.052734375
1 0.8583984375 0.80078125 0.0166015625 0.048828125
1 0.8271484375 0.7958984375 0.0166015625 0.060546875
1 0.8125 0.794921875 0.0166015625 0.05859375
1 0.796875 0.794921875 0.0166015625 0.056640625
1 0.7666015625 0.79296875 0.015625 0.0576171875
1 0.7509765625 0.79296875 0.015625 0.0576171875
1 0.7353515625 0.7919921875 0.0146484375 0.0576171875
1 0.720703125 0.7919921875 0.0166015625 0.0595703125
1 0.705078125 0.7919921875 0.015625 0.0556640625
1 0.689453125 0.7919921875 0.015625 0.056640625
1 0.673828125 0.791015625 0.0146484375 0.056640625
1 0.6123046875 0.7890625 0.0146484375 0.056640625
1 0.58203125 0.7880859375 0.0146484375 0.0556640625
1 0.552734375 0.7861328125 0.015625 0.056640625
1 0.78125 0.736328125 0.015625 0.0556640625
1 0.7666015625 0.736328125 0.015625 0.0556640625
1 0.705078125 0.736328125 0.015625 0.0576171875
0 0.552734375 0.73046875 0.0146484375 0.05859375
0 0.5673828125 0.732421875 0.013671875 0.0546875
0 0.58203125 0.7333984375 0.015625 0.056640625
0 0.5673828125 0.787109375 0.0146484375 0.0576171875
0 0.59765625 0.7880859375 0.0146484375 0.056640625
0 0.5966796875 0.732421875 0.015625 0.0556640625
0 0.6123046875 0.7314453125 0.0146484375 0.0576171875
0 0.6279296875 0.7890625 0.015625 0.056640625
0 0.626953125 0.732421875 0.015625 0.0576171875
0 0.642578125 0.7333984375 0.0146484375 0.056640625
0 0.658203125 0.79296875 0.0166015625 0.0615234375
0 0.658203125 0.734375 0.017578125 0.056640625
0 0.673828125 0.734375 0.0146484375 0.056640625
0 0.689453125 0.7353515625 0.0146484375 0.056640625
0 0.720703125 0.7392578125 0.015625 0.0634765625
0 0.736328125 0.7353515625 0.0146484375 0.0556640625
0 0.7509765625 0.736328125 0.015625 0.056640625
0 0.796875 0.7373046875 0.015625 0.056640625
0 0.8125 0.7373046875 0.0166015625 0.0576171875
0 0.7822265625 0.794921875 0.015625 0.0595703125
0 0.875 0.802734375 0.015625 0.0537109375
0 0.90625 0.802734375 0.0166015625 0.0537109375
0 0.974609375 0.9287109375 0.0185546875 0.0576171875
0 0.9423828125 0.9267578125 0.0166015625 0.056640625
0 0.814453125 0.974609375 0.0166015625 0.05078125
0 0.783203125 0.9736328125 0.0166015625 0.0517578125
0 0.7509765625 0.9736328125 0.015625 0.052734375
0 0.705078125 0.970703125 0.015625 0.05859375
0 0.6728515625 0.9716796875 0.017578125 0.056640625
0 0.6435546875 0.9697265625 0.015625 0.056640625
0 0.5517578125 0.9609375 0.013671875 0.078125
0 0.58203125 0.9130859375 0.0146484375 0.0556640625
0 0.5966796875 0.9140625 0.015625 0.0576171875
0 0.6279296875 0.9140625 0.0185546875 0.0576171875
0 0.6884765625 0.9169921875 0.015625 0.056640625
0 0.7666015625 0.919921875 0.015625 0.05859375
1 0.552734375 0.91015625 0.0146484375 0.0546875
1 0.5673828125 0.912109375 0.015625 0.056640625
1 0.5673828125 0.96875 0.015625 0.0576171875
1 0.58203125 0.9677734375 0.015625 0.0576171875
1 0.59765625 0.96875 0.015625 0.0556640625
1 0.6123046875 0.9140625 0.015625 0.056640625
1 0.6123046875 0.96875 0.0146484375 0.0576171875
1 0.6279296875 0.9697265625 0.0166015625 0.05859375
1 0.6435546875 0.9150390625 0.0166015625 0.0556640625
1 0.658203125 0.9140625 0.015625 0.052734375
1 0.6591796875 0.970703125 0.015625 0.056640625
1 0.673828125 0.916015625 0.0146484375 0.056640625
1 0.689453125 0.970703125 0.015625 0.056640625
1 0.7041015625 0.916015625 0.0146484375 0.056640625
1 0.7197265625 0.9169921875 0.0166015625 0.0556640625
1 0.7353515625 0.91796875 0.015625 0.0556640625
1 0.7509765625 0.9189453125 0.015625 0.056640625
1 0.7197265625 0.970703125 0.017578125 0.0546875
1 0.736328125 0.97265625 0.015625 0.0546875
1 0.767578125 0.9736328125 0.0166015625 0.0517578125
1 0.7822265625 0.919921875 0.015625 0.0595703125
1 0.798828125 0.9736328125 0.015625 0.0517578125
1 0.8291015625 0.9736328125 0.015625 0.0478515625
1 0.8447265625 0.974609375 0.015625 0.0498046875
1 0.859375 0.974609375 0.015625 0.05078125
1 0.8759765625 0.9755859375 0.0166015625 0.048828125
1 0.890625 0.9755859375 0.015625 0.048828125
1 0.9072265625 0.9765625 0.015625 0.046875
1 0.9248046875 0.9765625 0.0205078125 0.046875
1 0.9423828125 0.9765625 0.0166015625 0.046875
1 0.95703125 0.9765625 0.015625 0.046875
1 0.9736328125 0.9775390625 0.0166015625 0.0439453125
1 0.9580078125 0.9267578125 0.015625 0.056640625
1 0.923828125 0.9267578125 0.01953125 0.0576171875
1 0.90625 0.9248046875 0.0166015625 0.056640625
1 0.890625 0.9248046875 0.015625 0.0556640625
1 0.875 0.923828125 0.015625 0.0546875
1 0.859375 0.9228515625 0.015625 0.0556640625
1 0.84375 0.921875 0.015625 0.0546875
1 0.828125 0.9208984375 0.015625 0.0556640625
1 0.8134765625 0.921875 0.0146484375 0.056640625
1 0.7978515625 0.9208984375 0.015625 0.056640625