1 0.754375 0.8827316874208315 0.600625 0.8168983540874983 0.66375 0.518565020754165 0.7775000000000001 0.571065020754165
1 0.671875 0.5233333333333333 0.61125 0.8225000000000001 0.4631250000000001 0.7425 0.5637500000000001 0.475
1 0.57 0.48083333333333333 0.4725000000000001 0.7475 0.3431250000000002 0.6675000000000001 0.465 0.43916666666666676
1 0.474375 0.44083333333333335 0.350625 0.6733333333333335 0.253125 0.5991666666666666 0.3825 0.4083333333333334
1 0.77375 0.575 0.66375 0.5283333333333334 0.6893750000000001 0.36333333333333334 0.7718750000000001 0.3991666666666667
1 0.67125 0.5308333333333334 0.561875 0.4833333333333334 0.6125 0.3333333333333333 0.695 0.3675
1 0.568125 0.485 0.4643750000000001 0.44166666666666665 0.5381250000000001 0.31000000000000005 0.61625 0.34166666666666673
1 0.471875 0.44583333333333336 0.38187500000000013 0.41416666666666674 0.46687500000000004 0.2933333333333334 0.541875 0.3175
1 0.385625 0.4141666666666667 0.4725 0.29583333333333334 0.403125 0.2833333333333334 0.329375 0.36833333333333335 0.346875 0.3775 0.354375 0.3933333333333333 0.356875 0.4075
1 0.33 0.36666666666666664 0.290625 0.3625 0.2875 0.3375 0.35370087904835895 0.27021635034159736 0.40915684861234636 0.28614679146295957 0.3478396790131408 0.3546777457208952 0.3347646943191925 0.36880474067757496
0 0.8359375 0.8450520833333334 0.8369140625 0.84375 0.8427734375 0.84375 0.8447265625 0.8411458333333334 0.8486328125 0.8411458333333334 0.8544921875 0.8333333333333334 0.8564453125 0.8333333333333334 0.8603515625 0.828125 0.8623046875 0.828125 0.86328125 0.82421875 0.865234375 0.8216145833333334 0.865234375 0.8190104166666666 0.8671875 0.81640625 0.8671875 0.8138020833333334 0.869140625 0.8111979166666666 0.869140625 0.8033854166666666 0.87109375 0.80078125 0.87109375 0.7877604166666666 0.873046875 0.78515625 0.873046875 0.7721354166666666 0.875 0.76953125 0.875 0.7513020833333334 0.87890625 0.7434895833333334 0.87890625 0.66015625 0.876953125 0.6575520833333334 0.876953125 0.64453125 0.875 0.6419270833333334 0.875 0.6263020833333334 0.873046875 0.6236979166666666 0.873046875 0.6158854166666666 0.87109375 0.61328125 0.87109375 0.6080729166666666 0.869140625 0.60546875 0.869140625 0.6028645833333334 0.865234375 0.5950520833333334 0.865234375 0.5872395833333334 0.86328125 0.5846354166666666 0.86328125 0.58203125 0.8583984375 0.5755208333333334 0.8564453125 0.5755208333333334 0.8544921875 0.5729166666666666 0.8525390625 0.5729166666666666 0.8505859375 0.5703125 0.8486328125 0.5703125 0.8427734375 0.5651041666666666 0.8388671875 0.5651041666666666 0.8369140625 0.5625 0.8330078125 0.5625 0.8310546875 0.5598958333333334 0.8251953125 0.5598958333333334 0.8232421875 0.5572916666666666 0.8115234375 0.5572916666666666 0.8095703125 0.5598958333333334 0.8037109375 0.5625 0.80078125 0.56640625 0.80078125 0.5690104166666666 0.7978515625 0.5729166666666666 0.794921875 0.57421875 0.794921875 0.5768229166666666 0.79296875 0.5794270833333334 0.79296875 0.5846354166666666 0.791015625 0.5872395833333334 0.791015625 0.5924479166666666 0.7890625 0.5950520833333334 0.7890625 0.59765625 0.78515625 0.6028645833333334 0.78515625 0.6106770833333334 0.783203125 0.61328125 0.783203125 0.6184895833333334 0.78125 0.62109375 0.78125 0.6315104166666666 0.783203125 0.6341145833333334 0.783203125 0.6393229166666666 0.78515625 0.6419270833333334 0.78515625 0.70703125 0.783203125 0.7096354166666666 0.783203125 0.7486979166666666 0.77734375 0.7565104166666666 0.77734375 0.7591145833333334 0.775390625 0.76171875 0.775390625 0.76953125 0.7734375 0.7721354166666666 0.7734375 0.7825520833333334 0.775390625 0.78515625 0.775390625 0.7877604166666666 0.7783203125 0.7890625 0.783203125 0.7955729166666666 0.783203125 0.8033854166666666 0.78515625 0.8059895833333334 0.78515625 0.8111979166666666 0.787109375 0.8138020833333334 0.787109375 0.81640625 0.7890625 0.8190104166666666 0.7900390625 0.8229166666666666 0.7919921875 0.8229166666666666 0.8017578125 0.8333333333333334 0.8056640625 0.8333333333333334 0.8115234375 0.8411458333333334 0.8154296875 0.8411458333333334 0.8173828125 0.84375 0.8251953125 0.84375 0.8271484375 0.8463541666666666 0.8349609375 0.8463541666666666
0 0.259765625 0.5247395833333334 0.2607421875 0.5234375 0.2685546875 0.5234375 0.2705078125 0.5208333333333334 0.2744140625 0.5208333333333334 0.2763671875 0.5182291666666666 0.2783203125 0.5182291666666666 0.2802734375 0.5208333333333334 0.2841796875 0.5208333333333334 0.2861328125 0.5182291666666666 0.2880859375 0.5182291666666666 0.294921875 0.5091145833333334 0.294921875 0.4934895833333333 0.3046875 0.48046875 0.3046875 0.4778645833333333 0.318359375 0.4596354166666667 0.318359375 0.45703125 0.328125 0.4440104166666667 0.328125 0.44140625 0.3310546875 0.4375 0.3330078125 0.4375 0.3408203125 0.4270833333333333 0.3427734375 0.4296875 0.3486328125 0.4296875 0.353515625 0.4231770833333333 0.353515625 0.4205729166666667 0.35546875 0.41796875 0.35546875 0.3919270833333333 0.353515625 0.3893229166666667 0.353515625 0.38671875 0.3466796875 0.3776041666666667 0.3408203125 0.375 0.3349609375 0.3671875 0.3212890625 0.3671875 0.3193359375 0.3645833333333333 0.2919921875 0.3645833333333333 0.2900390625 0.3671875 0.2841796875 0.3697916666666667 0.2802734375 0.375 0.2783203125 0.375 0.265625 0.3919270833333333 0.265625 0.39453125 0.2626953125 0.3958333333333333 0.2578125 0.40234375 0.2578125 0.4049479166666667 0.251953125 0.4127604166666667 0.25 0.4205729166666667 0.24609375 0.42578125 0.24609375 0.4283854166666667 0.244140625 0.4309895833333333 0.244140625 0.4361979166666667 0.2421875 0.4388020833333333 0.2421875 0.44140625 0.240234375 0.4440104166666667 0.23828125 0.4518229166666667 0.234375 0.45703125 0.234375 0.4596354166666667 0.232421875 0.4622395833333333 0.232421875 0.46484375 0.23046875 0.4674479166666667 0.23046875 0.4700520833333333 0.2265625 0.4778645833333333 0.2265625 0.50390625 0.2333984375 0.5130208333333334 0.2353515625 0.5130208333333334 0.2392578125 0.5182291666666666 0.2431640625 0.5182291666666666 0.2490234375 0.5234375 0.2568359375 0.5234375 0.2587890625 0.5260416666666666
0 0.25 0.34765625 0.25 0.3424479166666667 0.2509765625 0.3411458333333333 0.2529296875 0.3411458333333333 0.2548828125 0.3463541666666667 0.2626953125 0.3463541666666667 0.2646484375 0.34375 0.2685546875 0.34375 0.2705078125 0.3411458333333333 0.2802734375 0.3411458333333333 0.283203125 0.3372395833333333 0.283203125 0.3346354166666667 0.28515625 0.33203125 0.287109375 0.32421875 0.2880859375 0.3229166666666667 0.2919921875 0.3229166666666667 0.29296875 0.3190104166666667 0.2958984375 0.3151041666666667 0.2978515625 0.3151041666666667 0.3056640625 0.3046875 0.3076171875 0.3046875 0.3134765625 0.296875 0.3154296875 0.296875 0.3193359375 0.2916666666666667 0.3212890625 0.2916666666666667 0.3232421875 0.2890625 0.3330078125 0.2890625 0.337890625 0.2825520833333333 0.337890625 0.27734375 0.33984375 0.2747395833333333 0.33984375 0.2721354166666667 0.34375 0.2669270833333333 0.34375 0.2513020833333333 0.3369140625 0.2421875 0.3349609375 0.2421875 0.3330078125 0.23958333333333334 0.3310546875 0.23958333333333334 0.3291015625 0.23697916666666666 0.326171875 0.23567708333333334 0.326171875 0.23046875 0.330078125 0.22526041666666666 0.330078125 0.22265625 0.333984375 0.21484375 0.333984375 0.20963541666666666 0.3330078125 0.20833333333333334 0.3310546875 0.20833333333333334 0.3291015625 0.20572916666666666 0.3271484375 0.20833333333333334 0.3154296875 0.20833333333333334 0.3134765625 0.2109375 0.3115234375 0.2109375 0.30859375 0.21484375 0.30859375 0.22786458333333334 0.306640625 0.23046875 0.306640625 0.23307291666666666 0.3037109375 0.23697916666666666 0.2998046875 0.23697916666666666 0.2978515625 0.23958333333333334 0.2919921875 0.2421875 0.2822265625 0.2526041666666667 0.2763671875 0.2552083333333333 0.2705078125 0.2630208333333333 0.2685546875 0.2630208333333333 0.267578125 0.2669270833333333 0.2646484375 0.2708333333333333 0.2626953125 0.2708333333333333 0.259765625 0.2747395833333333 0.259765625 0.27734375 0.255859375 0.2825520833333333 0.25390625 0.2903645833333333 0.244140625 0.3033854166666667 0.244140625 0.30859375 0.248046875 0.31640625 0.248046875 0.3216145833333333 0.2451171875 0.3229166666666667 0.244140625 0.3216145833333333 0.244140625 0.31640625 0.2412109375 0.3125 0.2392578125 0.3125 0.236328125 0.31640625 0.236328125 0.3346354166666667 0.23828125 0.3372395833333333 0.23828125 0.3424479166666667 0.2431640625 0.3489583333333333 0.2490234375 0.3489583333333333
0 0.07421875 0.3971354166666667 0.0751953125 0.3958333333333333 0.0849609375 0.3958333333333333 0.0869140625 0.3932291666666667 0.0888671875 0.3932291666666667 0.08984375 0.3893229166666667 0.091796875 0.38671875 0.091796875 0.3841145833333333 0.1044921875 0.3671875 0.1064453125 0.3671875 0.1162109375 0.3541666666666667 0.1181640625 0.3541666666666667 0.1220703125 0.3489583333333333 0.1259765625 0.3489583333333333 0.1279296875 0.3463541666666667 0.1318359375 0.3463541666666667 0.13671875 0.33984375 0.13671875 0.32421875 0.134765625 0.3216145833333333 0.134765625 0.3190104166666667 0.1298828125 0.3125 0.1279296875 0.3125 0.1259765625 0.3098958333333333 0.1123046875 0.3098958333333333 0.1103515625 0.3072916666666667 0.1064453125 0.3072916666666667 0.1044921875 0.3098958333333333 0.1005859375 0.3098958333333333 0.0986328125 0.3151041666666667 0.0927734375 0.3177083333333333 0.0849609375 0.328125 0.08203125 0.3294270833333333 0.080078125 0.3372395833333333 0.076171875 0.3424479166666667 0.076171875 0.34765625 0.07421875 0.3502604166666667 0.072265625 0.3580729166666667 0.060546875 0.3736979166666667 0.060546875 0.37890625 0.05859375 0.3815104166666667 0.05859375 0.38671875 0.060546875 0.3893229166666667 0.060546875 0.3919270833333333 0.0654296875 0.3984375 0.0732421875 0.3984375
0 0.037109375 0.3971354166666667 0.0400390625 0.3958333333333333 0.0439453125 0.390625 0.0458984375 0.390625 0.0517578125 0.3958333333333333 0.0537109375 0.3932291666666667 0.056640625 0.3919270833333333 0.056640625 0.3841145833333333 0.05859375 0.3815104166666667 0.05859375 0.3763020833333333 0.060546875 0.3736979166666667 0.060546875 0.37109375 0.072265625 0.35546875 0.072265625 0.3528645833333333 0.07421875 0.3502604166666667 0.07421875 0.34765625 0.076171875 0.3450520833333333 0.076171875 0.3424479166666667 0.078125 0.33984375 0.080078125 0.33203125 0.0849609375 0.3255208333333333 0.0869140625 0.3255208333333333 0.0966796875 0.3125 0.0986328125 0.3125 0.1015625 0.30859375 0.1005859375 0.3072916666666667 0.0986328125 0.3072916666666667 0.0966796875 0.3098958333333333 0.0908203125 0.3098958333333333 0.0888671875 0.3125 0.0791015625 0.3125 0.0771484375 0.3098958333333333 0.0712890625 0.3098958333333333 0.0693359375 0.3072916666666667 0.0654296875 0.3072916666666667 0.0634765625 0.3098958333333333 0.0615234375 0.3098958333333333 0.0595703125 0.3125 0.0537109375 0.3151041666666667 0.0498046875 0.3203125 0.0439453125 0.3229166666666667 0.0400390625 0.328125 0.037109375 0.3294270833333333 0.037109375 0.33203125 0.01953125 0.35546875 0.01953125 0.37109375 0.0234375 0.37890625 0.0234375 0.38671875 0.025390625 0.3893229166666667 0.025390625 0.3919270833333333 0.0283203125 0.3958333333333333 0.0322265625 0.3958333333333333 0.0341796875 0.3984375
0 0.140625 0.3059895833333333 0.1435546875 0.3046875 0.1533203125 0.2916666666666667 0.1552734375 0.2916666666666667 0.1591796875 0.2864583333333333 0.1611328125 0.2864583333333333 0.1708984375 0.2760416666666667 0.1728515625 0.2760416666666667 0.1787109375 0.2708333333333333 0.1845703125 0.2708333333333333 0.1875 0.2669270833333333 0.1875 0.2643229166666667 0.189453125 0.26171875 0.189453125 0.24869791666666666 0.1826171875 0.23958333333333334 0.1806640625 0.23958333333333334 0.1787109375 0.23697916666666666 0.1669921875 0.23697916666666666 0.1650390625 0.23958333333333334 0.1611328125 0.23958333333333334 0.1552734375 0.24739583333333334 0.1533203125 0.24739583333333334 0.1513671875 0.25 0.1474609375 0.25 0.1435546875 0.2552083333333333 0.1416015625 0.2552083333333333 0.13671875 0.26171875 0.13671875 0.2643229166666667 0.1328125 0.26953125 0.130859375 0.27734375 0.1259765625 0.2838541666666667 0.1240234375 0.2838541666666667 0.1171875 0.29296875 0.1171875 0.30078125 0.1201171875 0.3046875 0.1220703125 0.3046875 0.1240234375 0.3072916666666667 0.1396484375 0.3072916666666667
0 0.2890625 0.18359375 0.2900390625 0.18229166666666666 0.3056640625 0.18229166666666666 0.3134765625 0.171875 0.3173828125 0.171875 0.3193359375 0.16927083333333334 0.3212890625 0.16927083333333334 0.3271484375 0.1640625 0.3349609375 0.1640625 0.3359375 0.16015625 0.337890625 0.15755208333333334 0.3359375 0.15494791666666666 0.3359375 0.14973958333333334 0.3330078125 0.14583333333333334 0.3173828125 0.14583333333333334 0.3154296875 0.14322916666666666 0.3134765625 0.14322916666666666 0.3115234375 0.14583333333333334 0.2998046875 0.14583333333333334 0.2978515625 0.1484375 0.2939453125 0.1484375 0.2919921875 0.15104166666666666 0.2900390625 0.15104166666666666 0.2861328125 0.15625 0.2802734375 0.15885416666666666 0.27734375 0.16276041666666666 0.27734375 0.18098958333333334 0.2783203125 0.18229166666666666 0.2841796875 0.18229166666666666 0.2861328125 0.18489583333333334
0 0.224609375 0.18880208333333334 0.2333984375 0.18489583333333334 0.2373046875 0.1796875 0.2392578125 0.1796875 0.2412109375 0.17708333333333334 0.2431640625 0.17708333333333334 0.2451171875 0.17447916666666666 0.2470703125 0.17447916666666666 0.2529296875 0.16927083333333334 0.2587890625 0.16927083333333334 0.263671875 0.16276041666666666 0.263671875 0.14973958333333334 0.2607421875 0.14583333333333334 0.2587890625 0.14583333333333334 0.2568359375 0.14322916666666666 0.2509765625 0.14322916666666666 0.2490234375 0.14583333333333334 0.2412109375 0.14583333333333334 0.2392578125 0.1484375 0.2353515625 0.1484375 0.2333984375 0.15104166666666666 0.2275390625 0.15364583333333334 0.21875 0.16536458333333334 0.21875 0.16796875 0.2109375 0.17838541666666666 0.212890625 0.18619791666666666 0.2158203125 0.19010416666666666 0.2236328125 0.19010416666666666
0 0.154296875 0.19401041666666666 0.1572265625 0.19270833333333334 0.1591796875 0.19010416666666666 0.1611328125 0.19010416666666666 0.1630859375 0.1875 0.1650390625 0.1875 0.1669921875 0.18489583333333334 0.1689453125 0.18489583333333334 0.1708984375 0.18229166666666666 0.1728515625 0.18229166666666666 0.1748046875 0.1796875 0.1767578125 0.1796875 0.1787109375 0.17708333333333334 0.1806640625 0.17708333333333334 0.185546875 0.17057291666666666 0.185546875 0.16796875 0.1826171875 0.1640625 0.1708984375 0.1640625 0.1689453125 0.16145833333333334 0.1650390625 0.16145833333333334 0.1630859375 0.1640625 0.1591796875 0.1640625 0.1572265625 0.16666666666666666 0.1552734375 0.16666666666666666 0.1455078125 0.17708333333333334 0.1435546875 0.17708333333333334 0.1416015625 0.1796875 0.1376953125 0.1796875 0.1337890625 0.18489583333333334 0.130859375 0.18619791666666666 0.130859375 0.19140625 0.1337890625 0.19270833333333334 0.1357421875 0.1953125 0.1533203125 0.1953125
0 0.396484375 0.16276041666666666 0.3994140625 0.16145833333333334 0.4013671875 0.15885416666666666 0.4052734375 0.15885416666666666 0.4072265625 0.16145833333333334 0.4091796875 0.15885416666666666 0.4111328125 0.15885416666666666 0.4140625 0.15494791666666666 0.4140625 0.15234375 0.4169921875 0.1484375 0.4189453125 0.1484375 0.4228515625 0.14322916666666666 0.4267578125 0.14322916666666666 0.4287109375 0.140625 0.4326171875 0.140625 0.4345703125 0.13802083333333334 0.4404296875 0.13802083333333334 0.4423828125 0.13541666666666666 0.4443359375 0.13541666666666666 0.447265625 0.13151041666666666 0.4453125 0.12890625 0.4453125 0.11848958333333333 0.443359375 0.11588541666666667 0.443359375 0.11328125 0.4404296875 0.109375 0.4384765625 0.109375 0.4375 0.11067708333333333 0.4375 0.11588541666666667 0.4365234375 0.1171875 0.435546875 0.11588541666666667 0.435546875 0.11067708333333333 0.43359375 0.10807291666666667 0.43359375 0.09505208333333333 0.431640625 0.09244791666666667 0.431640625 0.08984375 0.4267578125 0.08333333333333333 0.4052734375 0.08333333333333333 0.4033203125 0.0859375 0.3955078125 0.0859375 0.3935546875 0.08854166666666667 0.3896484375 0.08854166666666667 0.3876953125 0.09114583333333333 0.3837890625 0.09114583333333333 0.3818359375 0.09375 0.3759765625 0.09375 0.3740234375 0.09635416666666667 0.3701171875 0.09635416666666667 0.3681640625 0.09895833333333333 0.3623046875 0.09895833333333333 0.361328125 0.10026041666666667 0.361328125 0.11848958333333333 0.36328125 0.12109375 0.36328125 0.14453125 0.365234375 0.14713541666666666 0.365234375 0.15234375 0.3701171875 0.15885416666666666 0.3720703125 0.15885416666666666 0.3740234375 0.16145833333333334 0.3837890625 0.16145833333333334 0.3857421875 0.1640625 0.3955078125 0.1640625
0 0.53515625 0.20442708333333334 0.537109375 0.20182291666666666 0.537109375 0.19140625 0.5400390625 0.1875 0.5478515625 0.1875 0.5498046875 0.18489583333333334 0.5537109375 0.18489583333333334 0.556640625 0.18098958333333334 0.556640625 0.16536458333333334 0.5537109375 0.16145833333333334 0.5517578125 0.16145833333333334 0.5458984375 0.15625 0.5400390625 0.15625 0.5380859375 0.15364583333333334 0.5322265625 0.15364583333333334 0.5302734375 0.15104166666666666 0.5166015625 0.15104166666666666 0.5146484375 0.15364583333333334 0.5126953125 0.15364583333333334 0.5087890625 0.15885416666666666 0.5068359375 0.15885416666666666 0.5 0.16796875 0.5 0.17057291666666666 0.498046875 0.17317708333333334 0.498046875 0.17838541666666666 0.49609375 0.18098958333333334 0.49609375 0.19140625 0.498046875 0.19401041666666666 0.4990234375 0.19791666666666666 0.5146484375 0.19791666666666666 0.5166015625 0.20052083333333334 0.5283203125 0.20052083333333334 0.5322265625 0.20572916666666666
0 0.771484375 0.19921875 0.7734375 0.19661458333333334 0.7734375 0.18619791666666666 0.7666015625 0.17708333333333334 0.7607421875 0.17447916666666666 0.7568359375 0.16927083333333334 0.7548828125 0.16927083333333334 0.7490234375 0.16145833333333334 0.7470703125 0.16145833333333334 0.7412109375 0.15625 0.7333984375 0.15625 0.7314453125 0.15364583333333334 0.7197265625 0.15364583333333334 0.7177734375 0.15104166666666666 0.7119140625 0.15104166666666666 0.7099609375 0.15364583333333334 0.7080078125 0.15364583333333334 0.703125 0.16015625 0.703125 0.16536458333333334 0.701171875 0.16796875 0.703125 0.17578125 0.7080078125 0.18229166666666666 0.7119140625 0.18229166666666666 0.7158203125 0.1875 0.7177734375 0.1875 0.7197265625 0.19010416666666666 0.7216796875 0.1875 0.7255859375 0.1875 0.7275390625 0.18489583333333334 0.7333984375 0.18489583333333334 0.7353515625 0.1875 0.7412109375 0.1875 0.7431640625 0.19010416666666666 0.7509765625 0.19010416666666666 0.7529296875 0.19270833333333334 0.7568359375 0.19270833333333334 0.7607421875 0.19791666666666666 0.7646484375 0.19791666666666666 0.7666015625 0.20052083333333334 0.7705078125 0.20052083333333334
0 0.69921875 0.17057291666666666 0.701171875 0.16796875 0.701171875 0.16536458333333334 0.705078125 0.16015625 0.705078125 0.15755208333333334 0.7080078125 0.15364583333333334 0.7099609375 0.15364583333333334 0.7119140625 0.15104166666666666 0.7177734375 0.15104166666666666 0.7197265625 0.15364583333333334 0.7314453125 0.15364583333333334 0.732421875 0.15234375 0.73046875 0.14973958333333334 0.73046875 0.14713541666666666 0.7216796875 0.13541666666666666 0.7197265625 0.13541666666666666 0.7138671875 0.13020833333333334 0.7080078125 0.13020833333333334 0.7060546875 0.12760416666666666 0.6962890625 0.12760416666666666 0.6943359375 0.125 0.6904296875 0.125 0.6884765625 0.12239583333333333 0.6845703125 0.12239583333333333 0.68359375 0.12630208333333334 0.681640625 0.12890625 0.681640625 0.13151041666666666 0.6796875 0.13411458333333334 0.6796875 0.13932291666666666 0.677734375 0.14192708333333334 0.677734375 0.15494791666666666 0.6845703125 0.1640625 0.6884765625 0.1640625 0.689453125 0.16796875 0.6923828125 0.171875 0.6982421875 0.171875
0 0.677734375 0.14453125 0.681640625 0.13671875 0.681640625 0.12890625 0.6845703125 0.125 0.6943359375 0.125 0.6962890625 0.12760416666666666 0.7041015625 0.12760416666666666 0.705078125 0.12630208333333334 0.7001953125 0.11979166666666667 0.6962890625 0.11979166666666667 0.6943359375 0.1171875 0.6787109375 0.1171875 0.6748046875 0.12239583333333333 0.6728515625 0.12239583333333333 0.671875 0.12630208333333334 0.669921875 0.12890625 0.669921875 0.13411458333333334 0.671875 0.13671875 0.671875 0.14192708333333334 0.6748046875 0.14322916666666666 0.6767578125 0.14583333333333334
0 0.669921875 0.12630208333333334 0.6728515625 0.12239583333333333 0.6748046875 0.12239583333333333 0.6806640625 0.1171875 0.6904296875 0.1171875 0.69140625 0.11588541666666667 0.6884765625 0.11458333333333333 0.6826171875 0.10677083333333333 0.6806640625 0.10677083333333333 0.6787109375 0.10416666666666667 0.6748046875 0.10416666666666667 0.6728515625 0.1015625 0.6552734375 0.1015625 0.650390625 0.10807291666666667 0.650390625 0.11848958333333333 0.6533203125 0.12239583333333333 0.6572265625 0.12239583333333333 0.6630859375 0.12760416666666666 0.6689453125 0.12760416666666666
0 0.90625 0.20182291666666666 0.908203125 0.19921875 0.908203125 0.18880208333333334 0.9052734375 0.18489583333333334 0.9033203125 0.18489583333333334 0.9013671875 0.18229166666666666 0.8994140625 0.18229166666666666 0.8974609375 0.1796875 0.8955078125 0.1796875 0.8896484375 0.17447916666666666 0.8857421875 0.17447916666666666 0.880859375 0.16796875 0.880859375 0.16536458333333334 0.8779296875 0.1640625 0.8759765625 0.16145833333333334 0.8701171875 0.16145833333333334 0.8681640625 0.15885416666666666 0.8662109375 0.15885416666666666 0.8642578125 0.16145833333333334 0.861328125 0.16276041666666666 0.861328125 0.16536458333333334 0.859375 0.16796875 0.859375 0.17317708333333334 0.8642578125 0.1796875 0.8662109375 0.1796875 0.8759765625 0.19010416666666666 0.8779296875 0.19010416666666666 0.8798828125 0.19270833333333334 0.8857421875 0.19270833333333334 0.8876953125 0.19010416666666666 0.8896484375 0.19010416666666666 0.8955078125 0.19791666666666666 0.8974609375 0.19791666666666666 0.9013671875 0.203125 0.9052734375 0.203125
0 0.83203125 0.14453125 0.8359375 0.13932291666666666 0.833984375 0.13671875 0.833984375 0.13411458333333334 0.8232421875 0.11979166666666667 0.8193359375 0.11979166666666667 0.8134765625 0.11458333333333333 0.8017578125 0.11458333333333333 0.798828125 0.11848958333333333 0.798828125 0.12109375 0.8017578125 0.125 0.8037109375 0.125 0.8076171875 0.13020833333333334 0.8095703125 0.13020833333333334 0.8115234375 0.1328125 0.8173828125 0.13541666666666666 0.8212890625 0.140625 0.8232421875 0.140625 0.8291015625 0.14583333333333334
0 0.888671875 0.16015625 0.888671875 0.15755208333333334 0.8818359375 0.1484375 0.8798828125 0.1484375 0.876953125 0.14453125 0.876953125 0.14192708333333334 0.8720703125 0.13541666666666666 0.8681640625 0.13541666666666666 0.8662109375 0.1328125 0.8583984375 0.1328125 0.8564453125 0.13541666666666666 0.8544921875 0.13541666666666666 0.8515625 0.13932291666666666 0.8515625 0.14453125 0.8544921875 0.1484375 0.8564453125 0.1484375 0.8583984375 0.15104166666666666 0.8623046875 0.15104166666666666 0.8642578125 0.15364583333333334 0.8662109375 0.15364583333333334 0.8720703125 0.15885416666666666 0.8779296875 0.15885416666666666 0.8798828125 0.16145833333333334 0.8876953125 0.16145833333333334
1 0.21987662366361121 0.35161406485113367 0.18240568779810823 0.3374740890528308 0.08059786205032692 0.44870856533281406 0.11241280759650843 0.4845298373551815
1 0.47300409704449997 0.1733206320657307 0.4373322925379484 0.20368533194701377 0.3931959920467914 0.1969674779909777 0.4441845035731052 0.16095978078662435 0.463330387347808 0.16418435068552167 0.47239949018845667 0.17520163117342083
1 0.4447891104291484 0.16310949405255587 0.39380059890283475 0.19965461957339214 0.35651650944683444 0.19374290809208036 0.40589273602369963 0.1588100675206928 0.43652615006322415 0.16042235247014147