0 0.337890625 0.6236979166666666 0.3388671875 0.6223958333333334 0.3544921875 0.6223958333333334 0.3564453125 0.6197916666666666 0.3603515625 0.6197916666666666 0.3662109375 0.6145833333333334 0.3720703125 0.6145833333333334 0.3740234375 0.6119791666666666 0.3798828125 0.6119791666666666 0.3818359375 0.609375 0.3857421875 0.609375 0.390625 0.6028645833333334 0.390625 0.5950520833333334 0.392578125 0.5924479166666666 0.390625 0.58984375 0.390625 0.5846354166666666 0.38671875 0.5768229166666666 0.388671875 0.57421875 0.388671875 0.5690104166666666 0.38671875 0.56640625 0.38671875 0.5611979166666666 0.384765625 0.55859375 0.384765625 0.5455729166666666 0.3828125 0.54296875 0.384765625 0.5403645833333334 0.3828125 0.5377604166666666 0.3828125 0.5013020833333334 0.384765625 0.4986979166666667 0.384765625 0.4830729166666667 0.3828125 0.48046875 0.3828125 0.47265625 0.37890625 0.4674479166666667 0.37890625 0.46484375 0.3759765625 0.4609375 0.3740234375 0.4609375 0.3681640625 0.453125 0.3544921875 0.453125 0.3525390625 0.4557291666666667 0.3447265625 0.4557291666666667 0.3427734375 0.4583333333333333 0.3369140625 0.4583333333333333 0.3349609375 0.4609375 0.3271484375 0.4609375 0.3251953125 0.4635416666666667 0.3232421875 0.4635416666666667 0.31640625 0.47265625 0.31640625 0.4752604166666667 0.314453125 0.4778645833333333 0.314453125 0.4856770833333333 0.3125 0.48828125 0.3125 0.4908854166666667 0.30859375 0.49609375 0.30859375 0.4986979166666667 0.310546875 0.5013020833333334 0.310546875 0.5403645833333334 0.30859375 0.54296875 0.30859375 0.6002604166666666 0.3125 0.60546875 0.3125 0.6158854166666666 0.314453125 0.6184895833333334 0.3154296875 0.6223958333333334 0.3173828125 0.6223958333333334 0.3193359375 0.625 0.3369140625 0.625
0 0.486328125 0.2565104166666667 0.490234375 0.24869791666666666 0.490234375 0.23828125 0.48828125 0.23567708333333334 0.48828125 0.23046875 0.486328125 0.22786458333333334 0.486328125 0.22265625 0.482421875 0.21744791666666666 0.482421875 0.21484375 0.4765625 0.20703125 0.4765625 0.20442708333333334 0.4736328125 0.20052083333333334 0.4560546875 0.20052083333333334 0.453125 0.20442708333333334 0.453125 0.20703125 0.44921875 0.21484375 0.44921875 0.23567708333333334 0.453125 0.24348958333333334 0.453125 0.24869791666666666 0.455078125 0.2513020833333333 0.455078125 0.25390625 0.4580078125 0.2578125 0.4853515625 0.2578125
0 0.669921875 0.2513020833333333 0.673828125 0.24609375 0.673828125 0.23046875 0.671875 0.22786458333333334 0.671875 0.22526041666666666 0.6630859375 0.21354166666666666 0.6611328125 0.21354166666666666 0.6552734375 0.20833333333333334 0.6376953125 0.20833333333333334 0.6357421875 0.2109375 0.6259765625 0.2109375 0.62109375 0.21744791666666666 0.62109375 0.22265625 0.6298828125 0.234375 0.6357421875 0.23697916666666666 0.640625 0.24348958333333334 0.640625 0.24609375 0.6435546875 0.25 0.6474609375 0.25 0.6494140625 0.2526041666666667 0.6513671875 0.2526041666666667 0.6533203125 0.25 0.6630859375 0.25 0.6650390625 0.2526041666666667 0.6689453125 0.2526041666666667
1 0.23625 0.49666666666666665 0.1962500000000001 0.7191666666666666 0.10375000000000002 0.7208333333333333 0.16000000000000006 0.505
1 0.233125 0.48833333333333334 0.18437500000000007 0.7183333333333334 0.304375 0.6991666666666667 0.313125 0.47416666666666674
1 0.168125 0.5083333333333333 0.1125 0.7241666666666666 0.029375000000000057 0.7225 0.09875000000000003 0.5200000000000001
1 0.16375 0.5116666666666667 0.21500000000000005 0.38166666666666665 0.15375000000000003 0.3958333333333333 0.09500000000000008 0.5275
1 0.158125 0.5125 0.20875 0.3825 0.27062500000000006 0.3650000000000001 0.23562500000000008 0.49750000000000005
1 0.23125 0.495 0.26625000000000004 0.3641666666666667 0.33375000000000005 0.34916666666666674 0.315625 0.4783333333333334
1 0.308125 0.4741666666666667 0.3293750000000001 0.3491666666666667 0.39625000000000005 0.3400000000000001 0.4018750000000001 0.4658333333333333 0.3793750000000001 0.4675 0.36937500000000006 0.4525 0.3425000000000001 0.4525 0.31625000000000003 0.4633333333333333
1 0.395625 0.45666666666666667 0.39125 0.3391666666666667 0.4693750000000001 0.3258333333333334 0.49 0.4225000000000001 0.468125 0.44750000000000006
1 0.3975 0.4583333333333333 0.410625 0.6866666666666666 0.548125 0.6466666666666667 0.50125 0.4541666666666667 0.46875 0.44500000000000006
1 0.515625 0.43166666666666664 0.5831250000000001 0.42 0.6668750000000001 0.6175 0.5387500000000001 0.6483333333333333 0.498125 0.46166666666666667
1 0.579375 0.42333333333333334 0.6556250000000001 0.4125000000000001 0.7506250000000001 0.59 0.66 0.6191666666666668
1 0.585 0.41833333333333333 0.5393750000000002 0.3183333333333334 0.4618750000000001 0.33000000000000007 0.4850000000000001 0.4275000000000001 0.5281250000000001 0.44083333333333335