0 0.15625 0.37109375 0.1572265625 0.3697916666666667 0.1611328125 0.3697916666666667 0.1630859375 0.3671875 0.1689453125 0.3671875 0.1708984375 0.3645833333333333 0.1787109375 0.3645833333333333 0.181640625 0.3606770833333333 0.181640625 0.3502604166666667 0.1875 0.3424479166666667 0.1875 0.33203125 0.1826171875 0.3255208333333333 0.1787109375 0.3255208333333333 0.1767578125 0.3229166666666667 0.1728515625 0.3229166666666667 0.1708984375 0.3255208333333333 0.1650390625 0.3255208333333333 0.1630859375 0.328125 0.1591796875 0.328125 0.1572265625 0.3307291666666667 0.1552734375 0.3307291666666667 0.15234375 0.3346354166666667 0.15234375 0.3372395833333333 0.1484375 0.3450520833333333 0.1484375 0.3528645833333333 0.146484375 0.35546875 0.146484375 0.36328125 0.1484375 0.3658854166666667 0.1484375 0.3684895833333333 0.1513671875 0.3723958333333333 0.1552734375 0.3723958333333333
0 0.3828125 0.3033854166666667 0.3837890625 0.3020833333333333 0.3876953125 0.3020833333333333 0.3896484375 0.2994791666666667 0.4072265625 0.2994791666666667 0.41015625 0.2955729166666667 0.41015625 0.2903645833333333 0.408203125 0.2877604166666667 0.408203125 0.2825520833333333 0.404296875 0.27734375 0.404296875 0.2747395833333333 0.3974609375 0.265625 0.3779296875 0.265625 0.3759765625 0.2682291666666667 0.3740234375 0.2682291666666667 0.37109375 0.2721354166666667 0.37109375 0.2747395833333333 0.369140625 0.27734375 0.369140625 0.2825520833333333 0.37109375 0.28515625 0.37109375 0.2877604166666667 0.3740234375 0.2916666666666667 0.376953125 0.29296875 0.37890625 0.30078125 0.3818359375 0.3046875
0 0.59765625 0.24869791666666666 0.59765625 0.24609375 0.599609375 0.24348958333333334 0.59765625 0.24088541666666666 0.59765625 0.23828125 0.5869140625 0.22395833333333334 0.5673828125 0.22395833333333334 0.5654296875 0.2265625 0.5625 0.22786458333333334 0.5625 0.24088541666666666 0.5634765625 0.2421875 0.5693359375 0.2421875 0.5712890625 0.24479166666666666 0.5751953125 0.24479166666666666 0.5810546875 0.25 0.5966796875 0.25
0 0.619140625 0.24348958333333334 0.62109375 0.24088541666666666 0.62109375 0.23567708333333334 0.619140625 0.23307291666666666 0.619140625 0.23046875 0.6162109375 0.22916666666666666 0.6103515625 0.21875 0.6083984375 0.21875 0.6025390625 0.21354166666666666 0.5888671875 0.21354166666666666 0.5859375 0.21744791666666666 0.5859375 0.22265625 0.5927734375 0.23177083333333334 0.5947265625 0.23177083333333334 0.595703125 0.23567708333333334 0.6025390625 0.24479166666666666 0.6181640625 0.24479166666666666
0 0.64453125 0.24609375 0.646484375 0.24348958333333334 0.646484375 0.23828125 0.6416015625 0.23177083333333334 0.6396484375 0.23177083333333334 0.6357421875 0.2265625 0.6337890625 0.2265625 0.6318359375 0.22395833333333334 0.6240234375 0.22395833333333334 0.619140625 0.23046875 0.619140625 0.23307291666666666 0.62109375 0.23567708333333334 0.62109375 0.24088541666666666 0.6240234375 0.2421875 0.6259765625 0.24479166666666666 0.6279296875 0.24479166666666666 0.6298828125 0.24739583333333334 0.6435546875 0.24739583333333334
0 0.806640625 0.33984375 0.8095703125 0.3385416666666667 0.8125 0.3346354166666667 0.8125 0.32421875 0.8076171875 0.3177083333333333 0.8056640625 0.3177083333333333 0.8046875 0.3138020833333333 0.7939453125 0.2994791666666667 0.7919921875 0.2994791666666667 0.7900390625 0.296875 0.7880859375 0.296875 0.7861328125 0.2942708333333333 0.7841796875 0.2942708333333333 0.7783203125 0.2890625 0.7763671875 0.2916666666666667 0.7705078125 0.2864583333333333 0.7607421875 0.2864583333333333 0.751953125 0.2981770833333333 0.751953125 0.30078125 0.75 0.3033854166666667 0.75 0.30859375 0.7548828125 0.3151041666666667 0.7587890625 0.3151041666666667 0.7607421875 0.3177083333333333 0.7666015625 0.3177083333333333 0.7685546875 0.3203125 0.7705078125 0.3203125 0.7724609375 0.3229166666666667 0.7744140625 0.3229166666666667 0.7763671875 0.3255208333333333 0.7783203125 0.3255208333333333 0.7802734375 0.328125 0.7861328125 0.3307291666666667 0.7900390625 0.3359375 0.7919921875 0.3359375 0.7939453125 0.3385416666666667 0.7998046875 0.3385416666666667 0.8017578125 0.3411458333333333 0.8056640625 0.3411458333333333
1 0.219375 0.6425 0.220625 0.495 0.305625 0.46583333333333343 0.32875000000000004 0.6066666666666667
1 0.316875 0.61 0.29375000000000007 0.465 0.37625 0.44 0.4225 0.5641666666666667
1 0.41650178294042883 0.5659472209806252 0.3695079511982876 0.44164095637238066 0.4297661709321622 0.42142855562307263 0.456294946915629 0.43355599607265743 0.5131423240230578 0.5265330395194745
1 0.23117933357021067 0.49520381835804694 0.23117933357021064 0.6417437237905301 0.12582219466444253 0.6791366651767501 0.147803180479315 0.535628619856663 0.1769848340611285 0.5123843589949586
1 0.5025308136296711 0.5325967597442668 0.44303055892389553 0.43456661611012276 0.4581898594858765 0.4118276652671513 0.5063206387701663 0.4007108448550318 0.5832540891222201 0.49419319832058145
1 0.5764324038693286 0.4987409884891758 0.49911997100322525 0.4047533250048934 0.5605151382792485 0.38706747434924893 0.6438912913701441 0.46892769738394646
1 0.5991713547123002 0.9989979070345498 0.5021518311156216 0.7918207993541423 0.626458095723866 0.7134977464505737 0.8023059822428459 1
1 0.782219908998221 0.996976666959619 0.6090249000775877 0.7215827067502969 0.7083183187585634 0.6473021339965899 0.894019750642831 0.9045049335315346 0.8386883035916003 1
1 0.8849241703056425 0.9176429940185848 0.6977068083651768 0.6579136443899766 0.7712294160907848 0.5987923721982504 0.9376027397585267 0.8079907199535887
1 0.93494986216018 0.8140544401783812 0.7617548532395466 0.6078879525354393 0.8125385101221829 0.5593781907370999 0.9679213408824886 0.7306782870874855
1 0.9660264283122411 0.738257937368476 0.8076117374395392 0.5684737710742885 0.8470259189006899 0.5290595896131379 0.9880074141271135 0.6705463948582943
1 0.9845965715006678 0.6816632152704136 0.8424781287320956 0.5331020697629996 0.8735546948841568 0.5022781586203047 0.9986189245205003 0.6286056633034799
1 0.40854315014538867 0.998492597015817 0.3702659162263866 0.8671119921453146 0.5195850267618997 0.7867676991668152 0.6181204804147764 0.9995032170532824
1 0.6370696061172527 0.47347548755254076 0.5544514180544561 0.38656216433051616 0.612056760189984 0.3724134838060006 0.6961908783089786 0.4497259166721039