1 0.021484375 0.03125 0.04296875 0.0625
1 0.0625 0.0302734375 0.0546875 0.060546875
1 0.1083984375 0.0322265625 0.0400390625 0.0576171875
1 0.1513671875 0.033203125 0.0498046875 0.0595703125
1 0.1943359375 0.0302734375 0.0361328125 0.0546875
1 0.240234375 0.0244140625 0.046875 0.048828125
1 0.2822265625 0.029296875 0.046875 0.0576171875
1 0.3251953125 0.0341796875 0.033203125 0.0615234375
1 0.3642578125 0.0322265625 0.0458984375 0.064453125
1 0.4033203125 0.0322265625 0.05078125 0.064453125
1 0.6591796875 0.03125 0.05078125 0.056640625
1 0.6953125 0.0302734375 0.04296875 0.060546875
1 0.7421875 0.0341796875 0.0458984375 0.0673828125
1 0.779296875 0.03125 0.05078125 0.0625
1 0.8212890625 0.0341796875 0.05078125 0.0673828125
1 0.853515625 0.0322265625 0.052734375 0.064453125
1 0.8935546875 0.0302734375 0.048828125 0.060546875
1 0.93359375 0.03125 0.0478515625 0.0625
1 0.974609375 0.0341796875 0.05078125 0.068359375
1 0.017578125 0.1640625 0.03515625 0.1259765625
1 0.052734375 0.1640625 0.0595703125 0.1103515625
1 0.0888671875 0.162109375 0.044921875 0.111328125
1 0.1337890625 0.1611328125 0.041015625 0.123046875
1 0.173828125 0.162109375 0.0517578125 0.1396484375
1 0.216796875 0.1572265625 0.048828125 0.1298828125
1 0.2509765625 0.1484375 0.05078125 0.1416015625
1 0.29296875 0.15625 0.0546875 0.1376953125
1 0.33984375 0.162109375 0.0517578125 0.12109375
1 0.3740234375 0.1630859375 0.0576171875 0.1318359375
1 0.412109375 0.1689453125 0.0419921875 0.1162109375
1 0.662109375 0.173828125 0.041015625 0.1064453125
1 0.7001953125 0.17578125 0.0400390625 0.1103515625
1 0.7431640625 0.173828125 0.0556640625 0.1162109375
1 0.78125 0.169921875 0.046875 0.1123046875
1 0.8232421875 0.169921875 0.0458984375 0.1181640625
1 0.8642578125 0.1689453125 0.04296875 0.1259765625
1 0.9033203125 0.166015625 0.044921875 0.12890625
1 0.943359375 0.1611328125 0.046875 0.126953125
1 0.982421875 0.1689453125 0.0341796875 0.1162109375
1 0.0146484375 0.3955078125 0.029296875 0.083984375
1 0.0478515625 0.396484375 0.052734375 0.087890625
1 0.0888671875 0.390625 0.05078125 0.087890625
1 0.130859375 0.392578125 0.0478515625 0.0888671875
1 0.1708984375 0.390625 0.052734375 0.08984375
1 0.2109375 0.390625 0.052734375 0.08984375
1 0.244140625 0.3876953125 0.048828125 0.0927734375
1 0.291015625 0.390625 0.046875 0.08984375
1 0.3310546875 0.396484375 0.0478515625 0.1044921875
1 0.3701171875 0.3916015625 0.046875 0.0859375
1 0.412109375 0.390625 0.041015625 0.083984375
1 0.66796875 0.3974609375 0.046875 0.0791015625
1 0.7119140625 0.39453125 0.0595703125 0.0830078125
1 0.7509765625 0.396484375 0.04296875 0.08203125
1 0.7919921875 0.3974609375 0.0478515625 0.0830078125
1 0.8330078125 0.396484375 0.0458984375 0.08203125
1 0.875 0.3955078125 0.048828125 0.0751953125
1 0.9130859375 0.3916015625 0.0400390625 0.0859375
1 0.9541015625 0.3916015625 0.046875 0.091796875
1 0.984375 0.396484375 0.03125 0.1044921875
1 0.0810546875 0.544921875 0.0498046875 0.107421875
1 0.123046875 0.544921875 0.044921875 0.111328125
1 0.1630859375 0.5400390625 0.05078125 0.1201171875
1 0.2080078125 0.5400390625 0.05078125 0.111328125
1 0.2470703125 0.5302734375 0.046875 0.109375
1 0.2900390625 0.537109375 0.05859375 0.1103515625
1 0.373046875 0.5361328125 0.0439453125 0.09375
1 0.412109375 0.5361328125 0.046875 0.09765625
1 0.70703125 0.541015625 0.046875 0.107421875
1 0.74609375 0.541015625 0.0478515625 0.107421875
1 0.7861328125 0.533203125 0.04296875 0.1103515625
1 0.8701171875 0.5390625 0.041015625 0.103515625
1 0.9462890625 0.5419921875 0.052734375 0.1103515625
1 0.982421875 0.5400390625 0.0341796875 0.1015625
1 0.046875 0.7724609375 0.048828125 0.1005859375
1 0.0859375 0.765625 0.0458984375 0.10546875
1 0.1259765625 0.765625 0.0400390625 0.1064453125
1 0.208984375 0.76953125 0.0419921875 0.0947265625
1 0.2529296875 0.7685546875 0.041015625 0.0927734375
1 0.3681640625 0.767578125 0.0458984375 0.0859375
1 0.412109375 0.7626953125 0.046875 0.0947265625
1 0.66015625 0.771484375 0.0478515625 0.080078125
1 0.744140625 0.7666015625 0.04296875 0.08984375
1 0.783203125 0.767578125 0.0517578125 0.0966796875
1 0.82421875 0.771484375 0.0478515625 0.08984375
1 0.865234375 0.7666015625 0.046875 0.08984375
1 0.9033203125 0.765625 0.0458984375 0.09765625
1 0.9384765625 0.76171875 0.044921875 0.087890625
1 0.978515625 0.771484375 0.04296875 0.0859375
1 0.0166015625 0.923828125 0.0302734375 0.0947265625
1 0.0478515625 0.91796875 0.046875 0.1103515625
1 0.087890625 0.91015625 0.0498046875 0.109375
1 0.1328125 0.91796875 0.0439453125 0.1044921875
1 0.373046875 0.9169921875 0.044921875 0.103515625
1 0.41015625 0.912109375 0.044921875 0.103515625
1 0.701171875 0.9140625 0.0390625 0.1025390625
1 0.7392578125 0.9169921875 0.0478515625 0.1083984375
1 0.77734375 0.9111328125 0.0439453125 0.10546875
1 0.9775390625 0.9169921875 0.0419921875 0.103515625
0 0.03515625 0.548828125 0.056640625 0.10546875
0 0.3349609375 0.55078125 0.0537109375 0.123046875
0 0.671875 0.54296875 0.046875 0.1025390625
0 0.83203125 0.5517578125 0.0419921875 0.119140625
0 0.9130859375 0.54296875 0.05078125 0.111328125
0 0.0146484375 0.76953125 0.029296875 0.103515625
0 0.1689453125 0.7666015625 0.0537109375 0.1220703125
0 0.291015625 0.7724609375 0.046875 0.115234375
0 0.3359375 0.771484375 0.0517578125 0.1181640625
0 0.701171875 0.7744140625 0.046875 0.109375
0 0.1669921875 0.9248046875 0.041015625 0.1240234375
0 0.2041015625 0.923828125 0.0498046875 0.126953125
0 0.248046875 0.9189453125 0.0458984375 0.126953125
0 0.2861328125 0.9189453125 0.04296875 0.1357421875
0 0.3310546875 0.9130859375 0.0498046875 0.1103515625
0 0.666015625 0.92578125 0.0498046875 0.103515625
0 0.8173828125 0.923828125 0.0419921875 0.130859375
0 0.853515625 0.9150390625 0.0517578125 0.123046875
0 0.8994140625 0.919921875 0.04296875 0.1337890625
0 0.935546875 0.9169921875 0.0498046875 0.1181640625