0 0.095703125 0.859375 0.0908203125 0.15625
0 0.1376953125 0.849609375 0.087890625 0.171875
1 0.0888671875 0.7099609375 0.083984375 0.142578125
1 0.140625 0.7177734375 0.083984375 0.142578125
1 0.1875 0.8466796875 0.078125 0.1591796875
0 0.1865234375 0.708984375 0.0830078125 0.1533203125
0 0.23046875 0.712890625 0.0830078125 0.1484375
0 0.236328125 0.8544921875 0.0908203125 0.162109375
0 0.28515625 0.845703125 0.076171875 0.1591796875
1 0.2802734375 0.70703125 0.0703125 0.138671875
1 0.3271484375 0.84375 0.0830078125 0.1533203125
1 0.3779296875 0.841796875 0.087890625 0.162109375
1 0.4267578125 0.845703125 0.078125 0.1484375
0 0.3271484375 0.703125 0.080078125 0.140625
1 0.37109375 0.701171875 0.0859375 0.138671875
1 0.419921875 0.703125 0.078125 0.140625
1 0.4619140625 0.7001953125 0.080078125 0.140625
1 0.505859375 0.6953125 0.078125 0.140625
0 0.4677734375 0.833984375 0.080078125 0.15625
0 0.517578125 0.8359375 0.083984375 0.150390625
0 0.56640625 0.833984375 0.0830078125 0.1533203125
0 0.552734375 0.685546875 0.0830078125 0.1533203125
1 0.6005859375 0.693359375 0.0830078125 0.1533203125
1 0.6103515625 0.830078125 0.0830078125 0.1455078125
1 0.658203125 0.82421875 0.083984375 0.158203125
1 0.7041015625 0.828125 0.080078125 0.15625
1 0.748046875 0.8251953125 0.080078125 0.1591796875
1 0.791015625 0.822265625 0.083984375 0.1611328125
0 0.642578125 0.681640625 0.0703125 0.134765625
0 0.6865234375 0.68359375 0.0732421875 0.138671875
0 0.7314453125 0.677734375 0.072265625 0.1328125
0 0.77734375 0.68359375 0.076171875 0.154296875
0 0.8251953125 0.677734375 0.072265625 0.1435546875
0 0.8359375 0.818359375 0.083984375 0.150390625
1 0.865234375 0.6708984375 0.076171875 0.154296875
1 0.908203125 0.6728515625 0.080078125 0.1484375
1 0.955078125 0.6748046875 0.0751953125 0.146484375
0 0.9765625 0.6767578125 0.046875 0.171875
0 0.865234375 0.404296875 0.080078125 0.140625
1 0.974609375 0.40234375 0.0498046875 0.1357421875
1 0.958984375 0.283203125 0.0439453125 0.125
1 0.94921875 0.404296875 0.076171875 0.1455078125
1 0.90625 0.412109375 0.068359375 0.138671875
0 0.931640625 0.275390625 0.068359375 0.125
0 0.892578125 0.2802734375 0.076171875 0.1298828125
0 0.8515625 0.279296875 0.0751953125 0.1357421875
0 0.8076171875 0.28125 0.078125 0.1376953125
0 0.765625 0.27734375 0.083984375 0.142578125
0 0.724609375 0.283203125 0.076171875 0.1328125
1 0.822265625 0.396484375 0.0703125 0.134765625
0 0.779296875 0.400390625 0.072265625 0.1328125
0 0.7373046875 0.404296875 0.0751953125 0.140625
0 0.693359375 0.4033203125 0.0703125 0.134765625
1 0.6845703125 0.287109375 0.078125 0.1376953125
1 0.638671875 0.2880859375 0.078125 0.1455078125
1 0.65234375 0.408203125 0.0703125 0.1279296875
0 0.6064453125 0.41015625 0.0625 0.126953125
0 0.59765625 0.283203125 0.0703125 0.138671875
0 0.556640625 0.28515625 0.076171875 0.1455078125
0 0.5146484375 0.2919921875 0.0673828125 0.134765625
1 0.5673828125 0.416015625 0.0751953125 0.146484375
0 0.52734375 0.423828125 0.080078125 0.140625
1 0.4833984375 0.416015625 0.0732421875 0.138671875
1 0.478515625 0.2978515625 0.076171875 0.1298828125
1 0.4423828125 0.423828125 0.078125 0.140625
0 0.4296875 0.29296875 0.0751953125 0.1298828125
0 0.3876953125 0.294921875 0.078125 0.140625
0 0.3984375 0.421875 0.0751953125 0.146484375
0 0.353515625 0.4111328125 0.0751953125 0.146484375
0 0.345703125 0.291015625 0.0703125 0.138671875
1 0.3115234375 0.427734375 0.076171875 0.1298828125
1 0.3095703125 0.2978515625 0.0810546875 0.142578125
0 0.259765625 0.294921875 0.0751953125 0.146484375
0 0.267578125 0.427734375 0.076171875 0.1376953125
0 0.22265625 0.4306640625 0.0732421875 0.138671875
0 0.177734375 0.431640625 0.0751953125 0.146484375
0 0.2216796875 0.2998046875 0.0751953125 0.146484375
1 0.17578125 0.30078125 0.076171875 0.1328125
1 0.134765625 0.42578125 0.0830078125 0.1484375
1 0.091796875 0.4404296875 0.078125 0.1376953125
0 0.1337890625 0.306640625 0.0732421875 0.1328125
0 0.091796875 0.314453125 0.0810546875 0.142578125
0 0.0849609375 0.1083984375 0.0732421875 0.1044921875
1 0.1259765625 0.099609375 0.0673828125 0.099609375
1 0.169921875 0.095703125 0.064453125 0.1044921875
0 0.2099609375 0.0927734375 0.076171875 0.111328125
0 0.2509765625 0.0849609375 0.0703125 0.107421875
0 0.2880859375 0.080078125 0.076171875 0.111328125
0 0.3291015625 0.0771484375 0.076171875 0.1171875
0 0.37109375 0.078125 0.0732421875 0.130859375
0 0.404296875 0.07421875 0.0751953125 0.1357421875
0 0.4501953125 0.064453125 0.078125 0.1279296875
0 0.4873046875 0.06640625 0.078125 0.1328125
0 0.5244140625 0.064453125 0.083984375 0.12890625
1 0.56640625 0.0576171875 0.0732421875 0.115234375
1 0.607421875 0.0576171875 0.068359375 0.115234375
0 0.646484375 0.0615234375 0.0810546875 0.123046875
0 0.685546875 0.0595703125 0.078125 0.119140625
1 0.7236328125 0.060546875 0.083984375 0.12109375
0 0.7646484375 0.0595703125 0.0830078125 0.119140625
1 0.80859375 0.05859375 0.080078125 0.1171875
0 0.841796875 0.056640625 0.0810546875 0.1123046875
1 0.8818359375 0.052734375 0.076171875 0.1044921875
0 0.912109375 0.0576171875 0.0625 0.115234375
0 0.005859375 0.0859375 0.01171875 0.03125