1 0.4140625 0.107421875 0.1875 0.1845703125
1 0.9072265625 0.595703125 0.185546875 0.234375
1 0.9228515625 0.7431640625 0.154296875 0.244140625
1 0.9228515625 0.8662109375 0.154296875 0.158203125
0 0.43359375 0.2294921875 0.1953125 0.1689453125
0 0.4609375 0.3662109375 0.2158203125 0.1953125
0 0.4873046875 0.54296875 0.197265625 0.185546875
0 0.5185546875 0.6943359375 0.21875 0.1953125
0 0.5458984375 0.845703125 0.2265625 0.2080078125
0 0.8876953125 0.4326171875 0.2001953125 0.162109375
0 0.833984375 0.279296875 0.197265625 0.1796875
0 0.802734375 0.130859375 0.1953125 0.1689453125
0 0.7763671875 0.041015625 0.197265625 0.0810546875