0 0.2421875 0.8642578125 0.287109375 0.228515625
0 0.05859375 0.818359375 0.1171875 0.2060546875
0 0.087890625 0.65234375 0.17578125 0.1953125
0 0.3193359375 0.55078125 0.2451171875 0.185546875
0 0.2021484375 0.306640625 0.1796875 0.123046875
0 0.2451171875 0.2236328125 0.166015625 0.1064453125
0 0.419921875 0.1884765625 0.1748046875 0.107421875
0 0.4423828125 0.115234375 0.162109375 0.080078125
0 0.3115234375 0.037109375 0.138671875 0.07421875
0 0.46875 0.02734375 0.150390625 0.0546875
0 0.677734375 0.765625 0.2158203125 0.259765625
0 0.875 0.7958984375 0.1875 0.2578125
0 0.857421875 0.607421875 0.1591796875 0.1513671875
0 0.677734375 0.568359375 0.201171875 0.154296875
0 0.6865234375 0.439453125 0.185546875 0.1357421875
0 0.849609375 0.4716796875 0.162109375 0.1376953125
0 0.841796875 0.369140625 0.146484375 0.1123046875
0 0.833984375 0.283203125 0.1484375 0.103515625
0 0.6943359375 0.26953125 0.158203125 0.1171875
0 0.6923828125 0.17578125 0.140625 0.095703125
0 0.697265625 0.1083984375 0.1328125 0.0859375
0 0.8212890625 0.197265625 0.1455078125 0.09375
0 0.81640625 0.1396484375 0.123046875 0.0859375
0 0.6962890625 0.0615234375 0.1357421875 0.080078125
0 0.81640625 0.0869140625 0.126953125 0.0673828125
1 0.275390625 0.693359375 0.2548828125 0.203125
1 0.126953125 0.517578125 0.2001953125 0.1611328125
1 0.1669921875 0.408203125 0.193359375 0.1455078125
1 0.349609375 0.4375 0.2158203125 0.130859375
1 0.37109375 0.3515625 0.2109375 0.1591796875
1 0.3994140625 0.255859375 0.1953125 0.123046875
1 0.267578125 0.16015625 0.1376953125 0.095703125
1 0.287109375 0.095703125 0.15625 0.1015625
1 0.3330078125 0.0146484375 0.140625 0.029296875
1 0.447265625 0.0654296875 0.15625 0.078125
0 0.1162109375 0.017578125 0.0546875 0.0341796875