1 0.23984375 0.7484375 0.1203125 0.19375
1 0.3015625 0.7296875 0.125 0.190625
0 0.2953125 0.91171875 0.121875 0.1765625
0 0.36171875 0.896875 0.1296875 0.20625
0 0.353125 0.70234375 0.125 0.1921875
0 0.40546875 0.67890625 0.1203125 0.1828125
1 0.4171875 0.87890625 0.121875 0.2046875
1 0.45546875 0.6515625 0.1171875 0.190625
1 0.51328125 0.64375 0.1171875 0.190625
0 0.4703125 0.84453125 0.13125 0.2203125
0 0.56875 0.61640625 0.1125 0.1734375
1 0.5234375 0.8234375 0.128125 0.215625
1 0.57734375 0.80390625 0.1265625 0.1953125
1 0.640625 0.7859375 0.13125 0.209375
1 0.69375 0.765625 0.128125 0.203125
1 0.6171875 0.58984375 0.121875 0.1890625
0 0.6828125 0.5796875 0.11875 0.190625
0 0.746875 0.74375 0.13125 0.21875
1 0.7984375 0.71171875 0.13125 0.2046875
0 0.86328125 0.69453125 0.1359375 0.2171875
1 0.734375 0.55546875 0.13125 0.2046875
1 0.7859375 0.52890625 0.11875 0.1859375
1 0.83671875 0.5015625 0.1203125 0.184375
1 0.8875 0.47890625 0.10625 0.1671875
1 0.9484375 0.6515625 0.103125 0.215625
0 0.91015625 0.67109375 0.1203125 0.2046875
0 0.93828125 0.45625 0.1234375 0.190625
0 0.97421875 0.62890625 0.0515625 0.2171875
1 0.96953125 0.44609375 0.0609375 0.1828125
0 0.0453125 0.42578125 0.090625 0.1859375
1 0.0890625 0.409375 0.1125 0.178125
1 0.14140625 0.3953125 0.1171875 0.1875
1 0.19296875 0.3796875 0.1234375 0.196875
0 0.24453125 0.3625 0.1171875 0.190625
0 0.29296875 0.33671875 0.1140625 0.1859375
0 0.34765625 0.31484375 0.1109375 0.1859375
1 0.3953125 0.29921875 0.115625 0.1828125
1 0.44921875 0.27890625 0.1171875 0.1765625
1 0.4984375 0.25859375 0.115625 0.1765625
0 0.546875 0.23515625 0.1125 0.1671875
0 0.59765625 0.209375 0.1109375 0.16875
1 0.65 0.20078125 0.11875 0.1796875
0 0.69921875 0.17578125 0.1203125 0.1890625
1 0.753125 0.16484375 0.128125 0.1953125
0 0.79765625 0.14375 0.1171875 0.171875
1 0.8515625 0.12890625 0.115625 0.1734375
0 0.8890625 0.11015625 0.084375 0.1546875