0 0.4033203125 0.8779296875 0.46875 0.244140625
1 0.5615234375 0.7734375 0.4111328125 0.4345703125
0 0.6337890625 0.583984375 0.3701171875 0.337890625
0 0.673828125 0.4521484375 0.3046875 0.2861328125
1 0.716796875 0.349609375 0.255859375 0.2705078125
1 0.193359375 0.423828125 0.1748046875 0.1875
1 0.044921875 0.5732421875 0.08984375 0.142578125
0 0.083984375 0.484375 0.1669921875 0.1875
0 0.7294921875 0.267578125 0.2158203125 0.1953125
0 0.7412109375 0.220703125 0.216796875 0.166015625
0 0.23046875 0.3447265625 0.1640625 0.169921875
0 0.306640625 0.283203125 0.150390625 0.162109375
0 0.3544921875 0.23046875 0.134765625 0.1611328125
0 0.0234375 0.419921875 0.046875 0.171875
0 0.064453125 0.349609375 0.1142578125 0.126953125
0 0.1162109375 0.2998046875 0.1298828125 0.1376953125
0 0.03515625 0.2607421875 0.0703125 0.0966796875
1 0.0146484375 0.279296875 0.029296875 0.119140625
0 0.078125 0.240234375 0.0810546875 0.087890625
0 0.1328125 0.2119140625 0.078125 0.0986328125
0 0.1884765625 0.1884765625 0.0859375 0.1044921875
0 0.248046875 0.1455078125 0.0859375 0.099609375
0 0.8203125 0.111328125 0.09375 0.134765625
0 0.892578125 0.134765625 0.078125 0.111328125
0 0.8681640625 0.068359375 0.0859375 0.095703125