1 0.2138671875 0.7412109375 0.140625 0.232421875
1 0.314453125 0.76171875 0.0966796875 0.251953125
1 0.4072265625 0.771484375 0.1142578125 0.2626953125
0 0.5029296875 0.7763671875 0.1220703125 0.25
0 0.5986328125 0.7880859375 0.125 0.267578125
1 0.703125 0.794921875 0.150390625 0.2548828125
1 0.80859375 0.818359375 0.1513671875 0.271484375
0 0.9052734375 0.8193359375 0.1611328125 0.263671875
1 0.3505859375 0.5576171875 0.0859375 0.162109375
1 0.423828125 0.568359375 0.0888671875 0.146484375
0 0.5068359375 0.5830078125 0.0986328125 0.150390625
1 0.591796875 0.5810546875 0.099609375 0.171875
1 0.6796875 0.591796875 0.099609375 0.1640625
1 0.76953125 0.5966796875 0.1171875 0.1845703125
0 0.853515625 0.603515625 0.1220703125 0.1875
1 0.9443359375 0.6103515625 0.111328125 0.169921875
0 0.392578125 0.345703125 0.078125 0.111328125
1 0.4599609375 0.349609375 0.0673828125 0.087890625
1 0.51953125 0.353515625 0.0703125 0.1015625
1 0.5791015625 0.365234375 0.076171875 0.1142578125
0 0.6416015625 0.359375 0.0673828125 0.1123046875
0 0.7080078125 0.36328125 0.09375 0.126953125
1 0.7802734375 0.365234375 0.1015625 0.1220703125
0 0.8466796875 0.3662109375 0.083984375 0.142578125
1 0.9150390625 0.376953125 0.0859375 0.1376953125
1 0.9599609375 0.376953125 0.080078125 0.150390625