0 0.9697265625 0.7919921875 0.060546875 0.349609375
0 0.9140625 0.796875 0.1123046875 0.349609375
0 0.9619140625 0.1474609375 0.0517578125 0.294921875
1 0.9169921875 0.1455078125 0.0908203125 0.287109375
0 0.845703125 0.1435546875 0.0859375 0.287109375
0 0.78515625 0.1416015625 0.0859375 0.283203125
0 0.7158203125 0.15625 0.0908203125 0.2939453125
0 0.6494140625 0.154296875 0.091796875 0.30859375
0 0.5849609375 0.1572265625 0.091796875 0.314453125
0 0.5224609375 0.1826171875 0.0986328125 0.322265625
0 0.4560546875 0.169921875 0.09375 0.328125
1 0.392578125 0.185546875 0.1064453125 0.349609375
0 0.3310546875 0.173828125 0.109375 0.328125
0 0.205078125 0.205078125 0.1015625 0.3720703125
1 0.138671875 0.197265625 0.1142578125 0.3515625
0 0.0849609375 0.2060546875 0.1171875 0.359375
0 0.04296875 0.2001953125 0.0859375 0.3408203125
0 0.0048828125 0.1982421875 0.009765625 0.328125
1 0.8271484375 0.8203125 0.1015625 0.3154296875
1 0.75 0.841796875 0.103515625 0.28125
1 0.666015625 0.845703125 0.095703125 0.287109375
0 0.58203125 0.833984375 0.1015625 0.322265625
0 0.4150390625 0.8359375 0.107421875 0.328125
0 0.3359375 0.8056640625 0.109375 0.388671875
0 0.26171875 0.830078125 0.1142578125 0.3388671875
0 0.0869140625 0.8251953125 0.138671875 0.349609375
0 0.0478515625 0.84765625 0.0673828125 0.3046875