0 0.9365234375 0.423828125 0.126953125 0.201171875
1 0.8896484375 0.400390625 0.126953125 0.2001953125
0 0.650390625 0.9111328125 0.1328125 0.177734375
0 0.587890625 0.8984375 0.1328125 0.203125
1 0.71484375 0.7470703125 0.126953125 0.193359375
1 0.6650390625 0.7197265625 0.123046875 0.185546875
1 0.8408203125 0.380859375 0.109375 0.1640625
1 0.7900390625 0.361328125 0.111328125 0.1689453125
1 0.537109375 0.880859375 0.1435546875 0.224609375
0 0.611328125 0.705078125 0.126953125 0.193359375
0 0.5595703125 0.6708984375 0.125 0.189453125
0 0.482421875 0.853515625 0.1279296875 0.2080078125
0 0.740234375 0.337890625 0.1123046875 0.169921875
0 0.693359375 0.3154296875 0.1171875 0.1845703125
0 0.640625 0.298828125 0.1279296875 0.1982421875
1 0.505859375 0.654296875 0.1220703125 0.1904296875
1 0.427734375 0.833984375 0.138671875 0.220703125
1 0.451171875 0.6328125 0.130859375 0.2060546875
1 0.373046875 0.810546875 0.134765625 0.212890625
1 0.3203125 0.783203125 0.130859375 0.212890625
1 0.263671875 0.759765625 0.134765625 0.212890625
1 0.58984375 0.2783203125 0.1201171875 0.1904296875
1 0.544921875 0.251953125 0.1201171875 0.1767578125
1 0.49609375 0.2314453125 0.1171875 0.1748046875
0 0.400390625 0.609375 0.126953125 0.2001953125
0 0.2080078125 0.732421875 0.1220703125 0.208984375
1 0.345703125 0.587890625 0.1220703125 0.1923828125
0 0.447265625 0.203125 0.099609375 0.162109375
0 0.3974609375 0.1796875 0.111328125 0.166015625
0 0.291015625 0.564453125 0.119140625 0.1982421875
1 0.2421875 0.5419921875 0.1279296875 0.208984375
1 0.158203125 0.7177734375 0.134765625 0.205078125
1 0.1875 0.513671875 0.125 0.2060546875
1 0.1357421875 0.4921875 0.119140625 0.197265625
1 0.08203125 0.474609375 0.126953125 0.2138671875
1 0.34375 0.1748046875 0.1064453125 0.171875
1 0.244140625 0.1318359375 0.115234375 0.1796875
1 0.1435546875 0.087890625 0.103515625 0.169921875
0 0.095703125 0.6953125 0.1357421875 0.212890625
0 0.056640625 0.666015625 0.1123046875 0.2080078125
0 0.0458984375 0.455078125 0.091796875 0.208984375
0 0.3017578125 0.146484375 0.115234375 0.1767578125
0 0.193359375 0.107421875 0.107421875 0.171875
1 0.029296875 0.654296875 0.0576171875 0.201171875
1 0.0234375 0.4345703125 0.046875 0.2001953125