1 0.185546875 0.951171875 0.212890625 0.0966796875
1 0.2958984375 0.921875 0.158203125 0.15625
1 0.3935546875 0.88671875 0.166015625 0.201171875
1 0.474609375 0.8271484375 0.171875 0.1826171875
1 0.130859375 0.78125 0.173828125 0.1591796875
0 0.236328125 0.728515625 0.1904296875 0.185546875
1 0.3271484375 0.685546875 0.169921875 0.1669921875
0 0.423828125 0.6240234375 0.1767578125 0.1611328125
1 0.513671875 0.5927734375 0.158203125 0.154296875
0 0.5810546875 0.544921875 0.1591796875 0.1875
1 0.66796875 0.5 0.1796875 0.171875
0 0.732421875 0.451171875 0.181640625 0.177734375
0 0.833984375 0.4052734375 0.173828125 0.158203125
0 0.95703125 0.5361328125 0.0859375 0.1875
0 0.587890625 0.779296875 0.169921875 0.2158203125
1 0.677734375 0.7314453125 0.158203125 0.181640625
0 0.732421875 0.6748046875 0.1767578125 0.21875
1 0.830078125 0.638671875 0.15625 0.1826171875
0 0.90234375 0.5849609375 0.1513671875 0.1953125
0 0.9677734375 0.2177734375 0.044921875 0.142578125
0 0.931640625 0.173828125 0.1123046875 0.126953125
0 0.892578125 0.1171875 0.1845703125 0.130859375
0 0.826171875 0.076171875 0.1953125 0.126953125
0 0.73828125 0.0439453125 0.1611328125 0.087890625
1 0.533203125 0.1943359375 0.146484375 0.169921875
0 0.447265625 0.2314453125 0.146484375 0.134765625
0 0.376953125 0.2646484375 0.1669921875 0.154296875
0 0.291015625 0.318359375 0.1533203125 0.189453125
0 0.208984375 0.369140625 0.162109375 0.193359375
0 0.126953125 0.400390625 0.1513671875 0.2158203125
0 0.072265625 0.453125 0.1435546875 0.234375
1 0.400390625 0.08984375 0.1435546875 0.138671875
1 0.3095703125 0.1376953125 0.177734375 0.1376953125
0 0.2255859375 0.154296875 0.158203125 0.154296875
0 0.162109375 0.1875 0.1845703125 0.15625
0 0.076171875 0.2197265625 0.1513671875 0.169921875