0 0.1064453125 0.904296875 0.0908203125 0.1904296875
0 0.125 0.845703125 0.1533203125 0.208984375
0 0.1513671875 0.8017578125 0.166015625 0.1904296875
0 0.1962890625 0.748046875 0.189453125 0.212890625
0 0.2451171875 0.697265625 0.171875 0.1982421875
0 0.279296875 0.654296875 0.181640625 0.216796875
0 0.3369140625 0.609375 0.1796875 0.2060546875
0 0.3798828125 0.5751953125 0.177734375 0.203125
0 0.4267578125 0.5126953125 0.1689453125 0.181640625
0 0.4794921875 0.458984375 0.15625 0.166015625
0 0.521484375 0.40234375 0.1513671875 0.1669921875
0 0.5625 0.3466796875 0.1591796875 0.1845703125
0 0.607421875 0.3037109375 0.1689453125 0.1767578125
0 0.65234375 0.25390625 0.1611328125 0.169921875
0 0.6982421875 0.2099609375 0.150390625 0.1611328125
1 0.7275390625 0.1787109375 0.154296875 0.1796875
1 0.1650390625 0.9580078125 0.1513671875 0.083984375
0 0.2080078125 0.9404296875 0.1435546875 0.119140625
0 0.2578125 0.9150390625 0.146484375 0.169921875
0 0.3046875 0.861328125 0.1435546875 0.173828125
0 0.767578125 0.12890625 0.154296875 0.189453125
0 0.8125 0.083984375 0.1640625 0.16796875
0 0.8447265625 0.0634765625 0.1513671875 0.126953125
0 0.8798828125 0.0439453125 0.072265625 0.087890625
0 0.912109375 0.1572265625 0.0830078125 0.1826171875
0 0.896484375 0.193359375 0.125 0.1875
0 0.8671875 0.232421875 0.150390625 0.205078125
0 0.8310546875 0.2783203125 0.15625 0.212890625
0 0.7890625 0.322265625 0.166015625 0.197265625
0 0.7421875 0.3662109375 0.162109375 0.189453125
0 0.6962890625 0.4150390625 0.1484375 0.1669921875
0 0.6533203125 0.4609375 0.15625 0.1875
0 0.6171875 0.509765625 0.1435546875 0.1669921875
0 0.5693359375 0.552734375 0.1669921875 0.2001953125
0 0.515625 0.6025390625 0.1591796875 0.189453125
1 0.4794921875 0.65625 0.146484375 0.1904296875
1 0.4365234375 0.7158203125 0.1484375 0.181640625
1 0.396484375 0.759765625 0.1591796875 0.1845703125
1 0.3525390625 0.8154296875 0.154296875 0.171875
1 0.5126953125 0.9560546875 0.146484375 0.087890625
0 0.5625 0.9287109375 0.146484375 0.142578125
1 0.6123046875 0.896484375 0.1591796875 0.185546875
0 0.666015625 0.84375 0.177734375 0.1845703125
0 0.7099609375 0.7900390625 0.1513671875 0.1826171875
0 0.74609375 0.7294921875 0.1484375 0.177734375
0 0.7880859375 0.67578125 0.1484375 0.1669921875
0 0.837890625 0.62890625 0.1513671875 0.1953125
1 0.884765625 0.599609375 0.1513671875 0.1953125
0 0.923828125 0.548828125 0.1513671875 0.1796875
1 0.9462890625 0.5078125 0.107421875 0.1845703125
0 0.828125 0.8623046875 0.181640625 0.177734375
0 0.705078125 0.935546875 0.158203125 0.0908203125
0 0.9228515625 0.740234375 0.154296875 0.203125
0 0.0322265625 0.451171875 0.064453125 0.185546875
0 0.0556640625 0.4052734375 0.111328125 0.1953125
0 0.07421875 0.3525390625 0.1484375 0.1796875
0 0.1162109375 0.314453125 0.1484375 0.173828125
0 0.162109375 0.2568359375 0.1376953125 0.1767578125
0 0.197265625 0.21875 0.138671875 0.1591796875
0 0.2353515625 0.146484375 0.1328125 0.1640625
0 0.2724609375 0.134765625 0.138671875 0.1748046875
0 0.330078125 0.0927734375 0.1279296875 0.1484375
0 0.38671875 0.0703125 0.138671875 0.134765625
0 0.423828125 0.0439453125 0.1142578125 0.087890625