0 0.064453125 0.4208984375 0.12890625 0.322265625
1 0.103515625 0.5078125 0.2060546875 0.3876953125
0 0.1005859375 0.6279296875 0.201171875 0.333984375
0 0.01953125 0.791015625 0.0390625 0.263671875
0 0.142578125 0.7109375 0.248046875 0.369140625
0 0.1650390625 0.806640625 0.2548828125 0.34375
1 0.2255859375 0.84375 0.251953125 0.28125
0 0.287109375 0.9091796875 0.1982421875 0.1591796875
0 0.03515625 0.861328125 0.0703125 0.1533203125
0 0.3291015625 0.099609375 0.1826171875 0.1982421875
0 0.2841796875 0.0556640625 0.1591796875 0.111328125
0 0.3623046875 0.1748046875 0.1845703125 0.2685546875
0 0.3828125 0.2646484375 0.171875 0.2607421875
0 0.408203125 0.361328125 0.1982421875 0.3017578125
0 0.423828125 0.44921875 0.1982421875 0.3076171875
1 0.462890625 0.5224609375 0.189453125 0.3017578125
1 0.494140625 0.603515625 0.1953125 0.271484375
0 0.525390625 0.6875 0.201171875 0.3095703125
0 0.5673828125 0.775390625 0.1845703125 0.2783203125
0 0.5849609375 0.8349609375 0.2236328125 0.330078125
1 0.6201171875 0.8896484375 0.2060546875 0.220703125
1 0.6689453125 0.9453125 0.162109375 0.109375
1 0.705078125 0.9892578125 0.13671875 0.021484375
1 0.8935546875 0.9873046875 0.1123046875 0.025390625
1 0.8544921875 0.9462890625 0.126953125 0.107421875
0 0.8154296875 0.9072265625 0.146484375 0.185546875
0 0.7822265625 0.880859375 0.158203125 0.2373046875
0 0.7607421875 0.8330078125 0.162109375 0.322265625
0 0.7265625 0.744140625 0.166015625 0.310546875
0 0.6416015625 0.517578125 0.1484375 0.298828125
0 0.6171875 0.4423828125 0.1376953125 0.2783203125
1 0.5888671875 0.3623046875 0.1435546875 0.3154296875
1 0.55859375 0.2666015625 0.185546875 0.3076171875
1 0.5400390625 0.203125 0.158203125 0.271484375
1 0.5048828125 0.125 0.162109375 0.25
1 0.466796875 0.0830078125 0.150390625 0.166015625
0 0.89453125 0.4921875 0.158203125 0.2470703125
1 0.921875 0.5546875 0.15625 0.234375
1 0.9384765625 0.626953125 0.123046875 0.28125
1 0.947265625 0.693359375 0.103515625 0.310546875
1 0.9619140625 0.7578125 0.0546875 0.2529296875