1 0.8421875 0.81484375 0.275 0.3703125
0 0.725 0.665625 0.303125 0.340625
0 0.615625 0.55625 0.2625 0.3125
0 0.503125 0.44921875 0.259375 0.2890625
0 0.41796875 0.34921875 0.2359375 0.2484375
0 0.3375 0.2828125 0.240625 0.225
0 0.2640625 0.228125 0.1875 0.196875
1 0.509375 0.17265625 0.171875 0.1578125
1 0.584375 0.23359375 0.165625 0.1640625
1 0.65703125 0.2828125 0.2265625 0.171875
1 0.74453125 0.35078125 0.2421875 0.1796875
1 0.83984375 0.43125 0.2671875 0.209375
1 0.91328125 0.51875 0.1734375 0.234375