1 0.705078125 0.759765625 0.103515625 0.298828125
1 0.17578125 0.669921875 0.1015625 0.28125
1 0.0908203125 0.6552734375 0.125 0.3203125
0 0.2626953125 0.6826171875 0.0966796875 0.2783203125
0 0.3525390625 0.708984375 0.080078125 0.3173828125
0 0.431640625 0.712890625 0.0908203125 0.314453125
0 0.5244140625 0.73828125 0.1015625 0.3232421875
0 0.615234375 0.74609375 0.09375 0.3046875
0 0.80078125 0.77734375 0.107421875 0.3359375
0 0.9052734375 0.806640625 0.1142578125 0.3359375
0 0.970703125 0.806640625 0.052734375 0.333984375
0 0.9658203125 0.533203125 0.068359375 0.2451171875
0 0.900390625 0.509765625 0.125 0.255859375
0 0.8095703125 0.501953125 0.1064453125 0.224609375
0 0.7197265625 0.4892578125 0.0986328125 0.259765625
0 0.6328125 0.4619140625 0.0908203125 0.2421875
0 0.548828125 0.462890625 0.0859375 0.234375
0 0.470703125 0.4482421875 0.09375 0.234375
0 0.3896484375 0.4384765625 0.095703125 0.236328125
0 0.3017578125 0.43359375 0.09375 0.236328125
0 0.22265625 0.4169921875 0.1044921875 0.25
0 0.1376953125 0.4033203125 0.103515625 0.2314453125
0 0.06640625 0.3876953125 0.1015625 0.177734375
0 0.0322265625 0.38671875 0.064453125 0.205078125