1 0.01171875 0.65234375 0.0234375 0.158203125
1 0.01953125 0.8115234375 0.0390625 0.1826171875
0 0.0380859375 0.6533203125 0.076171875 0.1748046875
0 0.0849609375 0.66796875 0.080078125 0.169921875
0 0.056640625 0.8330078125 0.0888671875 0.1845703125
0 0.115234375 0.833984375 0.072265625 0.181640625
1 0.1455078125 0.67578125 0.068359375 0.158203125
1 0.166015625 0.841796875 0.0810546875 0.1748046875
1 0.2236328125 0.853515625 0.083984375 0.1845703125
1 0.2783203125 0.869140625 0.0751953125 0.169921875
0 0.19921875 0.6806640625 0.080078125 0.1611328125
1 0.2490234375 0.689453125 0.0859375 0.158203125
1 0.306640625 0.7021484375 0.0751953125 0.1611328125
1 0.35546875 0.7099609375 0.080078125 0.1611328125
1 0.40625 0.712890625 0.0751953125 0.1611328125
0 0.330078125 0.8662109375 0.0751953125 0.1796875
0 0.384765625 0.87890625 0.0830078125 0.169921875
0 0.4404296875 0.890625 0.0810546875 0.1748046875
0 0.462890625 0.7158203125 0.0810546875 0.1748046875
1 0.513671875 0.736328125 0.0810546875 0.1748046875
1 0.4921875 0.896484375 0.0810546875 0.166015625
1 0.548828125 0.900390625 0.0810546875 0.1796875
1 0.599609375 0.912109375 0.0751953125 0.1748046875
1 0.6494140625 0.9150390625 0.076171875 0.169921875
1 0.7001953125 0.9189453125 0.083984375 0.162109375
0 0.56640625 0.732421875 0.0673828125 0.154296875
0 0.6162109375 0.744140625 0.0703125 0.1611328125
0 0.669921875 0.751953125 0.0703125 0.150390625
0 0.7197265625 0.767578125 0.0732421875 0.1796875
0 0.775390625 0.7724609375 0.068359375 0.1640625
0 0.751953125 0.92578125 0.0830078125 0.1484375
1 0.82421875 0.775390625 0.0732421875 0.1796875
1 0.8720703125 0.7880859375 0.078125 0.169921875
1 0.9248046875 0.80078125 0.072265625 0.169921875
0 0.95703125 0.810546875 0.044921875 0.1923828125
0 0.888671875 0.4677734375 0.080078125 0.1611328125
1 0.9736328125 0.486328125 0.052734375 0.1640625
1 0.9345703125 0.486328125 0.0654296875 0.158203125
0 0.9814453125 0.3330078125 0.037109375 0.140625
0 0.951171875 0.3310546875 0.076171875 0.146484375
0 0.904296875 0.3193359375 0.072265625 0.154296875
0 0.853515625 0.310546875 0.076171875 0.15625
0 0.806640625 0.296875 0.083984375 0.162109375
0 0.7578125 0.2939453125 0.0751953125 0.150390625
1 0.841796875 0.447265625 0.0673828125 0.154296875
0 0.79296875 0.4423828125 0.0703125 0.150390625
0 0.7431640625 0.4365234375 0.0732421875 0.1611328125
0 0.69140625 0.423828125 0.0673828125 0.154296875
1 0.7119140625 0.2890625 0.076171875 0.15625
1 0.6591796875 0.279296875 0.0751953125 0.1640625
1 0.642578125 0.421875 0.0673828125 0.146484375
0 0.591796875 0.41015625 0.060546875 0.1455078125
0 0.6123046875 0.2646484375 0.068359375 0.158203125
0 0.564453125 0.2568359375 0.0732421875 0.1640625
0 0.5166015625 0.25390625 0.064453125 0.154296875
1 0.544921875 0.408203125 0.072265625 0.169921875
0 0.498046875 0.4072265625 0.080078125 0.1611328125
1 0.44921875 0.388671875 0.0703125 0.1611328125
1 0.470703125 0.251953125 0.076171875 0.146484375
1 0.3984375 0.38671875 0.0751953125 0.1611328125
0 0.41796875 0.232421875 0.0732421875 0.146484375
0 0.369140625 0.2255859375 0.0751953125 0.1611328125
0 0.3486328125 0.3740234375 0.072265625 0.169921875
0 0.2998046875 0.3505859375 0.072265625 0.169921875
0 0.3203125 0.2119140625 0.068359375 0.158203125
1 0.2490234375 0.359375 0.076171875 0.146484375
1 0.2763671875 0.208984375 0.0810546875 0.1611328125
0 0.2216796875 0.1962890625 0.072265625 0.169921875
0 0.1982421875 0.3505859375 0.0751953125 0.154296875
0 0.146484375 0.3427734375 0.0703125 0.1611328125
0 0.095703125 0.33203125 0.072265625 0.169921875
0 0.1767578125 0.189453125 0.072265625 0.169921875
1 0.123046875 0.1796875 0.0751953125 0.150390625
1 0.048828125 0.314453125 0.078125 0.169921875
0 0.0732421875 0.1796875 0.072265625 0.150390625
0 0.044921875 0.1787109375 0.0419921875 0.158203125
0 0.205078125 0.0068359375 0.0654296875 0.013671875
0 0.2529296875 0.005859375 0.056640625 0.01171875
0 0.298828125 0.009765625 0.06640625 0.01953125
0 0.345703125 0.013671875 0.06640625 0.02734375
0 0.396484375 0.0244140625 0.060546875 0.048828125
0 0.43359375 0.029296875 0.0625 0.05859375
0 0.490234375 0.025390625 0.0673828125 0.0498046875
0 0.533203125 0.033203125 0.0654296875 0.0654296875
0 0.5771484375 0.0380859375 0.0703125 0.0703125
1 0.626953125 0.037109375 0.064453125 0.0595703125
1 0.673828125 0.0458984375 0.056640625 0.064453125
0 0.71875 0.056640625 0.068359375 0.076171875
0 0.765625 0.0595703125 0.0625 0.0751953125
1 0.810546875 0.068359375 0.0732421875 0.0830078125
0 0.857421875 0.076171875 0.068359375 0.0830078125
1 0.90625 0.0859375 0.068359375 0.087890625
0 0.9482421875 0.08984375 0.068359375 0.0830078125
1 0.9814453125 0.091796875 0.037109375 0.0732421875