0 0.302734375 0.2958984375 0.181640625 0.1455078125
0 0.306640625 0.423828125 0.1982421875 0.173828125
0 0.31640625 0.5439453125 0.205078125 0.1845703125
0 0.3212890625 0.671875 0.2109375 0.193359375
0 0.3232421875 0.80078125 0.197265625 0.1767578125
1 0.3330078125 0.9228515625 0.208984375 0.154296875
0 0.5537109375 0.291015625 0.189453125 0.1328125
0 0.564453125 0.3974609375 0.1826171875 0.142578125
0 0.5751953125 0.5283203125 0.1904296875 0.171875
0 0.607421875 0.79296875 0.205078125 0.154296875
0 0.6259765625 0.9228515625 0.201171875 0.154296875
0 0.794921875 0.900390625 0.1845703125 0.1357421875
0 0.78515625 0.7646484375 0.205078125 0.169921875
0 0.7626953125 0.630859375 0.2001953125 0.1533203125
0 0.748046875 0.498046875 0.1923828125 0.1376953125
1 0.7294921875 0.39453125 0.177734375 0.142578125
1 0.5869140625 0.65234375 0.205078125 0.1669921875
1 0.716796875 0.2783203125 0.181640625 0.1376953125