0 0.1015625 0.1943359375 0.087890625 0.189453125
1 0.1552734375 0.201171875 0.0859375 0.189453125
0 0.056640625 0.783203125 0.0908203125 0.1923828125
0 0.123046875 0.8017578125 0.0888671875 0.203125
1 0.1044921875 0.595703125 0.087890625 0.1845703125
1 0.1630859375 0.6015625 0.0859375 0.1748046875
1 0.208984375 0.212890625 0.078125 0.154296875
1 0.263671875 0.224609375 0.080078125 0.158203125
1 0.1796875 0.8095703125 0.099609375 0.212890625
0 0.2177734375 0.619140625 0.0859375 0.1845703125
0 0.28125 0.6201171875 0.087890625 0.177734375
0 0.2412109375 0.8203125 0.0859375 0.197265625
0 0.3173828125 0.236328125 0.078125 0.1591796875
0 0.37109375 0.2431640625 0.080078125 0.173828125
0 0.423828125 0.2568359375 0.087890625 0.185546875
1 0.3349609375 0.638671875 0.0830078125 0.1796875
1 0.2998046875 0.83203125 0.09375 0.2080078125
1 0.39453125 0.6494140625 0.0888671875 0.1953125
1 0.3583984375 0.8447265625 0.091796875 0.201171875
1 0.4189453125 0.8515625 0.087890625 0.203125
1 0.48046875 0.86328125 0.091796875 0.201171875
1 0.4794921875 0.2685546875 0.0810546875 0.181640625
1 0.5322265625 0.2744140625 0.0859375 0.1640625
1 0.587890625 0.283203125 0.083984375 0.1640625
0 0.451171875 0.658203125 0.0859375 0.189453125
0 0.5439453125 0.873046875 0.078125 0.201171875
1 0.5087890625 0.6708984375 0.0830078125 0.1826171875
0 0.64453125 0.287109375 0.0673828125 0.15625
0 0.7001953125 0.294921875 0.078125 0.15625
0 0.5703125 0.685546875 0.078125 0.189453125
1 0.6240234375 0.6923828125 0.0859375 0.2001953125
1 0.595703125 0.8896484375 0.09375 0.1923828125
1 0.685546875 0.69921875 0.083984375 0.1953125
1 0.744140625 0.7109375 0.078125 0.1875
1 0.798828125 0.728515625 0.0830078125 0.2060546875
1 0.748046875 0.322265625 0.0703125 0.1640625
1 0.857421875 0.34375 0.080078125 0.1689453125
1 0.9658203125 0.36328125 0.068359375 0.1640625
0 0.6611328125 0.90234375 0.09375 0.1953125
0 0.7177734375 0.90625 0.095703125 0.1875
0 0.8349609375 0.9189453125 0.107421875 0.162109375
0 0.8525390625 0.7373046875 0.080078125 0.203125
0 0.95703125 0.751953125 0.044921875 0.1845703125
0 0.7998046875 0.322265625 0.0810546875 0.166015625
0 0.9130859375 0.3505859375 0.0732421875 0.1640625
0 0.98828125 0.375 0.0234375 0.171875
1 0.7744140625 0.9150390625 0.091796875 0.169921875
1 0.896484375 0.921875 0.091796875 0.15625
1 0.912109375 0.7431640625 0.0908203125 0.205078125