0 0.091796875 0.587890625 0.1455078125 0.1953125
0 0.14453125 0.541015625 0.1328125 0.193359375
0 0.208984375 0.498046875 0.162109375 0.220703125
0 0.275390625 0.455078125 0.1435546875 0.2060546875
0 0.3310546875 0.4150390625 0.1533203125 0.2109375
0 0.3916015625 0.3720703125 0.1357421875 0.2001953125
0 0.5048828125 0.2958984375 0.15625 0.236328125
1 0.453125 0.353515625 0.15625 0.228515625
1 0.212890625 0.8935546875 0.205078125 0.212890625
1 0.296875 0.8642578125 0.203125 0.271484375
0 0.376953125 0.818359375 0.2060546875 0.302734375
0 0.453125 0.78125 0.181640625 0.2841796875
0 0.525390625 0.728515625 0.1904296875 0.298828125
0 0.6025390625 0.6806640625 0.1767578125 0.279296875
0 0.673828125 0.6513671875 0.166015625 0.2626953125
0 0.751953125 0.591796875 0.1796875 0.2734375
1 0.8349609375 0.5546875 0.201171875 0.291015625
0 0.5615234375 0.2548828125 0.138671875 0.193359375
0 0.619140625 0.2216796875 0.1357421875 0.212890625
0 0.6787109375 0.1796875 0.1328125 0.2060546875
0 0.7421875 0.1484375 0.140625 0.212890625
0 0.80078125 0.099609375 0.1357421875 0.1982421875
0 0.849609375 0.0849609375 0.111328125 0.169921875
0 0.9033203125 0.4873046875 0.193359375 0.298828125
0 0.9443359375 0.439453125 0.111328125 0.3017578125
0 0.8505859375 0.7802734375 0.1923828125 0.2607421875
1 0.92578125 0.716796875 0.1484375 0.25
1 0.431640625 0.9619140625 0.12890625 0.076171875
0 0.6044921875 0.9111328125 0.166015625 0.177734375
0 0.5107421875 0.93359375 0.146484375 0.1328125
1 0.9765625 0.654296875 0.046875 0.1875