1 0.528125 0.9140625 0.253125 0.171875
1 0.31171875 0.94296875 0.2609375 0.1140625
1 0.3015625 0.8359375 0.25 0.19375
1 0.896875 0.84765625 0.20625 0.2546875
1 0.8734375 0.6890625 0.25 0.2
1 0.81875 0.56484375 0.215625 0.1640625
1 0.77578125 0.4609375 0.2140625 0.1375
1 0.6859375 0.2171875 0.175 0.109375
1 0.6609375 0.15 0.175 0.109375
1 0.6390625 0.09375 0.15625 0.09375
1 0.40625 0.1671875 0.15 0.096875
1 0.42265625 0.2296875 0.1515625 0.090625
1 0.2828125 0.2 0.134375 0.0875
0 0.2859375 0.2671875 0.134375 0.10625
0 0.4375 0.29453125 0.15625 0.1109375
0 0.4453125 0.36875 0.18125 0.121875
0 0.46484375 0.4515625 0.1609375 0.128125
0 0.475 0.553125 0.2 0.153125
0 0.509375 0.77578125 0.21875 0.1703125
1 0.490625 0.65625 0.234375 0.1625
1 0.2921875 0.3296875 0.146875 0.10625
1 0.05234375 0.66875 0.1046875 0.146875
1 0.0515625 0.571875 0.103125 0.125
1 0.05390625 0.48828125 0.1078125 0.1046875
0 0.0546875 0.40703125 0.109375 0.1046875
0 0.05390625 0.3375 0.1078125 0.1
0 0.053125 0.278125 0.10625 0.0875
0 0.05546875 0.21875 0.1109375 0.0875
0 0.3015625 0.70234375 0.196875 0.1578125
0 0.2921875 0.58125 0.2 0.140625
0 0.29375 0.4875 0.184375 0.1375
0 0.2875 0.396875 0.15625 0.10625
0 0.0375 0.778125 0.075 0.134375