0 0.099609375 0.2900390625 0.1982421875 0.419921875
0 0.1748046875 0.310546875 0.287109375 0.4140625
0 0.306640625 0.3193359375 0.291015625 0.4111328125
0 0.4296875 0.3408203125 0.291015625 0.421875
0 0.5634765625 0.333984375 0.2919921875 0.423828125
0 0.689453125 0.345703125 0.28125 0.4189453125
0 0.8232421875 0.3544921875 0.2841796875 0.421875
0 0.9033203125 0.35546875 0.193359375 0.41796875
0 0.89453125 0.7353515625 0.2109375 0.419921875
0 0.794921875 0.7236328125 0.2919921875 0.427734375
0 0.6640625 0.705078125 0.28125 0.419921875
0 0.529296875 0.70703125 0.296875 0.439453125
0 0.3876953125 0.69921875 0.2998046875 0.439453125
0 0.2626953125 0.68359375 0.291015625 0.423828125
0 0.138671875 0.6767578125 0.27734375 0.431640625
0 0.0732421875 0.66015625 0.146484375 0.404296875