0 0.2744140625 0.9599609375 0.1484375 0.0546875
0 0.412109375 0.943359375 0.1796875 0.1123046875
0 0.50390625 0.9072265625 0.1875 0.185546875
0 0.5947265625 0.869140625 0.1826171875 0.185546875
0 0.685546875 0.8271484375 0.181640625 0.1982421875
1 0.759765625 0.779296875 0.173828125 0.1904296875
0 0.8310546875 0.74609375 0.1875 0.1640625
0 0.8984375 0.7060546875 0.181640625 0.162109375
0 0.9326171875 0.6640625 0.119140625 0.146484375
0 0.009765625 0.6923828125 0.01953125 0.166015625
0 0.052734375 0.6455078125 0.10546875 0.142578125
0 0.138671875 0.6181640625 0.1220703125 0.1484375
1 0.2294921875 0.5927734375 0.1279296875 0.1484375
0 0.306640625 0.57421875 0.1279296875 0.154296875
1 0.3818359375 0.5439453125 0.123046875 0.140625
0 0.4609375 0.51953125 0.119140625 0.1484375
0 0.5234375 0.4951171875 0.1220703125 0.130859375
1 0.583984375 0.478515625 0.103515625 0.123046875
1 0.6376953125 0.4609375 0.109375 0.115234375
0 0.6904296875 0.4296875 0.115234375 0.125
0 0.744140625 0.404296875 0.1044921875 0.130859375
0 0.798828125 0.392578125 0.111328125 0.125
0 0.84375 0.369140625 0.099609375 0.109375
0 0.8935546875 0.353515625 0.1123046875 0.1279296875
0 0.029296875 0.513671875 0.05859375 0.15234375
0 0.095703125 0.48046875 0.1123046875 0.142578125
0 0.169921875 0.4658203125 0.095703125 0.119140625
0 0.2451171875 0.447265625 0.1064453125 0.125
1 0.306640625 0.4404296875 0.099609375 0.1064453125
1 0.380859375 0.4208984375 0.109375 0.1142578125
1 0.4375 0.4013671875 0.099609375 0.1123046875
0 0.4912109375 0.390625 0.107421875 0.1123046875
0 0.5537109375 0.3720703125 0.1015625 0.1064453125
1 0.599609375 0.359375 0.1015625 0.125
1 0.6455078125 0.330078125 0.109375 0.115234375
1 0.6943359375 0.310546875 0.1171875 0.1220703125
1 0.728515625 0.3056640625 0.1015625 0.095703125
1 0.767578125 0.296875 0.103515625 0.1064453125
0 0.4677734375 0.2333984375 0.0859375 0.1015625
0 0.5244140625 0.22265625 0.0859375 0.1015625
1 0.564453125 0.228515625 0.0859375 0.0986328125
1 0.6201171875 0.212890625 0.09375 0.095703125
0 0.658203125 0.1884765625 0.09375 0.0859375
0 0.7060546875 0.1728515625 0.0908203125 0.080078125