0 0.970703125 0.744140625 0.0576171875 0.171875
0 0.8955078125 0.7568359375 0.134765625 0.1796875
0 0.78515625 0.779296875 0.1513671875 0.158203125
0 0.6728515625 0.7890625 0.1328125 0.15625
0 0.5673828125 0.8046875 0.1435546875 0.1591796875
0 0.4443359375 0.8193359375 0.1484375 0.1640625
0 0.3388671875 0.8271484375 0.1533203125 0.169921875
0 0.220703125 0.8515625 0.158203125 0.171875
0 0.1162109375 0.853515625 0.142578125 0.1748046875
0 0.056640625 0.703125 0.0830078125 0.15625
1 0.1396484375 0.705078125 0.1484375 0.158203125
0 0.2333984375 0.693359375 0.1298828125 0.1611328125
0 0.3369140625 0.6767578125 0.1298828125 0.146484375
0 0.4384765625 0.6611328125 0.126953125 0.1591796875
1 0.544921875 0.646484375 0.1376953125 0.1611328125
0 0.654296875 0.638671875 0.1328125 0.1669921875
1 0.76171875 0.6337890625 0.123046875 0.1513671875
0 0.857421875 0.6025390625 0.115234375 0.1484375
0 0.9501953125 0.5947265625 0.099609375 0.158203125
0 0.9560546875 0.3173828125 0.0625 0.1376953125
0 0.888671875 0.330078125 0.109375 0.1298828125
0 0.7939453125 0.341796875 0.119140625 0.126953125
0 0.703125 0.349609375 0.115234375 0.125
0 0.611328125 0.3720703125 0.115234375 0.1376953125
0 0.5224609375 0.380859375 0.1142578125 0.123046875
0 0.4345703125 0.3916015625 0.109375 0.1171875
0 0.341796875 0.404296875 0.115234375 0.125
0 0.2548828125 0.419921875 0.1220703125 0.126953125
0 0.1630859375 0.4296875 0.1298828125 0.125
1 0.0751953125 0.4453125 0.119140625 0.1220703125
0 0.0224609375 0.44140625 0.044921875 0.1328125
0 0.900390625 0.080078125 0.0908203125 0.107421875
0 0.822265625 0.0908203125 0.111328125 0.1220703125
0 0.748046875 0.103515625 0.1015625 0.1142578125
0 0.666015625 0.103515625 0.0966796875 0.119140625
0 0.5859375 0.12109375 0.099609375 0.1171875
0 0.5166015625 0.126953125 0.095703125 0.115234375
0 0.4365234375 0.140625 0.0986328125 0.119140625
0 0.3525390625 0.1474609375 0.1015625 0.1171875
0 0.279296875 0.16796875 0.09375 0.1171875
0 0.203125 0.1630859375 0.1064453125 0.126953125
0 0.123046875 0.173828125 0.107421875 0.125
0 0.046875 0.19140625 0.09375 0.1171875