0 0.58984375 0.8974609375 0.1982421875 0.205078125
0 0.478515625 0.8408203125 0.2236328125 0.296875
0 0.404296875 0.7626953125 0.1953125 0.302734375
1 0.3046875 0.697265625 0.1875 0.2607421875
0 0.115234375 0.86328125 0.2080078125 0.2236328125
0 0.0673828125 0.7685546875 0.134765625 0.275390625
0 0.236328125 0.607421875 0.169921875 0.2685546875
0 0.1552734375 0.548828125 0.1669921875 0.2265625
1 0.0947265625 0.5009765625 0.189453125 0.2421875
0 0.0615234375 0.421875 0.123046875 0.224609375
0 0.95703125 0.6220703125 0.0859375 0.212890625
0 0.8837890625 0.548828125 0.138671875 0.1904296875
0 0.7958984375 0.4716796875 0.1455078125 0.2001953125
1 0.705078125 0.4375 0.134765625 0.166015625
1 0.6181640625 0.392578125 0.1328125 0.1591796875
0 0.5498046875 0.32421875 0.1533203125 0.185546875
0 0.4716796875 0.291015625 0.15625 0.162109375
0 0.4072265625 0.236328125 0.1455078125 0.1767578125
0 0.337890625 0.19921875 0.1220703125 0.169921875
1 0.271484375 0.162109375 0.134765625 0.1484375
0 0.2255859375 0.1201171875 0.1357421875 0.15625
0 0.169921875 0.0830078125 0.125 0.134765625
0 0.1171875 0.06640625 0.119140625 0.1328125
0 0.080078125 0.05078125 0.1064453125 0.1015625
0 0.9697265625 0.3544921875 0.060546875 0.1845703125
0 0.900390625 0.2841796875 0.107421875 0.1748046875
0 0.8359375 0.2431640625 0.1123046875 0.1513671875
0 0.7607421875 0.208984375 0.109375 0.169921875
0 0.67578125 0.1611328125 0.1142578125 0.181640625
0 0.623046875 0.130859375 0.119140625 0.1611328125
0 0.5546875 0.1044921875 0.099609375 0.1591796875
1 0.4921875 0.0712890625 0.115234375 0.142578125
0 0.4375 0.0537109375 0.115234375 0.107421875
0 0.3701171875 0.029296875 0.103515625 0.05859375
1 0.97265625 0.1005859375 0.0546875 0.1328125
1 0.91796875 0.0791015625 0.1044921875 0.107421875
0 0.2158203125 0.91015625 0.2216796875 0.158203125