0 0.876953125 0.8486328125 0.076171875 0.1689453125
0 0.8076171875 0.8388671875 0.119140625 0.181640625
0 0.7255859375 0.83203125 0.1015625 0.169921875
0 0.658203125 0.8232421875 0.095703125 0.162109375
0 0.5908203125 0.8232421875 0.09375 0.1748046875
0 0.533203125 0.8115234375 0.0966796875 0.1826171875
0 0.466796875 0.810546875 0.1015625 0.1875
0 0.396484375 0.8017578125 0.09375 0.166015625
0 0.3251953125 0.7861328125 0.087890625 0.181640625
0 0.265625 0.787109375 0.083984375 0.1640625
0 0.201171875 0.775390625 0.0908203125 0.1796875
0 0.142578125 0.76171875 0.0859375 0.169921875
0 0.087890625 0.7509765625 0.078125 0.1513671875
0 0.0361328125 0.7431640625 0.0654296875 0.1640625
0 0.009765625 0.7265625 0.013671875 0.15625
0 0.0205078125 0.451171875 0.041015625 0.142578125
1 0.01171875 0.3408203125 0.0234375 0.115234375
0 0.052734375 0.3330078125 0.068359375 0.125
0 0.060546875 0.451171875 0.0625 0.1279296875
0 0.0966796875 0.337890625 0.072265625 0.1220703125
0 0.1455078125 0.341796875 0.068359375 0.119140625
0 0.1064453125 0.462890625 0.0625 0.1435546875
0 0.162109375 0.4619140625 0.0654296875 0.123046875
0 0.1953125 0.34375 0.072265625 0.119140625
0 0.248046875 0.3544921875 0.068359375 0.103515625
0 0.22265625 0.4609375 0.076171875 0.130859375
0 0.279296875 0.474609375 0.060546875 0.130859375
0 0.30859375 0.361328125 0.060546875 0.1171875
0 0.3642578125 0.3564453125 0.0654296875 0.1123046875
0 0.3310546875 0.484375 0.0625 0.140625
0 0.3876953125 0.4912109375 0.068359375 0.1328125
0 0.416015625 0.3720703125 0.068359375 0.119140625
0 0.4716796875 0.376953125 0.068359375 0.1220703125
0 0.44921875 0.5029296875 0.076171875 0.1279296875
0 0.509765625 0.501953125 0.076171875 0.125
0 0.5234375 0.380859375 0.0751953125 0.1220703125
0 0.5830078125 0.384765625 0.068359375 0.1298828125
0 0.568359375 0.5126953125 0.078125 0.130859375
0 0.6298828125 0.509765625 0.068359375 0.1220703125
0 0.6357421875 0.388671875 0.078125 0.130859375
0 0.6982421875 0.3955078125 0.072265625 0.1279296875
0 0.6884765625 0.521484375 0.0830078125 0.130859375
0 0.7451171875 0.5302734375 0.0654296875 0.123046875
0 0.7548828125 0.4052734375 0.0625 0.111328125
0 0.7578125 0.1845703125 0.0625 0.0966796875
0 0.775390625 0.095703125 0.060546875 0.0908203125
0 0.716796875 0.091796875 0.0625 0.091796875
0 0.7060546875 0.1826171875 0.0625 0.09375
0 0.6708984375 0.0830078125 0.064453125 0.0966796875
0 0.66015625 0.177734375 0.0673828125 0.109375
0 0.611328125 0.1669921875 0.064453125 0.1123046875
0 0.623046875 0.078125 0.0576171875 0.0966796875
0 0.568359375 0.076171875 0.0654296875 0.0830078125
0 0.5595703125 0.169921875 0.0751953125 0.1015625
0 0.505859375 0.1689453125 0.0654296875 0.1123046875
0 0.5244140625 0.0634765625 0.0517578125 0.0888671875
0 0.4736328125 0.0703125 0.0625 0.0966796875
0 0.451171875 0.1640625 0.0654296875 0.1123046875
0 0.4267578125 0.064453125 0.056640625 0.1015625
0 0.404296875 0.166015625 0.0576171875 0.0966796875
0 0.361328125 0.1591796875 0.0625 0.1064453125
1 0.3779296875 0.068359375 0.052734375 0.083984375
0 0.310546875 0.1533203125 0.0751953125 0.1220703125
0 0.33984375 0.060546875 0.0517578125 0.095703125
1 0.28515625 0.0673828125 0.0517578125 0.0810546875
0 0.216796875 0.1435546875 0.0625 0.09375
0 0.244140625 0.06640625 0.0546875 0.0859375
0 0.2021484375 0.056640625 0.0517578125 0.078125
0 0.169921875 0.1474609375 0.060546875 0.107421875
0 0.126953125 0.130859375 0.064453125 0.1123046875
0 0.076171875 0.130859375 0.0751953125 0.130859375
0 0.041015625 0.1240234375 0.041015625 0.111328125
1 0.1572265625 0.052734375 0.0732421875 0.091796875