1 0.658203125 0.119140625 0.15234375 0.23828125
1 0.564453125 0.123046875 0.115234375 0.2451171875
1 0.474609375 0.123046875 0.1298828125 0.2451171875
0 0.375 0.123046875 0.1279296875 0.236328125
0 0.279296875 0.134765625 0.125 0.244140625
0 0.1796875 0.13671875 0.1435546875 0.236328125
0 0.08203125 0.1435546875 0.142578125 0.2373046875
0 0.0224609375 0.138671875 0.044921875 0.2138671875
1 0.390625 0.76953125 0.1875 0.455078125
0 0.05078125 0.7314453125 0.1015625 0.478515625
0 0.14453125 0.7607421875 0.1826171875 0.4501953125
0 0.279296875 0.7685546875 0.1611328125 0.427734375