0 0.8525390625 0.9150390625 0.158203125 0.169921875
0 0.716796875 0.8505859375 0.388671875 0.298828125
0 0.4794921875 0.7880859375 0.474609375 0.423828125
0 0.3125 0.6982421875 0.5 0.5126953125
0 0.15625 0.6103515625 0.3125 0.4609375
0 0.88671875 0.7080078125 0.1982421875 0.25
1 0.802734375 0.681640625 0.2783203125 0.2685546875
0 0.6630859375 0.6005859375 0.2890625 0.3203125
0 0.513671875 0.501953125 0.283203125 0.2763671875
0 0.357421875 0.419921875 0.248046875 0.25
0 0.20703125 0.357421875 0.2607421875 0.265625
0 0.0986328125 0.294921875 0.1748046875 0.263671875