0 0.9248046875 0.501953125 0.1220703125 0.1904296875
0 0.857421875 0.466796875 0.107421875 0.1923828125
0 0.7802734375 0.439453125 0.1357421875 0.216796875
0 0.6982421875 0.4150390625 0.115234375 0.201171875
0 0.630859375 0.388671875 0.125 0.2080078125
0 0.556640625 0.3603515625 0.109375 0.1982421875
0 0.419921875 0.314453125 0.126953125 0.234375
1 0.4892578125 0.3583984375 0.1279296875 0.2265625
1 0.89453125 0.869140625 0.169921875 0.2421875
1 0.7919921875 0.849609375 0.162109375 0.2861328125
0 0.697265625 0.8154296875 0.1689453125 0.2998046875
0 0.6064453125 0.796875 0.1435546875 0.2841796875
0 0.517578125 0.763671875 0.1513671875 0.298828125
0 0.42578125 0.734375 0.138671875 0.28125
0 0.3447265625 0.7255859375 0.1298828125 0.263671875
0 0.2470703125 0.685546875 0.1435546875 0.2734375
1 0.1513671875 0.6708984375 0.166015625 0.2861328125
0 0.3505859375 0.287109375 0.1142578125 0.1904296875
0 0.28125 0.26953125 0.1064453125 0.2138671875
0 0.208984375 0.2431640625 0.1064453125 0.2080078125
0 0.134765625 0.2275390625 0.1123046875 0.2109375
0 0.060546875 0.1923828125 0.107421875 0.203125
0 0.0205078125 0.17578125 0.041015625 0.201171875
0 0.068359375 0.6201171875 0.13671875 0.294921875
0 0.0185546875 0.5888671875 0.037109375 0.306640625
0 0.197265625 0.888671875 0.158203125 0.2216796875
1 0.0849609375 0.869140625 0.1513671875 0.240234375
1 0.6826171875 0.97265625 0.115234375 0.048828125
0 0.48828125 0.9443359375 0.142578125 0.111328125
0 0.5927734375 0.9541015625 0.126953125 0.091796875
1 0.0244140625 0.822265625 0.033203125 0.189453125