1 0.921875 0.64453125 0.15625 0.169921875
0 0.7392578125 0.595703125 0.150390625 0.203125
0 0.8857421875 0.4970703125 0.1845703125 0.134765625
1 0.7119140625 0.451171875 0.158203125 0.0966796875
1 0.5888671875 0.5009765625 0.1220703125 0.1611328125
1 0.583984375 0.388671875 0.142578125 0.083984375
0 0.470703125 0.443359375 0.126953125 0.173828125
1 0.462890625 0.337890625 0.1376953125 0.072265625
1 0.3583984375 0.392578125 0.1142578125 0.125
1 0.380859375 0.3056640625 0.134765625 0.064453125
0 0.267578125 0.357421875 0.1015625 0.1171875
1 0.283203125 0.275390625 0.1064453125 0.0439453125
0 0.1435546875 0.75 0.2470703125 0.2001953125
1 0.1669921875 0.9228515625 0.240234375 0.154296875
1 0.203125 0.33203125 0.0810546875 0.1171875
1 0.1474609375 0.29296875 0.076171875 0.0859375
1 0.1845703125 0.23046875 0.09375 0.048828125
1 0.2353515625 0.255859375 0.107421875 0.0546875
1 0.6142578125 0.2490234375 0.0908203125 0.1201171875
1 0.697265625 0.28125 0.087890625 0.1220703125
0 0.806640625 0.310546875 0.119140625 0.1328125
1 0.9072265625 0.353515625 0.0859375 0.123046875
1 0.9521484375 0.3232421875 0.064453125 0.0751953125
1 0.8740234375 0.275390625 0.080078125 0.0595703125
1 0.763671875 0.234375 0.0888671875 0.072265625
1 0.673828125 0.2080078125 0.0830078125 0.0625
1 0.599609375 0.1787109375 0.0859375 0.048828125
0 0.525390625 0.197265625 0.072265625 0.0986328125
1 0.455078125 0.197265625 0.0625 0.072265625
1 0.447265625 0.1474609375 0.0703125 0.044921875
1 0.3896484375 0.1796875 0.0576171875 0.0751953125
1 0.39453125 0.1337890625 0.0703125 0.0419921875
1 0.3291015625 0.162109375 0.0576171875 0.056640625
1 0.333984375 0.126953125 0.072265625 0.037109375
1 0.2802734375 0.150390625 0.0517578125 0.048828125
1 0.2890625 0.1123046875 0.078125 0.0439453125
1 0.234375 0.142578125 0.046875 0.060546875
0 0.2607421875 0.0986328125 0.09375 0.052734375
1 0.193359375 0.13671875 0.046875 0.048828125
1 0.908203125 0.19140625 0.072265625 0.0859375
0 0.822265625 0.1591796875 0.076171875 0.087890625
1 0.751953125 0.1494140625 0.0595703125 0.0830078125
0 0.6796875 0.115234375 0.0595703125 0.0859375
1 0.6220703125 0.111328125 0.056640625 0.072265625
1 0.5654296875 0.099609375 0.0595703125 0.0751953125
1 0.513671875 0.091796875 0.0595703125 0.064453125
1 0.4599609375 0.080078125 0.0517578125 0.0673828125
1 0.4130859375 0.07421875 0.048828125 0.064453125
1 0.369140625 0.0673828125 0.0419921875 0.056640625
0 0.8916015625 0.1201171875 0.064453125 0.0751953125
1 0.771484375 0.0771484375 0.0625 0.0517578125
1 0.7119140625 0.0732421875 0.0576171875 0.0595703125
1 0.6640625 0.052734375 0.046875 0.0546875
1 0.6171875 0.0419921875 0.056640625 0.0595703125
1 0.568359375 0.041015625 0.0439453125 0.0517578125
0 0.5244140625 0.0185546875 0.0419921875 0.037109375
0 0.087890625 0.2587890625 0.111328125 0.0888671875