0 0.065625 0.72890625 0.071875 0.1578125
0 0.12890625 0.7390625 0.1109375 0.16875
0 0.20390625 0.75390625 0.0953125 0.1578125
0 0.26796875 0.76171875 0.0890625 0.1515625
0 0.32734375 0.78046875 0.0890625 0.1640625
0 0.384375 0.784375 0.090625 0.171875
0 0.44453125 0.8 0.0953125 0.175
0 0.509375 0.81015625 0.0875 0.1546875
0 0.578125 0.81640625 0.08125 0.1703125
0 0.63125 0.8328125 0.078125 0.153125
0 0.69140625 0.8375 0.0859375 0.16875
0 0.74765625 0.840625 0.0796875 0.159375
0 0.8015625 0.84453125 0.071875 0.1421875
0 0.85859375 0.8546875 0.0765625 0.153125
0 0.91171875 0.85234375 0.0796875 0.1453125
0 0.94765625 0.59609375 0.0546875 0.1328125
1 0.98125 0.603125 0.03125 0.11875
1 0.98203125 0.496875 0.0359375 0.109375
0 0.93984375 0.478125 0.0640625 0.115625
0 0.903125 0.58203125 0.059375 0.1203125
0 0.89921875 0.46953125 0.0671875 0.1140625
0 0.85546875 0.46171875 0.0640625 0.1109375
0 0.859375 0.5796875 0.059375 0.134375
0 0.8078125 0.5640625 0.0625 0.115625
0 0.80859375 0.45 0.0671875 0.109375
0 0.75859375 0.4453125 0.0640625 0.096875
0 0.7546875 0.5484375 0.071875 0.121875
0 0.69921875 0.54765625 0.0578125 0.1234375
0 0.7015625 0.4375 0.05625 0.109375
0 0.653125 0.41796875 0.0625 0.1046875
0 0.6515625 0.540625 0.059375 0.13125
0 0.59921875 0.534375 0.0640625 0.125
0 0.60390625 0.41875 0.0640625 0.109375
0 0.5515625 0.40703125 0.065625 0.1140625
0 0.53828125 0.528125 0.0703125 0.11875
0 0.4859375 0.51015625 0.071875 0.1171875
0 0.50234375 0.39921875 0.0703125 0.1140625
0 0.44921875 0.3890625 0.0640625 0.121875
0 0.42890625 0.50703125 0.0734375 0.1234375
0 0.375 0.48828125 0.065625 0.1140625
0 0.40078125 0.37734375 0.0734375 0.1234375
0 0.34296875 0.3671875 0.0671875 0.11875
0 0.31875 0.48359375 0.078125 0.1234375
0 0.2671875 0.4765625 0.0625 0.115625
0 0.28984375 0.3609375 0.0578125 0.103125
0 0.34296875 0.1609375 0.0578125 0.090625
0 0.35 0.07734375 0.05625 0.0859375
0 0.403125 0.08828125 0.059375 0.0859375
0 0.390625 0.1734375 0.059375 0.0875
0 0.4484375 0.0921875 0.059375 0.090625
0 0.43515625 0.18125 0.0640625 0.103125
0 0.4796875 0.184375 0.059375 0.103125
0 0.49296875 0.1015625 0.0546875 0.090625
0 0.5421875 0.1125 0.0625 0.078125
0 0.52578125 0.19921875 0.0703125 0.0953125
0 0.575 0.21171875 0.0625 0.1046875
0 0.5859375 0.11328125 0.046875 0.0828125
0 0.63046875 0.13125 0.0578125 0.090625
0 0.6234375 0.22265625 0.0625 0.1046875
0 0.6734375 0.13984375 0.053125 0.0953125
0 0.66640625 0.2359375 0.0546875 0.090625
0 0.7078125 0.24140625 0.059375 0.0984375
1 0.71484375 0.1546875 0.0515625 0.078125
0 0.75390625 0.24921875 0.0703125 0.1140625
0 0.75390625 0.15546875 0.0484375 0.0890625
1 0.79921875 0.178125 0.0484375 0.075
0 0.8421875 0.2640625 0.059375 0.0875
0 0.83671875 0.1875 0.0515625 0.08125
0 0.8765625 0.1890625 0.05 0.071875
0 0.88359375 0.28046875 0.0578125 0.1015625
0 0.925 0.2765625 0.059375 0.103125
0 0.96796875 0.28984375 0.0640625 0.1234375
0 0.99296875 0.29609375 0.0140625 0.1078125
1 0.91875 0.19609375 0.06875 0.0890625