0 0.9111328125 0.837890625 0.177734375 0.2265625
0 0.80859375 0.8056640625 0.1767578125 0.2138671875
1 0.701171875 0.7724609375 0.1796875 0.2109375
0 0.9765625 0.833984375 0.046875 0.1923828125
0 0.603515625 0.7314453125 0.162109375 0.1875
0 0.52734375 0.685546875 0.1611328125 0.1669921875
0 0.439453125 0.654296875 0.171875 0.1953125
1 0.3603515625 0.6279296875 0.1455078125 0.1845703125
1 0.3408203125 0.83984375 0.1689453125 0.1953125
1 0.5146484375 0.9033203125 0.169921875 0.193359375
0 0.42578125 0.8662109375 0.1796875 0.2236328125
0 0.62890625 0.927734375 0.1513671875 0.1357421875
0 0.755859375 0.9306640625 0.119140625 0.0859375
0 0.259765625 0.791015625 0.1533203125 0.177734375
0 0.181640625 0.755859375 0.1533203125 0.197265625
0 0.1181640625 0.7236328125 0.138671875 0.181640625
0 0.072265625 0.68359375 0.1201171875 0.1669921875
0 0.04296875 0.6474609375 0.0732421875 0.1611328125
0 0.2998046875 0.6005859375 0.162109375 0.189453125
0 0.240234375 0.580078125 0.158203125 0.171875
1 0.177734375 0.5625 0.146484375 0.15625
0 0.126953125 0.5185546875 0.1435546875 0.1435546875
0 0.072265625 0.5087890625 0.140625 0.1484375
0 0.0498046875 0.4853515625 0.099609375 0.1298828125
0 0.029296875 0.451171875 0.05859375 0.12890625
0 0.9697265625 0.482421875 0.060546875 0.140625
0 0.9228515625 0.462890625 0.1142578125 0.134765625
0 0.8369140625 0.4423828125 0.1044921875 0.130859375
0 0.7529296875 0.4228515625 0.125 0.126953125
0 0.6904296875 0.40234375 0.125 0.1298828125
1 0.6162109375 0.400390625 0.1142578125 0.1455078125
1 0.5498046875 0.3798828125 0.1123046875 0.130859375
0 0.4853515625 0.3583984375 0.123046875 0.1298828125
0 0.4296875 0.345703125 0.119140625 0.1298828125
0 0.3720703125 0.3427734375 0.115234375 0.142578125
0 0.318359375 0.3310546875 0.123046875 0.119140625
1 0.2666015625 0.3291015625 0.111328125 0.1201171875
0 0.2236328125 0.302734375 0.119140625 0.1123046875
0 0.181640625 0.298828125 0.099609375 0.111328125
0 0.1318359375 0.2978515625 0.107421875 0.1171875
0 0.0908203125 0.2783203125 0.109375 0.125
0 0.0537109375 0.2666015625 0.091796875 0.0986328125
0 0.033203125 0.267578125 0.0625 0.109375
0 0.0205078125 0.2568359375 0.041015625 0.1171875
0 0.94140625 0.3203125 0.095703125 0.1533203125
0 0.869140625 0.298828125 0.1220703125 0.1455078125
0 0.7958984375 0.279296875 0.1171875 0.140625
0 0.7255859375 0.2685546875 0.1142578125 0.1279296875
0 0.673828125 0.267578125 0.111328125 0.115234375
0 0.6083984375 0.255859375 0.0986328125 0.1064453125
0 0.5517578125 0.244140625 0.0966796875 0.1142578125
0 0.498046875 0.232421875 0.099609375 0.111328125
0 0.4462890625 0.228515625 0.1015625 0.099609375
1 0.3994140625 0.21875 0.1015625 0.1064453125
0 0.353515625 0.208984375 0.1015625 0.099609375
0 0.3095703125 0.205078125 0.0908203125 0.09375
0 0.265625 0.201171875 0.0966796875 0.103515625
0 0.2216796875 0.189453125 0.103515625 0.109375
0 0.1826171875 0.181640625 0.0966796875 0.111328125
0 0.1435546875 0.177734375 0.087890625 0.087890625
0 0.1142578125 0.169921875 0.09375 0.091796875
0 0.076171875 0.158203125 0.095703125 0.0986328125
0 0.048828125 0.16796875 0.095703125 0.0859375
0 0.923828125 0.142578125 0.072265625 0.1298828125
0 0.873046875 0.13671875 0.0986328125 0.126953125
0 0.8046875 0.1357421875 0.0908203125 0.109375
1 0.7568359375 0.138671875 0.080078125 0.1064453125
1 0.7041015625 0.119140625 0.0859375 0.1015625
0 0.650390625 0.109375 0.080078125 0.103515625
0 0.603515625 0.103515625 0.0830078125 0.103515625
0 0.5595703125 0.103515625 0.083984375 0.099609375
0 0.513671875 0.099609375 0.078125 0.091796875
0 0.4658203125 0.0966796875 0.0751953125 0.083984375
0 0.4306640625 0.09375 0.076171875 0.0908203125
0 0.392578125 0.083984375 0.078125 0.091796875
1 0.3544921875 0.083984375 0.078125 0.087890625
0 0.314453125 0.0810546875 0.083984375 0.0908203125
0 0.2822265625 0.0693359375 0.0830078125 0.0888671875
0 0.2421875 0.07421875 0.072265625 0.0859375
0 0.212890625 0.072265625 0.072265625 0.0751953125
0 0.169921875 0.076171875 0.0859375 0.072265625
0 0.908203125 0.068359375 0.072265625 0.09375
0 0.84765625 0.0615234375 0.080078125 0.0986328125
0 0.794921875 0.0576171875 0.0810546875 0.0966796875
0 0.7412109375 0.0625 0.0703125 0.0908203125
0 0.685546875 0.056640625 0.0703125 0.095703125
0 0.650390625 0.0478515625 0.0673828125 0.076171875
0 0.603515625 0.0458984375 0.0703125 0.080078125
0 0.5595703125 0.0380859375 0.0751953125 0.076171875
0 0.521484375 0.037109375 0.0654296875 0.0732421875
0 0.482421875 0.0390625 0.068359375 0.078125
0 0.447265625 0.0322265625 0.064453125 0.064453125
0 0.4013671875 0.0361328125 0.072265625 0.0625
0 0.369140625 0.0390625 0.068359375 0.056640625
0 0.333984375 0.041015625 0.0625 0.046875
0 0.3115234375 0.0380859375 0.064453125 0.0361328125
0 0.271484375 0.0380859375 0.052734375 0.0234375
1 0.896484375 0.009765625 0.0576171875 0.0185546875
0 0.798828125 0.0068359375 0.060546875 0.013671875
0 0.56640625 0.001953125 0.0546875 0.00390625
0 0.01953125 0.109375 0.0390625 0.0810546875
0 0.0341796875 0.09375 0.0654296875 0.0595703125
0 0.064453125 0.083984375 0.0595703125 0.048828125
0 0.095703125 0.0712890625 0.060546875 0.033203125