1 0.7685546875 0.1806640625 0.203125 0.2890625
1 0.681640625 0.17578125 0.171875 0.2890625
1 0.599609375 0.173828125 0.181640625 0.283203125
0 0.513671875 0.1591796875 0.1826171875 0.2841796875
0 0.4248046875 0.15625 0.1845703125 0.2998046875
0 0.333984375 0.15625 0.197265625 0.287109375
0 0.24609375 0.162109375 0.1923828125 0.275390625
0 0.15625 0.16015625 0.1845703125 0.2421875
1 0.072265625 0.1611328125 0.14453125 0.212890625
1 0.4736328125 0.7666015625 0.2685546875 0.439453125
1 0.076171875 0.7021484375 0.1513671875 0.4013671875
0 0.1416015625 0.7060546875 0.2578125 0.458984375
0 0.25390625 0.7392578125 0.263671875 0.4345703125
0 0.373046875 0.755859375 0.2392578125 0.4111328125