0 0.9140625 0.67109375 0.11875 0.2515625
0 0.96015625 0.73828125 0.0640625 0.2453125
0 0.83828125 0.603125 0.1296875 0.2375
0 0.759375 0.54609375 0.11875 0.2171875
0 0.6921875 0.484375 0.134375 0.21875
1 0.6015625 0.46875 0.128125 0.203125
1 0.5453125 0.421875 0.125 0.196875
0 0.4953125 0.3609375 0.153125 0.184375
0 0.4359375 0.31640625 0.125 0.1921875
0 0.38359375 0.27421875 0.1421875 0.2078125
0 0.32734375 0.23359375 0.1265625 0.1734375
1 0.27578125 0.21171875 0.1140625 0.1734375
0 0.234375 0.17421875 0.115625 0.1765625
0 0.19296875 0.140625 0.1265625 0.18125
0 0.15546875 0.115625 0.1296875 0.178125
0 0.11484375 0.0765625 0.1296875 0.153125
0 0.08515625 0.0671875 0.1078125 0.134375
0 0.05859375 0.05625 0.0546875 0.1125
0 0.52265625 0.90859375 0.1921875 0.1828125
0 0.4453125 0.86875 0.209375 0.2625
0 0.3625 0.81640625 0.221875 0.3484375
1 0.296875 0.73046875 0.19375 0.3140625
0 0.24140625 0.66328125 0.1734375 0.2765625
0 0.16328125 0.6078125 0.1609375 0.26875
1 0.11875 0.55078125 0.146875 0.2421875
0 0.08359375 0.49375 0.1609375 0.25625
0 0.06171875 0.446875 0.1234375 0.228125
0 0.03046875 0.38828125 0.0609375 0.2109375
1 0.23515625 0.9453125 0.1796875 0.08125
0 0.1359375 0.88828125 0.2125 0.1796875
0 0.08671875 0.85390625 0.1734375 0.2359375
0 0.0453125 0.8125 0.090625 0.271875
0 0.02421875 0.72890625 0.0484375 0.2671875
0 0.96875 0.43671875 0.0625 0.2234375
0 0.915625 0.3765625 0.103125 0.21875
0 0.84296875 0.33203125 0.1109375 0.2078125
0 0.77578125 0.2984375 0.1109375 0.2
0 0.7015625 0.24921875 0.096875 0.1796875
0 0.6515625 0.21875 0.115625 0.184375
0 0.60078125 0.18984375 0.1015625 0.1765625
0 0.54609375 0.15390625 0.0984375 0.1671875
0 0.503125 0.125 0.103125 0.159375
1 0.4515625 0.10625 0.096875 0.146875
0 0.403125 0.0765625 0.10625 0.153125
0 0.36171875 0.05546875 0.1015625 0.1109375
0 0.32109375 0.03125 0.1015625 0.0625
0 0.275 0.02265625 0.1 0.0453125
0 0.9921875 0.14765625 0.015625 0.1796875
0 0.95859375 0.13359375 0.0828125 0.1953125
0 0.909375 0.10390625 0.10625 0.1484375
1 0.84453125 0.08671875 0.0984375 0.1234375
1 0.79140625 0.07578125 0.0953125 0.1109375
0 0.7515625 0.05859375 0.090625 0.0828125
0 0.7015625 0.03203125 0.096875 0.0390625
0 0.9015625 0.0484375 0.08125 0.0375
0 0.23125 0.0171875 0.096875 0.034375