1 0.7578125 0.84453125 0.353125 0.3109375
0 0.6515625 0.72421875 0.321875 0.3484375
0 0.5703125 0.60703125 0.28125 0.3171875
0 0.4875 0.49453125 0.275 0.2953125
0 0.4265625 0.390625 0.246875 0.25625
0 0.36640625 0.31875 0.2484375 0.2375
0 0.3078125 0.2578125 0.196875 0.203125
1 0.53515625 0.24765625 0.1765625 0.1671875
1 0.59375 0.3140625 0.171875 0.171875
1 0.65078125 0.36875 0.2265625 0.1875
1 0.71796875 0.44375 0.2421875 0.196875
1 0.790625 0.5328125 0.26875 0.228125
1 0.8734375 0.63125 0.253125 0.253125