0 0.6125 0.78125 0.215625 0.2625
1 0.509375 0.74140625 0.19375 0.2203125
0 0.421875 0.68359375 0.19375 0.2140625
1 0.33828125 0.6625 0.1734375 0.225
1 0.28203125 0.60625 0.2078125 0.2
1 0.2 0.571875 0.20625 0.175
1 0.15390625 0.5546875 0.1828125 0.159375
1 0.1046875 0.52109375 0.178125 0.1390625
0 0.0703125 0.4828125 0.140625 0.1375
0 0.94296875 0.715625 0.1140625 0.24375
0 0.85859375 0.6703125 0.1765625 0.225
0 0.75234375 0.603125 0.1734375 0.225
1 0.65546875 0.59375 0.1734375 0.184375
1 0.5890625 0.55859375 0.165625 0.1640625
1 0.496875 0.53125 0.15 0.15
0 0.4265625 0.4921875 0.153125 0.15
1 0.359375 0.4671875 0.1375 0.1375
0 0.3015625 0.42734375 0.159375 0.1453125
0 0.2296875 0.4015625 0.1375 0.14375
0 0.17890625 0.37421875 0.1171875 0.1140625
0 0.1328125 0.3609375 0.1 0.1125
0 0.09296875 0.34765625 0.1015625 0.1078125
0 0.06015625 0.33671875 0.0890625 0.0921875
0 0.94921875 0.42109375 0.1015625 0.1265625
1 0.8765625 0.41640625 0.09375 0.0859375
1 0.79609375 0.39609375 0.1265625 0.0890625
0 0.72890625 0.36953125 0.1046875 0.1078125
1 0.66328125 0.3578125 0.0984375 0.1
0 0.60390625 0.33203125 0.0984375 0.0921875
0 0.5328125 0.3375 0.090625 0.1
1 0.4765625 0.31484375 0.078125 0.0859375
0 0.44453125 0.29296875 0.0984375 0.0921875
1 0.403125 0.27109375 0.096875 0.0859375
0 0.36640625 0.2578125 0.0984375 0.10625
0 0.31171875 0.24453125 0.0828125 0.0859375
1 0.9484375 0.3375 0.090625 0.1125
1 0.89140625 0.31875 0.1328125 0.121875
1 0.825 0.31953125 0.109375 0.1015625
1 0.771875 0.296875 0.11875 0.0875
1 0.7203125 0.290625 0.11875 0.0875
1 0.6671875 0.27265625 0.1 0.0734375
1 0.5546875 0.25703125 0.096875 0.0796875
1 0.509375 0.24375 0.08125 0.071875
1 0.47265625 0.22421875 0.0890625 0.0859375
1 0.42890625 0.21875 0.0859375 0.078125