0 0.181640625 0.9033203125 0.2626953125 0.193359375
0 0.423828125 0.8720703125 0.25 0.255859375
0 0.6484375 0.8583984375 0.2373046875 0.2421875
0 0.8740234375 0.841796875 0.251953125 0.244140625
0 0.2109375 0.564453125 0.181640625 0.1640625
0 0.0625 0.5703125 0.125 0.1376953125
0 0.408203125 0.544921875 0.185546875 0.142578125
0 0.6083984375 0.5341796875 0.2109375 0.1533203125
0 0.794921875 0.517578125 0.2158203125 0.1376953125
0 0.9462890625 0.5009765625 0.107421875 0.130859375
0 0.9228515625 0.388671875 0.1455078125 0.1142578125
1 0.759765625 0.400390625 0.177734375 0.1220703125
1 0.591796875 0.4306640625 0.189453125 0.123046875
1 0.4130859375 0.431640625 0.1767578125 0.1298828125
1 0.22265625 0.4443359375 0.1640625 0.1298828125
1 0.060546875 0.4580078125 0.12109375 0.103515625
1 0.087890625 0.2490234375 0.150390625 0.1015625
1 0.240234375 0.2353515625 0.1435546875 0.1044921875
1 0.396484375 0.208984375 0.1455078125 0.0908203125
1 0.5546875 0.1923828125 0.15625 0.0810546875
1 0.7080078125 0.173828125 0.1533203125 0.0830078125
1 0.8779296875 0.158203125 0.15625 0.0810546875
1 0.84765625 0.0859375 0.138671875 0.0810546875
1 0.6953125 0.0986328125 0.134765625 0.0810546875
1 0.5380859375 0.1181640625 0.1357421875 0.0703125
1 0.390625 0.12890625 0.140625 0.0830078125
1 0.251953125 0.1474609375 0.1435546875 0.1015625
1 0.103515625 0.166015625 0.1484375 0.09375