0 0.0703125 0.35546875 0.140625 0.2861328125
0 0.048828125 0.66796875 0.0966796875 0.2861328125
0 0.173828125 0.3603515625 0.1455078125 0.2763671875
0 0.2744140625 0.3798828125 0.1484375 0.287109375
0 0.3896484375 0.39453125 0.1357421875 0.2763671875
0 0.2392578125 0.7001953125 0.130859375 0.287109375
0 0.3427734375 0.712890625 0.1298828125 0.267578125
1 0.123046875 0.697265625 0.140625 0.291015625
1 0.490234375 0.3974609375 0.1435546875 0.2890625
1 0.4375 0.7177734375 0.1376953125 0.2705078125
0 0.5966796875 0.4091796875 0.134765625 0.28125
0 0.548828125 0.740234375 0.1376953125 0.2734375
0 0.65234375 0.7578125 0.1455078125 0.28125
1 0.6962890625 0.435546875 0.1328125 0.306640625
0 0.763671875 0.7685546875 0.138671875 0.2783203125
0 0.8037109375 0.44140625 0.1484375 0.2861328125
0 0.912109375 0.4755859375 0.1533203125 0.298828125
0 0.869140625 0.7734375 0.1455078125 0.2783203125
1 0.9736328125 0.4853515625 0.052734375 0.294921875
0 0.943359375 0.7822265625 0.078125 0.2607421875