0 0.033203125 0.736328125 0.06640625 0.15625
0 0.0712890625 0.7392578125 0.080078125 0.1748046875
1 0.056640625 0.587890625 0.078125 0.1435546875
1 0.1044921875 0.6064453125 0.078125 0.1435546875
1 0.119140625 0.748046875 0.0703125 0.162109375
0 0.154296875 0.6103515625 0.0751953125 0.154296875
0 0.197265625 0.625 0.0751953125 0.150390625
0 0.1669921875 0.767578125 0.083984375 0.1640625
0 0.21875 0.771484375 0.068359375 0.162109375
1 0.2490234375 0.630859375 0.064453125 0.140625
1 0.2626953125 0.7802734375 0.0751953125 0.154296875
1 0.3134765625 0.791015625 0.080078125 0.1640625
1 0.3603515625 0.8076171875 0.0703125 0.150390625
0 0.296875 0.6396484375 0.072265625 0.142578125
1 0.341796875 0.646484375 0.080078125 0.140625
1 0.3896484375 0.662109375 0.0703125 0.142578125
1 0.4326171875 0.6708984375 0.072265625 0.142578125
1 0.4775390625 0.673828125 0.0703125 0.142578125
0 0.404296875 0.8056640625 0.072265625 0.158203125
0 0.4541015625 0.8193359375 0.076171875 0.1513671875
0 0.5029296875 0.830078125 0.0751953125 0.154296875
0 0.5263671875 0.6787109375 0.0751953125 0.154296875
1 0.572265625 0.697265625 0.0751953125 0.154296875
1 0.5458984375 0.8369140625 0.076171875 0.1484375
1 0.595703125 0.841796875 0.076171875 0.1591796875
1 0.640625 0.857421875 0.072265625 0.158203125
1 0.685546875 0.865234375 0.072265625 0.162109375
1 0.73046875 0.873046875 0.076171875 0.162109375
0 0.6181640625 0.6953125 0.064453125 0.1376953125
0 0.662109375 0.708984375 0.0673828125 0.142578125
0 0.70703125 0.7158203125 0.064453125 0.134765625
0 0.7509765625 0.732421875 0.0703125 0.158203125
0 0.7998046875 0.736328125 0.0654296875 0.1455078125
0 0.775390625 0.8818359375 0.076171875 0.1513671875
1 0.8427734375 0.7412109375 0.0703125 0.158203125
1 0.8837890625 0.7529296875 0.0732421875 0.150390625
1 0.9296875 0.767578125 0.068359375 0.150390625
0 0.95703125 0.775390625 0.044921875 0.169921875
0 0.9091796875 0.47265625 0.072265625 0.142578125
1 0.9775390625 0.490234375 0.044921875 0.14453125
1 0.947265625 0.490234375 0.060546875 0.140625
0 0.9873046875 0.357421875 0.025390625 0.125
0 0.9658203125 0.3544921875 0.068359375 0.130859375
0 0.9267578125 0.34375 0.068359375 0.1376953125
0 0.880859375 0.3349609375 0.072265625 0.138671875
0 0.841796875 0.322265625 0.078125 0.1435546875
0 0.7978515625 0.3173828125 0.0703125 0.134765625
1 0.8681640625 0.455078125 0.064453125 0.1376953125
0 0.82421875 0.4482421875 0.064453125 0.134765625
0 0.78125 0.44140625 0.068359375 0.142578125
0 0.736328125 0.4296875 0.064453125 0.1376953125
1 0.7578125 0.310546875 0.072265625 0.138671875
1 0.712890625 0.2998046875 0.072265625 0.146484375
1 0.6943359375 0.423828125 0.064453125 0.1298828125
0 0.6494140625 0.4140625 0.0576171875 0.1279296875
0 0.6728515625 0.2861328125 0.064453125 0.140625
0 0.630859375 0.279296875 0.068359375 0.1455078125
0 0.587890625 0.2744140625 0.060546875 0.1357421875
1 0.609375 0.4111328125 0.068359375 0.150390625
0 0.5673828125 0.408203125 0.072265625 0.142578125
1 0.5244140625 0.3896484375 0.0673828125 0.142578125
1 0.548828125 0.2705078125 0.0703125 0.130859375
1 0.48046875 0.388671875 0.0703125 0.142578125
0 0.5029296875 0.2529296875 0.068359375 0.130859375
0 0.458984375 0.244140625 0.0703125 0.142578125
0 0.4375 0.375 0.068359375 0.150390625
0 0.3955078125 0.3515625 0.068359375 0.150390625
0 0.41796875 0.2314453125 0.064453125 0.140625
1 0.349609375 0.357421875 0.0703125 0.130859375
1 0.3798828125 0.2275390625 0.0751953125 0.142578125
0 0.330078125 0.2138671875 0.068359375 0.150390625
0 0.306640625 0.349609375 0.0703125 0.138671875
0 0.259765625 0.33984375 0.0673828125 0.142578125
0 0.2158203125 0.330078125 0.068359375 0.150390625
0 0.2919921875 0.2080078125 0.068359375 0.150390625
1 0.24609375 0.197265625 0.0703125 0.134765625
1 0.173828125 0.3125 0.0751953125 0.150390625
1 0.126953125 0.31640625 0.072265625 0.138671875
0 0.2021484375 0.1953125 0.0673828125 0.134765625
0 0.1591796875 0.19140625 0.0751953125 0.142578125
0 0.1982421875 0.01953125 0.0654296875 0.0390625
1 0.2421875 0.017578125 0.0595703125 0.0341796875
1 0.2861328125 0.0234375 0.056640625 0.046875
0 0.326171875 0.0283203125 0.068359375 0.056640625
0 0.369140625 0.02734375 0.0595703125 0.0546875
0 0.41015625 0.0322265625 0.0673828125 0.064453125
0 0.451171875 0.0361328125 0.0673828125 0.072265625
0 0.4921875 0.0458984375 0.0625 0.091796875
0 0.5263671875 0.05078125 0.0625 0.1015625
0 0.5771484375 0.048828125 0.0673828125 0.091796875
0 0.615234375 0.0595703125 0.0673828125 0.103515625
0 0.6513671875 0.0654296875 0.072265625 0.1064453125
1 0.6962890625 0.0654296875 0.064453125 0.0966796875
1 0.7373046875 0.076171875 0.0595703125 0.1015625
0 0.775390625 0.087890625 0.0703125 0.1123046875
0 0.814453125 0.0927734375 0.0654296875 0.107421875
1 0.8544921875 0.1015625 0.0751953125 0.1123046875
0 0.8974609375 0.111328125 0.0703125 0.1123046875
1 0.939453125 0.1220703125 0.072265625 0.115234375
0 0.9697265625 0.125 0.060546875 0.1123046875
1 0.9921875 0.12890625 0.015625 0.1015625
0 0.099609375 0.0087890625 0.037109375 0.017578125