0 0.03359375 0.7375 0.0671875 0.15625
0 0.07109375 0.7390625 0.0796875 0.175
1 0.05625 0.5875 0.078125 0.14375
1 0.1046875 0.60625 0.078125 0.14375
1 0.11953125 0.7484375 0.0703125 0.1625
0 0.1546875 0.61015625 0.075 0.1546875
0 0.196875 0.625 0.075 0.15
0 0.1671875 0.76796875 0.084375 0.1640625
0 0.21875 0.771875 0.06875 0.1625
1 0.24921875 0.63125 0.0640625 0.140625
1 0.2625 0.78046875 0.075 0.1546875
1 0.31328125 0.79140625 0.0796875 0.1640625
1 0.36015625 0.8078125 0.0703125 0.15
0 0.296875 0.63984375 0.071875 0.1421875
1 0.34140625 0.646875 0.0796875 0.140625
1 0.38984375 0.66171875 0.0703125 0.1421875
1 0.4328125 0.67109375 0.071875 0.1421875
1 0.47734375 0.67421875 0.0703125 0.1421875
0 0.4046875 0.80546875 0.071875 0.1578125
0 0.45390625 0.81953125 0.0765625 0.1515625
0 0.503125 0.83046875 0.075 0.1546875
0 0.5265625 0.67890625 0.075 0.1546875
1 0.571875 0.69765625 0.075 0.1546875
1 0.54609375 0.83671875 0.0765625 0.1484375
1 0.59609375 0.8421875 0.0765625 0.159375
1 0.640625 0.85703125 0.071875 0.1578125
1 0.6859375 0.865625 0.071875 0.1625
1 0.73046875 0.8734375 0.0765625 0.1625
0 0.61796875 0.6953125 0.0640625 0.1375
0 0.66171875 0.70859375 0.0671875 0.1421875
0 0.70703125 0.715625 0.0640625 0.134375
0 0.75078125 0.73203125 0.0703125 0.1578125
0 0.8 0.73671875 0.065625 0.1453125
0 0.77578125 0.88203125 0.0765625 0.1515625
1 0.84296875 0.74140625 0.0703125 0.1578125
1 0.88359375 0.753125 0.0734375 0.15
1 0.9296875 0.7671875 0.06875 0.15
0 0.95703125 0.77578125 0.0453125 0.1703125
0 0.909375 0.47265625 0.071875 0.1421875
1 0.978125 0.49140625 0.04375 0.1453125
1 0.94765625 0.490625 0.0609375 0.140625
0 0.9875 0.3578125 0.025 0.125
0 0.965625 0.3546875 0.06875 0.13125
0 0.9265625 0.34375 0.06875 0.1375
0 0.88125 0.33515625 0.071875 0.1390625
0 0.8421875 0.321875 0.078125 0.14375
0 0.79765625 0.3171875 0.0703125 0.134375
1 0.86796875 0.4546875 0.0640625 0.1375
0 0.82421875 0.4484375 0.0640625 0.134375
0 0.78125 0.44140625 0.06875 0.1421875
0 0.73671875 0.4296875 0.0640625 0.1375
1 0.7578125 0.31015625 0.071875 0.1390625
1 0.7125 0.3 0.071875 0.146875
1 0.69453125 0.42421875 0.0640625 0.1296875
0 0.64921875 0.4140625 0.0578125 0.128125
0 0.67265625 0.2859375 0.0640625 0.140625
0 0.63125 0.27890625 0.06875 0.1453125
0 0.58828125 0.27421875 0.0609375 0.1359375
1 0.609375 0.4109375 0.06875 0.15
0 0.5671875 0.40859375 0.071875 0.1421875
1 0.52421875 0.38984375 0.0671875 0.1421875
1 0.54921875 0.2703125 0.0703125 0.13125
1 0.48046875 0.38828125 0.0703125 0.1421875
0 0.503125 0.253125 0.06875 0.13125
0 0.45859375 0.24453125 0.0703125 0.1421875
0 0.4375 0.375 0.06875 0.15
0 0.3953125 0.3515625 0.06875 0.15
0 0.41796875 0.23125 0.0640625 0.140625
1 0.34921875 0.3578125 0.0703125 0.13125
1 0.3796875 0.22734375 0.075 0.1421875
0 0.3296875 0.2140625 0.06875 0.15
0 0.30703125 0.34921875 0.0703125 0.1390625
0 0.26015625 0.33984375 0.0671875 0.1421875
0 0.215625 0.3296875 0.06875 0.15
0 0.2921875 0.2078125 0.06875 0.15
1 0.24609375 0.196875 0.0703125 0.134375
1 0.1734375 0.3125 0.075 0.15
1 0.1265625 0.31640625 0.071875 0.1390625
0 0.20234375 0.1953125 0.0671875 0.134375
0 0.159375 0.19140625 0.075 0.1421875
0 0.1984375 0.01953125 0.065625 0.0390625
1 0.2421875 0.0171875 0.059375 0.034375
1 0.2859375 0.0234375 0.05625 0.046875
0 0.3265625 0.028125 0.06875 0.05625
0 0.36875 0.02734375 0.059375 0.0546875
0 0.41015625 0.03203125 0.0671875 0.0640625
0 0.45078125 0.0359375 0.0671875 0.071875
0 0.4921875 0.04609375 0.0625 0.0921875
0 0.5265625 0.05078125 0.0625 0.1015625
0 0.57734375 0.04921875 0.0671875 0.0921875
0 0.61484375 0.059375 0.0671875 0.103125
0 0.6515625 0.065625 0.071875 0.10625
1 0.69609375 0.065625 0.0640625 0.096875
1 0.7375 0.07578125 0.059375 0.1015625
0 0.77578125 0.0875 0.0703125 0.1125
0 0.8140625 0.09296875 0.065625 0.1078125
1 0.8546875 0.1015625 0.075 0.1125
0 0.89765625 0.1109375 0.0703125 0.1125
1 0.9390625 0.121875 0.071875 0.115625
0 0.96953125 0.125 0.0609375 0.1125
1 0.9921875 0.12890625 0.015625 0.1015625
0 0.1 0.00859375 0.0375 0.0171875