1 0.18046875 0.55 0.2078125 0.2
0 0.21875 0.7140625 0.20625 0.240625
0 0.41171875 0.6328125 0.1609375 0.221875
0 0.31953125 0.5 0.1796875 0.178125
0 0.4578125 0.425 0.190625 0.153125
0 0.56328125 0.56875 0.2078125 0.203125
0 0.68984375 0.496875 0.1546875 0.159375
0 0.58828125 0.3828125 0.1484375 0.14375
0 0.68203125 0.33984375 0.1578125 0.1515625
0 0.79140625 0.4671875 0.1765625 0.1875
0 0.91484375 0.4265625 0.1703125 0.171875
0 0.7796875 0.3328125 0.13125 0.125
0 0.8765625 0.28125 0.146875 0.115625
0 0.928125 0.25703125 0.14375 0.1453125
0 0.115625 0.346875 0.14375 0.140625
0 0.24609375 0.30703125 0.1453125 0.1328125
0 0.3484375 0.25390625 0.121875 0.1203125
0 0.43984375 0.2359375 0.1203125 0.1125
0 0.5296875 0.2046875 0.128125 0.109375
0 0.60625 0.1796875 0.1125 0.103125
0 0.6828125 0.15859375 0.134375 0.1140625
0 0.76328125 0.13828125 0.1203125 0.1046875
0 0.8359375 0.12578125 0.1375 0.1140625
0 0.909375 0.1078125 0.109375 0.115625
0 0.95 0.0796875 0.084375 0.090625
0 0.0765625 0.2734375 0.125 0.103125
0 0.190625 0.2234375 0.14375 0.109375
0 0.30703125 0.190625 0.1328125 0.109375
0 0.3953125 0.165625 0.103125 0.1
0 0.48125 0.14375 0.109375 0.1125
0 0.55390625 0.11953125 0.1171875 0.1109375
0 0.62578125 0.090625 0.1328125 0.103125
0 0.73359375 0.07109375 0.1015625 0.1015625
0 0.80234375 0.0578125 0.1140625 0.08125
0 0.059375 0.1703125 0.08125 0.1
0 0.04765625 0.11015625 0.0484375 0.0796875
0 0.10703125 0.08046875 0.0953125 0.0984375
0 0.153125 0.1234375 0.103125 0.1
0 0.1828125 0.059375 0.084375 0.0875
0 0.2453125 0.1046875 0.103125 0.1
0 0.309375 0.08515625 0.115625 0.1109375
0 0.390625 0.0703125 0.10625 0.109375
0 0.45625 0.0515625 0.1 0.103125
0 0.509375 0.040625 0.1 0.08125
0 0.56875 0.03359375 0.0875 0.0640625
0 0.63046875 0.02890625 0.0953125 0.0484375
0 0.696875 0.0265625 0.096875 0.034375
1 0.24765625 0.059375 0.0765625 0.078125
0 0.33671875 0.0359375 0.0734375 0.071875
0 0.40390625 0.03046875 0.0640625 0.0609375
0 0.45078125 0.01953125 0.0703125 0.0390625
1 0.51328125 0.0109375 0.0609375 0.021875
0 0.04453125 0.0546875 0.0328125 0.071875
0 0.09375 0.03828125 0.090625 0.0609375
0 0.16640625 0.025 0.0765625 0.040625
0 0.22734375 0.01953125 0.0765625 0.0328125
0 0.28671875 0.01640625 0.0609375 0.0265625