0 0.8875 0.70625 0.2125 0.471875
0 0.75234375 0.71015625 0.1359375 0.4515625
1 0.61328125 0.72890625 0.1453125 0.4328125
0 0.4765625 0.7375 0.1625 0.421875
0 0.34296875 0.75625 0.1890625 0.478125
0 0.21328125 0.75703125 0.1984375 0.4859375
0 0.08671875 0.74765625 0.1734375 0.4703125
0 0.9140625 0.321875 0.10625 0.2875
0 0.80078125 0.31484375 0.1421875 0.2890625
0 0.69296875 0.3203125 0.1265625 0.3
0 0.58359375 0.32578125 0.1265625 0.3203125
0 0.475 0.33515625 0.125 0.3203125
0 0.37109375 0.34765625 0.1203125 0.3203125
0 0.2515625 0.34453125 0.1375 0.3171875
0 0.134375 0.3453125 0.15 0.321875
0 0.0484375 0.334375 0.096875 0.378125