0 0.2548828125 0.81640625 0.318359375 0.283203125
0 0.0712890625 0.7578125 0.142578125 0.265625
0 0.1064453125 0.572265625 0.212890625 0.2138671875
0 0.3603515625 0.486328125 0.263671875 0.2080078125
0 0.2578125 0.228515625 0.193359375 0.138671875
0 0.3076171875 0.1474609375 0.177734375 0.1201171875
0 0.4892578125 0.1259765625 0.1875 0.123046875
0 0.5166015625 0.0517578125 0.173828125 0.09375
0 0.7099609375 0.7314453125 0.2392578125 0.28125
0 0.888671875 0.7744140625 0.171875 0.267578125
0 0.9052734375 0.58203125 0.173828125 0.1669921875
0 0.724609375 0.529296875 0.216796875 0.171875
0 0.7421875 0.4013671875 0.2001953125 0.1533203125
0 0.908203125 0.4462890625 0.1748046875 0.1513671875
0 0.908203125 0.3388671875 0.1591796875 0.125
0 0.9033203125 0.251953125 0.1591796875 0.115234375
0 0.763671875 0.2275390625 0.169921875 0.1298828125
0 0.7666015625 0.130859375 0.1513671875 0.107421875
0 0.7744140625 0.0771484375 0.1357421875 0.0732421875
0 0.8984375 0.162109375 0.15625 0.1064453125
0 0.892578125 0.115234375 0.1279296875 0.076171875
1 0.3046875 0.6298828125 0.275390625 0.224609375
1 0.1650390625 0.439453125 0.216796875 0.1796875
1 0.21484375 0.33203125 0.2080078125 0.1611328125
1 0.400390625 0.375 0.2314453125 0.150390625
1 0.4267578125 0.287109375 0.228515625 0.177734375
1 0.4609375 0.1923828125 0.208984375 0.140625
1 0.3330078125 0.0849609375 0.146484375 0.107421875
1 0.3583984375 0.0390625 0.1669921875 0.078125
1 0.521484375 0.0234375 0.162109375 0.046875
1 0.1181640625 0.03515625 0.0517578125 0.0703125