1 0.240234375 0.748046875 0.1201171875 0.193359375
1 0.3017578125 0.7294921875 0.125 0.1904296875
0 0.2939453125 0.9111328125 0.123046875 0.177734375
0 0.361328125 0.896484375 0.1298828125 0.2060546875
0 0.353515625 0.7021484375 0.125 0.1923828125
0 0.4052734375 0.6787109375 0.1201171875 0.1826171875
1 0.4169921875 0.87890625 0.1220703125 0.205078125
1 0.455078125 0.6513671875 0.1171875 0.1904296875
1 0.513671875 0.6435546875 0.1171875 0.1904296875
0 0.470703125 0.8447265625 0.130859375 0.220703125
0 0.568359375 0.6162109375 0.1123046875 0.173828125
1 0.5234375 0.8232421875 0.1279296875 0.2158203125
1 0.5771484375 0.8037109375 0.126953125 0.1953125
1 0.640625 0.7861328125 0.130859375 0.208984375
1 0.693359375 0.765625 0.1279296875 0.203125
1 0.6171875 0.58984375 0.1220703125 0.189453125
0 0.6826171875 0.580078125 0.119140625 0.1904296875
0 0.7470703125 0.744140625 0.130859375 0.21875
1 0.798828125 0.7119140625 0.130859375 0.205078125
0 0.86328125 0.6943359375 0.1357421875 0.216796875
1 0.734375 0.5556640625 0.130859375 0.205078125
1 0.7861328125 0.529296875 0.119140625 0.185546875
1 0.8369140625 0.501953125 0.1201171875 0.1845703125
1 0.8876953125 0.478515625 0.1064453125 0.1669921875
1 0.9482421875 0.6513671875 0.103515625 0.2158203125
0 0.91015625 0.6708984375 0.1201171875 0.205078125
0 0.9384765625 0.4560546875 0.123046875 0.1904296875
0 0.9736328125 0.6279296875 0.052734375 0.216796875
1 0.9697265625 0.4462890625 0.060546875 0.1826171875
0 0.044921875 0.4248046875 0.08984375 0.185546875
1 0.0888671875 0.4091796875 0.1123046875 0.177734375
1 0.1416015625 0.3955078125 0.1171875 0.1875
1 0.193359375 0.3798828125 0.123046875 0.197265625
0 0.244140625 0.3623046875 0.1171875 0.1904296875
0 0.29296875 0.3369140625 0.1142578125 0.185546875
0 0.34765625 0.314453125 0.111328125 0.185546875
1 0.3955078125 0.298828125 0.115234375 0.1826171875
1 0.44921875 0.279296875 0.1171875 0.1767578125
1 0.498046875 0.2587890625 0.115234375 0.1767578125
0 0.546875 0.2353515625 0.1123046875 0.1669921875
0 0.59765625 0.208984375 0.111328125 0.1689453125
1 0.650390625 0.201171875 0.119140625 0.1796875
0 0.69921875 0.17578125 0.1201171875 0.189453125
1 0.7529296875 0.1650390625 0.1279296875 0.1953125
0 0.7978515625 0.1435546875 0.1171875 0.171875
1 0.8515625 0.12890625 0.115234375 0.173828125
0 0.888671875 0.1103515625 0.083984375 0.154296875