1 0.576171875 0.140625 0.1875 0.1875
1 0.0859375 0.650390625 0.171875 0.2392578125
1 0.0712890625 0.8037109375 0.142578125 0.2451171875
1 0.0732421875 0.8994140625 0.146484375 0.0986328125
0 0.55859375 0.265625 0.1953125 0.1689453125
0 0.5322265625 0.40625 0.216796875 0.197265625
0 0.5068359375 0.587890625 0.1982421875 0.1875
0 0.478515625 0.744140625 0.220703125 0.197265625
0 0.453125 0.8974609375 0.2314453125 0.205078125
0 0.099609375 0.482421875 0.19921875 0.1640625
0 0.1484375 0.3232421875 0.197265625 0.181640625
0 0.1806640625 0.169921875 0.1953125 0.1689453125
0 0.2041015625 0.0576171875 0.1982421875 0.115234375