0 0.876953125 0.572265625 0.2314453125 0.330078125
0 0.875 0.8154296875 0.2001953125 0.369140625
1 0.787109375 0.61328125 0.283203125 0.388671875
1 0.8173828125 0.86328125 0.265625 0.2734375
0 0.7080078125 0.69921875 0.25 0.3330078125
0 0.73828125 0.8779296875 0.2734375 0.244140625
0 0.619140625 0.728515625 0.2705078125 0.3671875
0 0.546875 0.7919921875 0.275390625 0.349609375
1 0.4580078125 0.8173828125 0.294921875 0.365234375
0 0.369140625 0.8515625 0.248046875 0.2939453125
0 0.6533203125 0.9228515625 0.240234375 0.154296875
0 0.8310546875 0.1669921875 0.1748046875 0.193359375
0 0.8935546875 0.154296875 0.140625 0.119140625
0 0.7587890625 0.197265625 0.201171875 0.2685546875
0 0.693359375 0.2529296875 0.189453125 0.259765625
0 0.6162109375 0.314453125 0.216796875 0.2998046875
0 0.556640625 0.3701171875 0.21875 0.306640625
1 0.4833984375 0.404296875 0.2080078125 0.298828125
1 0.4130859375 0.4453125 0.2109375 0.271484375
0 0.341796875 0.4931640625 0.2216796875 0.3076171875
0 0.263671875 0.5361328125 0.201171875 0.2783203125
0 0.212890625 0.572265625 0.244140625 0.3310546875
1 0.1318359375 0.626953125 0.2294921875 0.3046875
1 0.072265625 0.677734375 0.1435546875 0.2763671875
1 0.037109375 0.732421875 0.0732421875 0.267578125
0 0.025390625 0.5634765625 0.0498046875 0.3017578125
0 0.056640625 0.515625 0.1123046875 0.28125
0 0.0869140625 0.4677734375 0.173828125 0.314453125
0 0.158203125 0.4208984375 0.189453125 0.3046875
0 0.3515625 0.2978515625 0.171875 0.2919921875
0 0.4130859375 0.255859375 0.158203125 0.271484375
1 0.478515625 0.208984375 0.1669921875 0.306640625
1 0.556640625 0.1552734375 0.2060546875 0.3046875
1 0.6044921875 0.12890625 0.1748046875 0.251953125
1 0.669921875 0.1103515625 0.1513671875 0.185546875
1 0.7265625 0.091796875 0.1279296875 0.1220703125
0 0.17578125 0.134765625 0.173828125 0.2451171875
1 0.130859375 0.173828125 0.1455078125 0.224609375