0 0.9296875 0.22265625 0.1220703125 0.2421875
1 0.8193359375 0.2294921875 0.1171875 0.234375
0 0.7197265625 0.2392578125 0.1142578125 0.234375
0 0.6201171875 0.244140625 0.103515625 0.234375
1 0.51953125 0.244140625 0.1201171875 0.228515625
1 0.4208984375 0.24609375 0.107421875 0.220703125
1 0.318359375 0.2490234375 0.1044921875 0.205078125
0 0.2216796875 0.251953125 0.103515625 0.2236328125
0 0.1337890625 0.255859375 0.107421875 0.212890625
0 0.048828125 0.2666015625 0.0966796875 0.2236328125
1 0.0087890625 0.263671875 0.017578125 0.216796875
0 0.935546875 0.859375 0.1279296875 0.255859375
0 0.822265625 0.859375 0.1279296875 0.265625
1 0.6982421875 0.865234375 0.1435546875 0.259765625
0 0.5791015625 0.873046875 0.1328125 0.2529296875
1 0.470703125 0.865234375 0.1298828125 0.2685546875
1 0.3603515625 0.8662109375 0.1328125 0.267578125
0 0.2431640625 0.8642578125 0.126953125 0.271484375
0 0.1416015625 0.861328125 0.123046875 0.2763671875
0 0.05078125 0.8623046875 0.0859375 0.275390625