0 0.1259765625 0.255859375 0.248046875 0.4404296875
0 0.2392578125 0.2744140625 0.2783203125 0.4326171875
0 0.380859375 0.2861328125 0.28125 0.427734375
0 0.513671875 0.3115234375 0.279296875 0.4423828125
0 0.6572265625 0.3056640625 0.283203125 0.4423828125
0 0.7919921875 0.3193359375 0.271484375 0.439453125
0 0.8994140625 0.3330078125 0.201171875 0.439453125
0 0.9697265625 0.3212890625 0.060546875 0.419921875
0 0.9541015625 0.732421875 0.091796875 0.396484375
0 0.87890625 0.724609375 0.2421875 0.439453125
0 0.7587890625 0.7080078125 0.2705078125 0.4404296875
0 0.615234375 0.7060546875 0.2861328125 0.458984375
0 0.4619140625 0.6953125 0.2890625 0.458984375
0 0.326171875 0.677734375 0.28125 0.443359375
0 0.1865234375 0.66796875 0.283203125 0.455078125
0 0.0927734375 0.6572265625 0.185546875 0.451171875