1 0.2529296875 0.7802734375 0.1689453125 0.251953125
1 0.359375 0.775390625 0.1279296875 0.265625
1 0.453125 0.759765625 0.146484375 0.2783203125
0 0.5498046875 0.7392578125 0.1533203125 0.265625
0 0.646484375 0.7255859375 0.158203125 0.283203125
1 0.7509765625 0.7021484375 0.1826171875 0.2734375
1 0.861328125 0.7001953125 0.185546875 0.291015625
0 0.9306640625 0.6728515625 0.138671875 0.287109375
1 0.33984375 0.5625 0.107421875 0.171875
1 0.416015625 0.5537109375 0.107421875 0.158203125
0 0.5009765625 0.544921875 0.1171875 0.162109375
1 0.583984375 0.521484375 0.1220703125 0.1845703125
1 0.673828125 0.5087890625 0.119140625 0.1767578125
1 0.763671875 0.490234375 0.140625 0.1982421875
0 0.8486328125 0.474609375 0.1435546875 0.203125
1 0.9384765625 0.455078125 0.123046875 0.1826171875
0 0.3251953125 0.341796875 0.09375 0.1201171875
1 0.392578125 0.3271484375 0.078125 0.095703125
1 0.4521484375 0.3154296875 0.0830078125 0.109375
1 0.513671875 0.310546875 0.0908203125 0.123046875
0 0.5751953125 0.2890625 0.0810546875 0.1220703125
0 0.642578125 0.275390625 0.109375 0.140625
1 0.712890625 0.2578125 0.115234375 0.134765625
0 0.7802734375 0.2421875 0.1015625 0.1533203125
1 0.8505859375 0.2333984375 0.1015625 0.1484375
1 0.904296875 0.216796875 0.115234375 0.15625