0 0.8271484375 0.9541015625 0.1044921875 0.091796875
0 0.8193359375 0.9111328125 0.169921875 0.177734375
0 0.802734375 0.875 0.171875 0.203125
0 0.775390625 0.802734375 0.1953125 0.224609375
0 0.7412109375 0.7353515625 0.1767578125 0.2109375
0 0.71875 0.677734375 0.1875 0.2294921875
0 0.677734375 0.611328125 0.185546875 0.21875
0 0.642578125 0.560546875 0.1845703125 0.2138671875
0 0.615234375 0.48046875 0.1767578125 0.189453125
0 0.578125 0.4072265625 0.162109375 0.173828125
0 0.552734375 0.3330078125 0.15625 0.1748046875
0 0.5283203125 0.2607421875 0.166015625 0.193359375
0 0.4970703125 0.2021484375 0.1748046875 0.185546875
0 0.466796875 0.134765625 0.1669921875 0.177734375
0 0.4326171875 0.078125 0.15625 0.15625
1 0.412109375 0.0634765625 0.15625 0.126953125
0 0.693359375 0.966796875 0.1357421875 0.0654296875
0 0.6533203125 0.93359375 0.150390625 0.1328125
0 0.6240234375 0.884765625 0.1484375 0.1826171875
0 0.3759765625 0.033203125 0.138671875 0.06640625
0 0.197265625 0.015625 0.1064453125 0.03125
0 0.2119140625 0.041015625 0.1484375 0.0810546875
0 0.248046875 0.07421875 0.150390625 0.1484375
0 0.2724609375 0.10546875 0.158203125 0.2109375
0 0.302734375 0.158203125 0.169921875 0.2080078125
0 0.3349609375 0.2197265625 0.1669921875 0.201171875
0 0.3671875 0.287109375 0.1533203125 0.177734375
0 0.3974609375 0.3505859375 0.1611328125 0.1982421875
0 0.41796875 0.4130859375 0.1484375 0.1767578125
0 0.4541015625 0.474609375 0.169921875 0.2138671875
0 0.4912109375 0.5439453125 0.1640625 0.2001953125
1 0.5107421875 0.6123046875 0.150390625 0.203125
1 0.537109375 0.6884765625 0.1513671875 0.1923828125
1 0.5625 0.7470703125 0.166015625 0.193359375
1 0.58984375 0.8203125 0.1611328125 0.181640625
1 0.361328125 0.931640625 0.154296875 0.125
0 0.322265625 0.8876953125 0.1591796875 0.1904296875
1 0.291015625 0.8154296875 0.1640625 0.197265625
0 0.25390625 0.744140625 0.185546875 0.193359375
0 0.224609375 0.673828125 0.15625 0.193359375
0 0.208984375 0.59765625 0.1513671875 0.189453125
0 0.1845703125 0.5263671875 0.1533203125 0.177734375
0 0.146484375 0.462890625 0.15625 0.2080078125
1 0.107421875 0.4150390625 0.15625 0.2080078125
0 0.083984375 0.349609375 0.154296875 0.1904296875
1 0.0712890625 0.30078125 0.1171875 0.189453125
0 0.083984375 0.724609375 0.1669921875 0.224609375
0 0.162109375 0.8544921875 0.1767578125 0.1533203125
0 0.048828125 0.5517578125 0.09765625 0.201171875
0 0.990234375 0.486328125 0.0185546875 0.1748046875
0 0.9794921875 0.423828125 0.041015625 0.173828125
0 0.962890625 0.3759765625 0.0732421875 0.1767578125
0 0.953125 0.302734375 0.09375 0.189453125
0 0.939453125 0.25 0.1201171875 0.1689453125
0 0.9326171875 0.181640625 0.125 0.1376953125
0 0.89453125 0.1640625 0.126953125 0.134765625
0 0.84375 0.115234375 0.103515625 0.0751953125