0 0.935546875 0.7041015625 0.1279296875 0.326171875
0 0.8623046875 0.615234375 0.275390625 0.2919921875
0 0.732421875 0.490234375 0.255859375 0.2998046875
0 0.615234375 0.396484375 0.240234375 0.265625
0 0.544921875 0.3232421875 0.232421875 0.224609375
0 0.484375 0.259765625 0.2314453125 0.205078125
0 0.4111328125 0.2109375 0.197265625 0.1689453125
0 0.3603515625 0.166015625 0.1953125 0.1533203125
1 0.3154296875 0.123046875 0.150390625 0.134765625
0 0.291015625 0.087890625 0.1748046875 0.1298828125
0 0.25 0.0595703125 0.1748046875 0.119140625
0 0.2197265625 0.048828125 0.1826171875 0.0966796875
0 0.2021484375 0.037109375 0.185546875 0.07421875
0 0.1845703125 0.0244140625 0.15625 0.048828125
0 0.1630859375 0.740234375 0.326171875 0.419921875
0 0.1455078125 0.544921875 0.291015625 0.357421875
0 0.11328125 0.427734375 0.2265625 0.263671875