0 0.9580078125 0.3212890625 0.083984375 0.3642578125
0 0.912109375 0.287109375 0.1748046875 0.357421875
0 0.818359375 0.2802734375 0.171875 0.3671875
0 0.720703125 0.2578125 0.1796875 0.365234375
1 0.6220703125 0.232421875 0.171875 0.373046875
0 0.52734375 0.2060546875 0.1767578125 0.384765625
0 0.4267578125 0.1748046875 0.171875 0.349609375
0 0.3251953125 0.162109375 0.173828125 0.32421875
0 0.2275390625 0.1552734375 0.1611328125 0.310546875
0 0.13671875 0.1337890625 0.158203125 0.267578125
0 0.068359375 0.13671875 0.1044921875 0.2734375
0 0.8564453125 0.947265625 0.150390625 0.1044921875
0 0.7607421875 0.9375 0.1591796875 0.125
0 0.658203125 0.919921875 0.1533203125 0.1591796875
0 0.5576171875 0.912109375 0.1591796875 0.1748046875
0 0.462890625 0.9033203125 0.15625 0.193359375
0 0.369140625 0.88671875 0.1669921875 0.220703125
0 0.2734375 0.873046875 0.162109375 0.234375
0 0.171875 0.85546875 0.162109375 0.2548828125
0 0.0771484375 0.841796875 0.154296875 0.265625
0 0.03125 0.8232421875 0.0625 0.291015625
0 0.9453125 0.0849609375 0.109375 0.0830078125
1 0.857421875 0.068359375 0.099609375 0.083984375
0 0.76171875 0.048828125 0.111328125 0.0703125
0 0.6630859375 0.0380859375 0.111328125 0.064453125
0 0.564453125 0.017578125 0.1015625 0.0341796875
1 0.4697265625 0.0048828125 0.111328125 0.009765625