1 0.822265625 0.6357421875 0.3232421875 0.2373046875
1 0.5986328125 0.6220703125 0.240234375 0.3095703125
1 0.291015625 0.541015625 0.1689453125 0.2138671875
1 0.326171875 0.421875 0.193359375 0.119140625
1 0.306640625 0.2548828125 0.09375 0.1064453125
1 0.384765625 0.255859375 0.099609375 0.1015625
1 0.478515625 0.267578125 0.111328125 0.1015625
1 0.7978515625 0.3447265625 0.126953125 0.1484375
1 0.865234375 0.2685546875 0.0810546875 0.099609375
0 0.9306640625 0.3232421875 0.1142578125 0.146484375
0 0.7724609375 0.486328125 0.283203125 0.201171875
0 0.583984375 0.4599609375 0.2314453125 0.1826171875
0 0.443359375 0.4072265625 0.2314453125 0.1826171875
0 0.181640625 0.4794921875 0.1376953125 0.1845703125
0 0.4287109375 0.5634765625 0.169921875 0.2705078125
0 0.0849609375 0.4345703125 0.1484375 0.177734375
0 0.041015625 0.40234375 0.08203125 0.1484375
1 0.2548828125 0.373046875 0.140625 0.0908203125
0 0.150390625 0.32421875 0.1640625 0.1015625
0 0.0126953125 0.275390625 0.025390625 0.0986328125
0 0.0634765625 0.203125 0.0703125 0.1220703125
0 0.169921875 0.208984375 0.076171875 0.1220703125
0 0.232421875 0.228515625 0.09375 0.142578125
1 0.0263671875 0.3349609375 0.052734375 0.0830078125
1 0.783203125 0.251953125 0.1435546875 0.099609375
1 0.5595703125 0.212890625 0.130859375 0.0908203125
1 0.6650390625 0.22265625 0.1484375 0.1044921875
0 0.5791015625 0.2509765625 0.138671875 0.1796875
0 0.677734375 0.283203125 0.1201171875 0.15625
1 0.4755859375 0.2119140625 0.123046875 0.091796875
1 0.400390625 0.1943359375 0.125 0.0732421875
1 0.318359375 0.1884765625 0.1298828125 0.080078125
0 0.255859375 0.1640625 0.1357421875 0.103515625
1 0.115234375 0.208984375 0.072265625 0.080078125
1 0.02734375 0.220703125 0.0546875 0.0732421875
1 0.9150390625 0.1650390625 0.076171875 0.0673828125
1 0.8916015625 0.123046875 0.1044921875 0.068359375
1 0.826171875 0.15625 0.09375 0.078125
1 0.80859375 0.1171875 0.1142578125 0.0654296875
1 0.7236328125 0.099609375 0.1064453125 0.0595703125
1 0.650390625 0.0908203125 0.125 0.072265625
1 0.5849609375 0.087890625 0.1142578125 0.064453125
1 0.509765625 0.078125 0.107421875 0.0625
1 0.224609375 0.115234375 0.0625 0.0673828125
1 0.2744140625 0.1103515625 0.0576171875 0.0517578125
1 0.3232421875 0.1103515625 0.0625 0.0517578125
1 0.3759765625 0.1142578125 0.0732421875 0.068359375
1 0.4404296875 0.1220703125 0.0810546875 0.0810546875
1 0.5068359375 0.1220703125 0.095703125 0.072265625
1 0.58203125 0.1240234375 0.080078125 0.060546875
1 0.6572265625 0.134765625 0.0986328125 0.0673828125
1 0.744140625 0.15234375 0.091796875 0.091796875