0 0.44296875 0.82578125 0.1890625 0.2359375
0 0.49765625 0.65625 0.1671875 0.19375
0 0.56484375 0.86484375 0.1953125 0.2546875
0 0.703125 0.8921875 0.215625 0.215625
0 0.8171875 0.9078125 0.184375 0.184375
1 0.91328125 0.77578125 0.1046875 0.1859375
1 0.83359375 0.7609375 0.2078125 0.215625
1 0.7296875 0.715625 0.20625 0.225
1 0.6109375 0.68125 0.175 0.209375
1 0.76640625 0.41796875 0.1390625 0.1453125
0 0.59296875 0.34765625 0.1328125 0.1578125
0 0.67578125 0.3765625 0.1234375 0.134375
0 0.84296875 0.43984375 0.1296875 0.1421875
0 0.93359375 0.46875 0.1265625 0.14375
1 0.9703125 0.490625 0.059375 0.15
0 0.37734375 0.26171875 0.1203125 0.1421875
0 0.29375 0.23203125 0.1375 0.1515625
0 0.20390625 0.21171875 0.1390625 0.1578125
1 0.12421875 0.184375 0.1359375 0.15
1 0.43359375 0.17109375 0.1234375 0.1234375
1 0.34375 0.146875 0.109375 0.121875
1 0.275 0.1203125 0.103125 0.128125
1 0.20234375 0.09765625 0.1078125 0.1296875
1 0.146875 0.06484375 0.090625 0.1234375
0 0.21875 0.5078125 0.184375 0.21875
0 0.1125 0.7015625 0.225 0.321875
0 0.04453125 0.6875 0.0890625 0.265625
1 0.10078125 0.46171875 0.1921875 0.2296875
1 0.04140625 0.44453125 0.0828125 0.2109375
0 0.45390625 0.0390625 0.1078125 0.078125
0 0.3890625 0.025 0.09375 0.05
1 0.32734375 0.015625 0.0953125 0.03125
0 0.26953125 0.01171875 0.1046875 0.0234375