0 0.8076171875 0.919921875 0.25 0.1591796875
0 0.642578125 0.93359375 0.255859375 0.1328125
0 0.388671875 0.7060546875 0.232421875 0.2626953125
0 0.072265625 0.826171875 0.1435546875 0.1982421875
1 0.1923828125 0.8125 0.197265625 0.208984375
1 0.5595703125 0.669921875 0.228515625 0.267578125
1 0.716796875 0.626953125 0.212890625 0.2763671875
0 0.8837890625 0.548828125 0.189453125 0.2578125
0 0.9453125 0.3349609375 0.109375 0.216796875
0 0.080078125 0.6171875 0.1591796875 0.197265625
1 0.2236328125 0.5888671875 0.166015625 0.1845703125
1 0.365234375 0.5439453125 0.181640625 0.1689453125
1 0.521484375 0.501953125 0.193359375 0.1953125
1 0.6787109375 0.4580078125 0.205078125 0.1904296875
1 0.810546875 0.4208984375 0.1826171875 0.1826171875
1 0.853515625 0.1806640625 0.1279296875 0.1328125
1 0.6005859375 0.267578125 0.1328125 0.134765625
0 0.728515625 0.1943359375 0.154296875 0.1455078125
0 0.947265625 0.11328125 0.1044921875 0.1455078125
0 0.3681640625 0.3095703125 0.1669921875 0.15625
1 0.474609375 0.310546875 0.1640625 0.177734375
1 0.234375 0.388671875 0.1533203125 0.201171875
1 0.099609375 0.41796875 0.140625 0.205078125
1 0.0224609375 0.47265625 0.044921875 0.1767578125
1 0.0439453125 0.3408203125 0.068359375 0.119140625
0 0.123046875 0.2822265625 0.1298828125 0.1201171875
0 0.2412109375 0.259765625 0.1357421875 0.1171875
1 0.345703125 0.2275390625 0.1220703125 0.1044921875
0 0.46875 0.189453125 0.1435546875 0.138671875
0 0.5966796875 0.1513671875 0.1376953125 0.130859375
0 0.712890625 0.08984375 0.146484375 0.1171875
0 0.8056640625 0.076171875 0.142578125 0.1064453125
0 0.2412109375 0.1279296875 0.1142578125 0.166015625
1 0.1455078125 0.1708984375 0.119140625 0.1142578125
1 0.0576171875 0.1962890625 0.0654296875 0.1044921875
1 0.345703125 0.1015625 0.119140625 0.1591796875
0 0.4541015625 0.064453125 0.123046875 0.1279296875
0 0.548828125 0.0380859375 0.111328125 0.076171875
0 0.6416015625 0.03125 0.107421875 0.046875
0 0.16015625 0.068359375 0.0986328125 0.130859375
0 0.2626953125 0.048828125 0.109375 0.0966796875
0 0.3408203125 0.0380859375 0.1220703125 0.076171875
1 0.091796875 0.033203125 0.087890625 0.0654296875