0 0.1357421875 0.9111328125 0.134765625 0.171875
0 0.1826171875 0.853515625 0.1591796875 0.1796875
0 0.240234375 0.806640625 0.1513671875 0.1923828125
0 0.298828125 0.7490234375 0.169921875 0.189453125
1 0.353515625 0.705078125 0.169921875 0.169921875
0 0.4150390625 0.6484375 0.169921875 0.171875
0 0.466796875 0.591796875 0.166015625 0.189453125
0 0.529296875 0.537109375 0.171875 0.1875
0 0.5654296875 0.4833984375 0.162109375 0.1796875
0 0.623046875 0.431640625 0.1533203125 0.1748046875
0 0.681640625 0.3828125 0.158203125 0.1748046875
0 0.740234375 0.33203125 0.1640625 0.1767578125
0 0.779296875 0.2744140625 0.173828125 0.1953125
0 0.845703125 0.2294921875 0.1689453125 0.1845703125
0 0.880859375 0.1845703125 0.1484375 0.181640625
0 0.9052734375 0.1357421875 0.080078125 0.1689453125
0 0.533203125 0.9326171875 0.150390625 0.134765625
0 0.599609375 0.90625 0.1591796875 0.1875
0 0.6533203125 0.8623046875 0.177734375 0.193359375
0 0.708984375 0.7998046875 0.1748046875 0.2001953125
0 0.7587890625 0.74609375 0.1669921875 0.1953125
0 0.8125 0.697265625 0.181640625 0.185546875
0 0.8671875 0.6484375 0.1748046875 0.197265625
0 0.9130859375 0.599609375 0.173828125 0.208984375
0 0.939453125 0.537109375 0.1201171875 0.1796875
0 0.9658203125 0.494140625 0.068359375 0.173828125
0 0.9853515625 0.7158203125 0.029296875 0.177734375
0 0.9677734375 0.76171875 0.064453125 0.1953125
0 0.931640625 0.794921875 0.1357421875 0.181640625
0 0.8701171875 0.830078125 0.1435546875 0.1669921875
0 0.0771484375 0.7197265625 0.1171875 0.205078125
0 0.1220703125 0.6826171875 0.150390625 0.208984375
0 0.1796875 0.62890625 0.1533203125 0.1982421875
0 0.23828125 0.587890625 0.1455078125 0.193359375
0 0.296875 0.5439453125 0.171875 0.2158203125
0 0.353515625 0.48046875 0.1484375 0.185546875
0 0.4013671875 0.4267578125 0.1533203125 0.197265625
0 0.443359375 0.359375 0.154296875 0.1904296875
0 0.501953125 0.3173828125 0.1689453125 0.2001953125
1 0.5556640625 0.275390625 0.1640625 0.189453125
0 0.6181640625 0.232421875 0.1640625 0.177734375
0 0.654296875 0.173828125 0.146484375 0.1796875
0 0.7109375 0.126953125 0.150390625 0.162109375
0 0.771484375 0.07421875 0.142578125 0.1484375
0 0.81640625 0.0478515625 0.1513671875 0.095703125
0 0.8486328125 0.0224609375 0.109375 0.044921875
0 0.0068359375 0.416015625 0.013671875 0.166015625
0 0.037109375 0.3779296875 0.0732421875 0.177734375
0 0.0595703125 0.326171875 0.119140625 0.169921875
0 0.095703125 0.271484375 0.1484375 0.171875
0 0.162109375 0.232421875 0.158203125 0.166015625
0 0.2119140625 0.1767578125 0.1513671875 0.1591796875
0 0.267578125 0.1279296875 0.166015625 0.171875
0 0.3232421875 0.0888671875 0.150390625 0.1435546875
0 0.380859375 0.0576171875 0.1435546875 0.109375
0 0.4345703125 0.03125 0.1376953125 0.0625
0 0.0302734375 0.1806640625 0.060546875 0.169921875
1 0.0595703125 0.140625 0.119140625 0.1220703125
0 0.09765625 0.115234375 0.1513671875 0.099609375
1 0.158203125 0.0859375 0.140625 0.068359375