0 0.1015625 0.19453125 0.0875 0.1890625
1 0.15546875 0.20078125 0.0859375 0.1890625
0 0.05625 0.78359375 0.090625 0.1921875
0 0.12265625 0.8015625 0.0890625 0.203125
1 0.1046875 0.5953125 0.0875 0.184375
1 0.16328125 0.6015625 0.0859375 0.175
1 0.209375 0.21328125 0.078125 0.1546875
1 0.26328125 0.22421875 0.0796875 0.1578125
1 0.1796875 0.809375 0.1 0.2125
0 0.21796875 0.61875 0.0859375 0.184375
0 0.28125 0.6203125 0.0875 0.178125
0 0.24140625 0.8203125 0.0859375 0.196875
0 0.3171875 0.2359375 0.078125 0.159375
0 0.37109375 0.24296875 0.0796875 0.1734375
0 0.4234375 0.25703125 0.0875 0.1859375
1 0.33515625 0.63828125 0.0828125 0.1796875
1 0.3 0.83203125 0.09375 0.2078125
1 0.39453125 0.64921875 0.0890625 0.1953125
1 0.35859375 0.84453125 0.0921875 0.2015625
1 0.41875 0.8515625 0.0875 0.203125
1 0.48046875 0.86328125 0.0921875 0.2015625
1 0.4796875 0.26875 0.08125 0.18125
1 0.53203125 0.27421875 0.0859375 0.1640625
1 0.5875 0.28359375 0.084375 0.1640625
0 0.45078125 0.65859375 0.0859375 0.1890625
0 0.54375 0.87265625 0.078125 0.2015625
1 0.50859375 0.67109375 0.0828125 0.1828125
0 0.64453125 0.2875 0.0671875 0.15625
0 0.7 0.2953125 0.078125 0.15625
0 0.5703125 0.68515625 0.078125 0.1890625
1 0.62421875 0.6921875 0.0859375 0.2
1 0.5953125 0.88984375 0.09375 0.1921875
1 0.6859375 0.69921875 0.084375 0.1953125
1 0.74375 0.7109375 0.078125 0.1875
1 0.79921875 0.728125 0.0828125 0.20625
1 0.74765625 0.32265625 0.0703125 0.1640625
1 0.85703125 0.34375 0.0796875 0.16875
1 0.96640625 0.36328125 0.0671875 0.1640625
0 0.6609375 0.90234375 0.09375 0.1953125
0 0.71796875 0.90625 0.0953125 0.1875
0 0.8359375 0.91953125 0.10625 0.1609375
0 0.85234375 0.7375 0.0796875 0.203125
0 0.95703125 0.7515625 0.0453125 0.184375
0 0.8 0.321875 0.08125 0.165625
0 0.91328125 0.35078125 0.0734375 0.1640625
0 0.98828125 0.375 0.0234375 0.171875
1 0.77421875 0.915625 0.0921875 0.16875
1 0.89609375 0.921875 0.0921875 0.15625
1 0.9125 0.74296875 0.090625 0.2046875