0 0.6123046875 0.78125 0.2158203125 0.2626953125
1 0.509765625 0.7412109375 0.193359375 0.220703125
0 0.421875 0.68359375 0.193359375 0.2138671875
1 0.337890625 0.662109375 0.173828125 0.224609375
1 0.2822265625 0.6064453125 0.2080078125 0.2001953125
1 0.2001953125 0.572265625 0.2060546875 0.1748046875
1 0.154296875 0.5546875 0.1826171875 0.1591796875
1 0.1044921875 0.521484375 0.177734375 0.138671875
0 0.0703125 0.482421875 0.140625 0.1376953125
0 0.9423828125 0.7158203125 0.115234375 0.244140625
0 0.8583984375 0.669921875 0.1767578125 0.224609375
0 0.751953125 0.603515625 0.173828125 0.224609375
1 0.6552734375 0.59375 0.173828125 0.1845703125
1 0.5888671875 0.55859375 0.166015625 0.1640625
1 0.4970703125 0.53125 0.150390625 0.150390625
0 0.4267578125 0.4921875 0.1533203125 0.150390625
1 0.359375 0.466796875 0.1376953125 0.1376953125
0 0.3017578125 0.427734375 0.1591796875 0.1455078125
0 0.2294921875 0.4013671875 0.1376953125 0.1435546875
0 0.1787109375 0.3740234375 0.1171875 0.1142578125
0 0.1328125 0.361328125 0.099609375 0.1123046875
0 0.0927734375 0.34765625 0.1015625 0.107421875
0 0.060546875 0.3369140625 0.0888671875 0.091796875
0 0.94921875 0.4208984375 0.1015625 0.126953125
1 0.876953125 0.416015625 0.09375 0.0859375
1 0.7958984375 0.396484375 0.126953125 0.0888671875
0 0.728515625 0.369140625 0.1044921875 0.107421875
1 0.6630859375 0.357421875 0.0986328125 0.099609375
0 0.603515625 0.33203125 0.0986328125 0.091796875
0 0.533203125 0.337890625 0.0908203125 0.099609375
1 0.4765625 0.314453125 0.078125 0.0859375
0 0.4443359375 0.29296875 0.0986328125 0.091796875
1 0.4033203125 0.271484375 0.0966796875 0.0859375
0 0.3662109375 0.2578125 0.0986328125 0.1064453125
0 0.3115234375 0.244140625 0.0830078125 0.0859375
1 0.9482421875 0.337890625 0.0908203125 0.1123046875
1 0.8916015625 0.318359375 0.1328125 0.1220703125
1 0.8251953125 0.3193359375 0.109375 0.1015625
1 0.771484375 0.296875 0.119140625 0.087890625
1 0.720703125 0.291015625 0.119140625 0.087890625
1 0.6669921875 0.2724609375 0.099609375 0.0732421875
1 0.5546875 0.2568359375 0.0966796875 0.080078125
1 0.509765625 0.244140625 0.0810546875 0.072265625
1 0.47265625 0.224609375 0.0888671875 0.0859375
1 0.4287109375 0.21875 0.0859375 0.078125