1 0.921875 0.64453125 0.15625 0.1703125
0 0.7390625 0.5953125 0.15 0.203125
0 0.8859375 0.496875 0.184375 0.134375
1 0.71171875 0.4515625 0.1578125 0.096875
1 0.5890625 0.50078125 0.121875 0.1609375
1 0.58359375 0.3890625 0.1421875 0.084375
0 0.47109375 0.44296875 0.1265625 0.1734375
1 0.4625 0.3375 0.1375 0.071875
1 0.35859375 0.3921875 0.1140625 0.125
1 0.38125 0.30546875 0.134375 0.0640625
0 0.26796875 0.35703125 0.1015625 0.1171875
1 0.2828125 0.275 0.10625 0.04375
0 0.14375 0.75 0.246875 0.2
1 0.16796875 0.9234375 0.2390625 0.153125
1 0.203125 0.33203125 0.08125 0.1171875
1 0.14765625 0.29296875 0.0765625 0.0859375
1 0.184375 0.23046875 0.09375 0.0484375
1 0.23515625 0.25546875 0.1078125 0.0546875
1 0.6140625 0.24921875 0.090625 0.1203125
1 0.696875 0.28125 0.0875 0.121875
0 0.80625 0.31015625 0.11875 0.1328125
1 0.90703125 0.35390625 0.0859375 0.1234375
1 0.95234375 0.3234375 0.0640625 0.075
1 0.87421875 0.275 0.0796875 0.059375
1 0.76328125 0.234375 0.0890625 0.071875
1 0.67421875 0.2078125 0.0828125 0.0625
1 0.59921875 0.17890625 0.0859375 0.0484375
0 0.525 0.19765625 0.071875 0.0984375
1 0.4546875 0.196875 0.0625 0.071875
1 0.44765625 0.14765625 0.0703125 0.0453125
1 0.38984375 0.1796875 0.0578125 0.075
1 0.39453125 0.13359375 0.0703125 0.0421875
1 0.32890625 0.1625 0.0578125 0.05625
1 0.334375 0.1265625 0.071875 0.0375
1 0.28046875 0.15078125 0.0515625 0.0484375
1 0.2890625 0.1125 0.078125 0.04375
1 0.234375 0.14296875 0.046875 0.0609375
0 0.2609375 0.0984375 0.09375 0.053125
1 0.19375 0.13671875 0.046875 0.0484375
1 0.9078125 0.19140625 0.071875 0.0859375
0 0.82265625 0.159375 0.0765625 0.0875
1 0.7515625 0.14921875 0.059375 0.0828125
0 0.6796875 0.11484375 0.059375 0.0859375
1 0.621875 0.1109375 0.05625 0.071875
1 0.565625 0.1 0.059375 0.075
1 0.5140625 0.09140625 0.059375 0.0640625
1 0.46015625 0.08046875 0.0515625 0.0671875
1 0.41328125 0.07421875 0.0484375 0.0640625
1 0.36953125 0.0671875 0.0421875 0.05625
0 0.89140625 0.1203125 0.0640625 0.075
1 0.771875 0.07734375 0.0625 0.0515625
1 0.71171875 0.0734375 0.0578125 0.059375
1 0.6640625 0.05234375 0.046875 0.0546875
1 0.6171875 0.0421875 0.05625 0.059375
1 0.56875 0.04140625 0.04375 0.0515625
0 0.52421875 0.01875 0.0421875 0.0375
0 0.08828125 0.25859375 0.1109375 0.0890625