0 0.93671875 0.42421875 0.1265625 0.2015625
1 0.88984375 0.4 0.1265625 0.2
0 0.65078125 0.91171875 0.1328125 0.1765625
0 0.58828125 0.8984375 0.1328125 0.203125
1 0.71484375 0.746875 0.1265625 0.19375
1 0.66484375 0.71953125 0.1234375 0.1859375
1 0.840625 0.38046875 0.109375 0.1640625
1 0.78984375 0.3609375 0.1109375 0.16875
1 0.5375 0.88125 0.14375 0.225
0 0.61171875 0.7046875 0.1265625 0.19375
0 0.559375 0.67109375 0.125 0.1890625
0 0.4828125 0.85390625 0.128125 0.2078125
0 0.740625 0.33828125 0.1125 0.1703125
0 0.69296875 0.315625 0.1171875 0.184375
0 0.640625 0.29921875 0.128125 0.1984375
1 0.50625 0.6546875 0.121875 0.190625
1 0.42734375 0.83359375 0.1390625 0.2203125
1 0.4515625 0.6328125 0.13125 0.20625
1 0.3734375 0.8109375 0.134375 0.2125
1 0.3203125 0.7828125 0.13125 0.2125
1 0.2640625 0.759375 0.134375 0.2125
1 0.58984375 0.278125 0.1203125 0.190625
1 0.54453125 0.25234375 0.1203125 0.1765625
1 0.49609375 0.23125 0.1171875 0.175
0 0.40078125 0.609375 0.1265625 0.2
0 0.2078125 0.7328125 0.121875 0.209375
1 0.3453125 0.58828125 0.121875 0.1921875
0 0.446875 0.203125 0.1 0.1625
0 0.39765625 0.1796875 0.1109375 0.165625
0 0.290625 0.56484375 0.11875 0.1984375
1 0.2421875 0.5421875 0.128125 0.209375
1 0.1578125 0.71796875 0.134375 0.2046875
1 0.1875 0.5140625 0.125 0.20625
1 0.1359375 0.4921875 0.11875 0.196875
1 0.08203125 0.47421875 0.1265625 0.2140625
1 0.34375 0.175 0.10625 0.171875
1 0.24375 0.13203125 0.115625 0.1796875
1 0.14375 0.08828125 0.103125 0.1703125
0 0.09609375 0.6953125 0.1359375 0.2125
0 0.05625 0.66640625 0.1125 0.2078125
0 0.04609375 0.4546875 0.0921875 0.209375
0 0.3015625 0.14609375 0.115625 0.1765625
0 0.19296875 0.1078125 0.1078125 0.171875
1 0.02890625 0.65390625 0.0578125 0.2015625
1 0.0234375 0.434375 0.046875 0.2