0 0.443359375 0.826171875 0.189453125 0.236328125
0 0.498046875 0.65625 0.1669921875 0.193359375
0 0.564453125 0.865234375 0.1953125 0.2548828125
0 0.7021484375 0.8916015625 0.216796875 0.216796875
0 0.81640625 0.9072265625 0.18359375 0.185546875
1 0.9130859375 0.775390625 0.1044921875 0.185546875
1 0.833984375 0.7607421875 0.2080078125 0.2158203125
1 0.7294921875 0.7158203125 0.2060546875 0.224609375
1 0.611328125 0.681640625 0.1748046875 0.208984375
1 0.7666015625 0.41796875 0.138671875 0.1455078125
0 0.5927734375 0.34765625 0.1328125 0.158203125
0 0.67578125 0.376953125 0.123046875 0.134765625
0 0.8427734375 0.439453125 0.1298828125 0.142578125
0 0.93359375 0.46875 0.126953125 0.1435546875
1 0.9697265625 0.4892578125 0.060546875 0.150390625
0 0.376953125 0.26171875 0.1201171875 0.142578125
0 0.2939453125 0.232421875 0.1376953125 0.1513671875
0 0.2041015625 0.2119140625 0.138671875 0.158203125
1 0.1240234375 0.1845703125 0.1357421875 0.150390625
1 0.43359375 0.1708984375 0.123046875 0.123046875
1 0.34375 0.146484375 0.109375 0.1220703125
1 0.275390625 0.1201171875 0.103515625 0.1279296875
1 0.2021484375 0.09765625 0.107421875 0.1298828125
1 0.146484375 0.064453125 0.0908203125 0.123046875
0 0.21875 0.5078125 0.1845703125 0.21875
0 0.1123046875 0.701171875 0.224609375 0.322265625
0 0.044921875 0.6875 0.0888671875 0.265625
1 0.1005859375 0.4619140625 0.1923828125 0.2294921875
1 0.041015625 0.443359375 0.08203125 0.2109375
0 0.4541015625 0.0390625 0.107421875 0.078125
0 0.388671875 0.025390625 0.09375 0.0498046875
1 0.3271484375 0.015625 0.095703125 0.03125
0 0.26953125 0.01171875 0.1044921875 0.0234375