0 0.9736328125 0.5400390625 0.052734375 0.341796875
0 0.8798828125 0.4853515625 0.240234375 0.2919921875
0 0.7216796875 0.41796875 0.25 0.3017578125
0 0.5693359375 0.375 0.236328125 0.265625
0 0.47265625 0.333984375 0.2294921875 0.2236328125
0 0.388671875 0.2978515625 0.2314453125 0.1982421875
0 0.298828125 0.2802734375 0.197265625 0.1640625
0 0.2314453125 0.259765625 0.197265625 0.146484375
1 0.169921875 0.234375 0.150390625 0.130859375
0 0.1337890625 0.2109375 0.1767578125 0.1220703125
0 0.083984375 0.1943359375 0.16796875 0.123046875
0 0.06640625 0.181640625 0.1328125 0.130859375
0 0.0537109375 0.1650390625 0.107421875 0.1357421875
0 0.033203125 0.15234375 0.06640625 0.12109375
0 0.2216796875 0.8505859375 0.421875 0.298828125
0 0.162109375 0.7197265625 0.318359375 0.357421875
0 0.1064453125 0.6123046875 0.212890625 0.265625