1 0.253125 0.78046875 0.16875 0.2515625
1 0.359375 0.775 0.128125 0.265625
1 0.453125 0.759375 0.146875 0.278125
0 0.55 0.7390625 0.153125 0.265625
0 0.64609375 0.72578125 0.1578125 0.2828125
1 0.75078125 0.70234375 0.1828125 0.2734375
1 0.86171875 0.7 0.1859375 0.290625
0 0.93125 0.67421875 0.1375 0.2859375
1 0.33984375 0.5625 0.1078125 0.171875
1 0.41640625 0.55390625 0.1078125 0.1578125
0 0.50078125 0.5453125 0.1171875 0.1625
1 0.584375 0.521875 0.121875 0.184375
1 0.6734375 0.50859375 0.11875 0.1765625
1 0.7640625 0.48984375 0.140625 0.1984375
0 0.8484375 0.475 0.14375 0.203125
1 0.93828125 0.45546875 0.1234375 0.1828125
0 0.325 0.34140625 0.09375 0.1203125
1 0.3921875 0.32734375 0.078125 0.0953125
1 0.45234375 0.315625 0.0828125 0.109375
1 0.5140625 0.31015625 0.090625 0.1234375
0 0.575 0.2890625 0.08125 0.121875
0 0.6421875 0.275 0.109375 0.140625
1 0.7125 0.2578125 0.115625 0.134375
0 0.78046875 0.2421875 0.1015625 0.153125
1 0.85078125 0.23359375 0.1015625 0.1484375
1 0.9046875 0.2171875 0.115625 0.15625