0 0.6513671875 0.2626953125 0.2626953125 0.234375
0 0.6787109375 0.4169921875 0.2919921875 0.271484375
0 0.69921875 0.5654296875 0.3046875 0.287109375
0 0.7265625 0.720703125 0.3154296875 0.3017578125
0 0.755859375 0.8701171875 0.2939453125 0.259765625
1 0.7724609375 0.9501953125 0.248046875 0.099609375
0 0.34765625 0.3203125 0.2705078125 0.2216796875
0 0.359375 0.451171875 0.265625 0.2314453125
0 0.3828125 0.611328125 0.2841796875 0.267578125
0 0.4169921875 0.9072265625 0.2841796875 0.185546875
0 0.201171875 0.8935546875 0.2763671875 0.15625
0 0.1826171875 0.7861328125 0.287109375 0.2470703125
0 0.1669921875 0.6220703125 0.275390625 0.228515625
1 0.162109375 0.490234375 0.2578125 0.228515625
1 0.3994140625 0.7666015625 0.298828125 0.267578125
1 0.1474609375 0.3466796875 0.2607421875 0.224609375