0 0.22890625 0.7703125 0.4453125 0.459375
0 0.4375 0.7390625 0.44375 0.471875
0 0.59140625 0.68515625 0.3546875 0.3765625
0 0.71015625 0.5875 0.3203125 0.303125
0 0.78125 0.52734375 0.2375 0.2140625
1 0.8859375 0.4796875 0.228125 0.215625
1 0.925 0.4546875 0.15 0.203125
1 0.96171875 0.40390625 0.0765625 0.1453125
1 0.1265625 0.53515625 0.253125 0.2640625
1 0.25859375 0.48515625 0.2796875 0.2546875
1 0.39140625 0.44375 0.2671875 0.24375
1 0.50625 0.425 0.2375 0.21875
1 0.6078125 0.4078125 0.2375 0.203125
1 0.6875 0.38671875 0.25625 0.2078125
1 0.753125 0.3703125 0.290625 0.20625
1 0.8328125 0.35625 0.234375 0.190625
1 0.8953125 0.334375 0.190625 0.146875
1 0.921875 0.3203125 0.13125 0.11875
1 0.9515625 0.3078125 0.065625 0.0875
1 0.9625 0.2953125 0.040625 0.075
1 0.040625 0.3015625 0.08125 0.146875
0 0.1140625 0.26796875 0.19375 0.1609375
0 0.2140625 0.253125 0.178125 0.15625
0 0.3171875 0.24609375 0.175 0.1765625
0 0.409375 0.259375 0.14375 0.140625
0 0.4640625 0.2390625 0.15625 0.121875
0 0.53046875 0.2265625 0.1265625 0.10625
0 0.60390625 0.21171875 0.1296875 0.1171875
0 0.6609375 0.2078125 0.1375 0.115625
0 0.715625 0.203125 0.140625 0.128125
1 0.75703125 0.20078125 0.1234375 0.1078125
0 0.79921875 0.196875 0.1296875 0.103125
0 0.8515625 0.19140625 0.109375 0.1015625
0 0.8953125 0.1890625 0.1125 0.09375
0 0.92578125 0.1921875 0.0921875 0.10625
0 0.9375 0.184375 0.06875 0.115625
0 0.95546875 0.17734375 0.0296875 0.1109375