1 0.853515625 0.6416015625 0.2890625 0.2109375
1 0.642578125 0.6201171875 0.216796875 0.291015625
1 0.3447265625 0.533203125 0.1513671875 0.201171875
1 0.384765625 0.4169921875 0.185546875 0.103515625
1 0.369140625 0.25390625 0.0859375 0.0986328125
1 0.447265625 0.2578125 0.091796875 0.09375
1 0.5390625 0.2724609375 0.103515625 0.091796875
1 0.8466796875 0.357421875 0.115234375 0.138671875
1 0.9150390625 0.2861328125 0.0732421875 0.09375
0 0.9638671875 0.3359375 0.072265625 0.1376953125
0 0.8173828125 0.494140625 0.265625 0.1796875
0 0.6357421875 0.462890625 0.2158203125 0.166015625
0 0.5 0.40625 0.2158203125 0.166015625
0 0.2431640625 0.46875 0.123046875 0.1748046875
0 0.4794921875 0.5576171875 0.150390625 0.255859375
0 0.150390625 0.4208984375 0.134765625 0.1669921875
0 0.095703125 0.388671875 0.099609375 0.138671875
0 0.01953125 0.3583984375 0.029296875 0.1142578125
1 0.03515625 0.384765625 0.064453125 0.125
1 0.318359375 0.3681640625 0.1328125 0.080078125
0 0.21875 0.31640625 0.15625 0.0888671875
0 0.0517578125 0.267578125 0.083984375 0.0966796875
0 0.13671875 0.1953125 0.060546875 0.115234375
0 0.23828125 0.2041015625 0.0673828125 0.1142578125
0 0.30078125 0.2255859375 0.0830078125 0.1328125
1 0.0693359375 0.3212890625 0.0986328125 0.0732421875
1 0.8349609375 0.267578125 0.1357421875 0.0888671875
1 0.619140625 0.220703125 0.123046875 0.080078125
1 0.7216796875 0.234375 0.140625 0.09375
0 0.6376953125 0.259765625 0.125 0.1669921875
0 0.732421875 0.294921875 0.107421875 0.1455078125
1 0.537109375 0.216796875 0.115234375 0.083984375
1 0.462890625 0.19921875 0.1171875 0.064453125
1 0.384765625 0.189453125 0.123046875 0.0703125
0 0.3251953125 0.1650390625 0.1279296875 0.091796875
1 0.185546875 0.201171875 0.0654296875 0.0751953125
1 0.099609375 0.2119140625 0.052734375 0.0673828125
1 0.9658203125 0.181640625 0.068359375 0.0625
1 0.947265625 0.142578125 0.1044921875 0.0625
1 0.880859375 0.17578125 0.087890625 0.0703125
1 0.865234375 0.1376953125 0.107421875 0.056640625
1 0.783203125 0.1162109375 0.099609375 0.0517578125
1 0.7119140625 0.1044921875 0.1201171875 0.0625
1 0.6494140625 0.1005859375 0.107421875 0.0546875
1 0.576171875 0.087890625 0.103515625 0.0546875
1 0.2978515625 0.115234375 0.0576171875 0.0625
1 0.345703125 0.1123046875 0.052734375 0.046875
1 0.392578125 0.1142578125 0.0576171875 0.046875
1 0.443359375 0.1201171875 0.0673828125 0.0625
1 0.5068359375 0.130859375 0.076171875 0.0732421875
1 0.572265625 0.130859375 0.087890625 0.0654296875
1 0.64453125 0.1357421875 0.0732421875 0.052734375
1 0.716796875 0.150390625 0.09375 0.0595703125
1 0.802734375 0.1689453125 0.0859375 0.083984375