0 0.841796875 0.14453125 0.197265625 0.2890625
0 0.7900390625 0.169921875 0.248046875 0.33984375
0 0.7001953125 0.19140625 0.2529296875 0.3828125
1 0.6083984375 0.232421875 0.248046875 0.388671875
0 0.51953125 0.2705078125 0.2548828125 0.400390625
0 0.419921875 0.298828125 0.248046875 0.3828125
0 0.3271484375 0.341796875 0.251953125 0.384765625
0 0.240234375 0.3857421875 0.2421875 0.3876953125
0 0.15234375 0.416015625 0.232421875 0.365234375
0 0.09765625 0.470703125 0.1953125 0.392578125
0 0.0498046875 0.4990234375 0.099609375 0.376953125
0 0.9892578125 0.7314453125 0.021484375 0.146484375
0 0.9462890625 0.7724609375 0.107421875 0.1513671875
0 0.884765625 0.8154296875 0.150390625 0.150390625
0 0.7958984375 0.8515625 0.1611328125 0.162109375
0 0.7099609375 0.8935546875 0.158203125 0.162109375
0 0.6142578125 0.9248046875 0.15625 0.146484375
0 0.5205078125 0.9482421875 0.15625 0.103515625
0 0.4287109375 0.9619140625 0.154296875 0.076171875
1 0.685546875 0.009765625 0.125 0.0185546875
0 0.595703125 0.0283203125 0.1376953125 0.056640625
0 0.5068359375 0.0537109375 0.1455078125 0.107421875
0 0.412109375 0.068359375 0.140625 0.1357421875
1 0.322265625 0.095703125 0.1513671875 0.158203125
0 0.2314453125 0.13671875 0.1435546875 0.1513671875
0 0.150390625 0.1845703125 0.15625 0.1689453125
0 0.06640625 0.224609375 0.1328125 0.1611328125
0 0.0205078125 0.2646484375 0.041015625 0.1513671875