1 0.4140625 0.1078125 0.1875 0.184375
1 0.9078125 0.596875 0.184375 0.234375
1 0.9234375 0.74375 0.153125 0.24375
1 0.9234375 0.86640625 0.153125 0.1578125
0 0.43359375 0.2296875 0.1953125 0.16875
0 0.4609375 0.36640625 0.215625 0.1953125
0 0.4875 0.54296875 0.196875 0.1859375
0 0.51875 0.69453125 0.21875 0.1953125
0 0.54609375 0.84609375 0.2265625 0.2078125
0 0.8875 0.4328125 0.2 0.1625
0 0.834375 0.27890625 0.196875 0.1796875
0 0.80234375 0.13125 0.1953125 0.16875
0 0.7765625 0.040625 0.196875 0.08125