0 0.4482421875 0.98046875 0.1123046875 0.0390625
1 0.51953125 0.9619140625 0.12890625 0.076171875
0 0.580078125 0.9443359375 0.1220703125 0.111328125
0 0.650390625 0.927734375 0.119140625 0.119140625
0 0.607421875 0.7060546875 0.107421875 0.150390625
0 0.7138671875 0.6591796875 0.1064453125 0.1533203125
0 0.3291015625 0.8369140625 0.126953125 0.1513671875
0 0.6533203125 0.5810546875 0.119140625 0.134765625
1 0.9775390625 0.7861328125 0.044921875 0.197265625
1 0.9462890625 0.8203125 0.107421875 0.1875
1 0.900390625 0.8388671875 0.1533203125 0.1845703125
1 0.8408203125 0.8583984375 0.1435546875 0.169921875
1 0.775390625 0.876953125 0.1357421875 0.162109375
1 0.705078125 0.9072265625 0.1328125 0.1357421875
1 0.390625 0.8193359375 0.125 0.1455078125
1 0.4423828125 0.7822265625 0.1064453125 0.142578125
1 0.498046875 0.7587890625 0.107421875 0.1455078125
1 0.548828125 0.736328125 0.1142578125 0.146484375
1 0.662109375 0.6943359375 0.111328125 0.154296875
1 0.767578125 0.6396484375 0.109375 0.1357421875
1 0.837890625 0.50390625 0.103515625 0.1142578125
1 0.751953125 0.54296875 0.103515625 0.1171875
1 0.701171875 0.5673828125 0.115234375 0.125
1 0.603515625 0.607421875 0.09375 0.1123046875
1 0.564453125 0.615234375 0.103515625 0.109375
1 0.505859375 0.6455078125 0.099609375 0.1064453125
1 0.458984375 0.669921875 0.0810546875 0.091796875
1 0.408203125 0.6982421875 0.0986328125 0.103515625
1 0.3515625 0.720703125 0.099609375 0.091796875