0 0.1318359375 0.8564453125 0.185546875 0.287109375
0 0.296875 0.8212890625 0.28515625 0.357421875
0 0.505859375 0.771484375 0.3466796875 0.376953125
0 0.6650390625 0.685546875 0.361328125 0.375
0 0.853515625 0.64453125 0.2919921875 0.3515625
0 0.12890625 0.6083984375 0.2421875 0.205078125
1 0.2587890625 0.591796875 0.205078125 0.193359375
0 0.388671875 0.546875 0.205078125 0.2373046875
0 0.529296875 0.4892578125 0.2060546875 0.2001953125
0 0.6728515625 0.447265625 0.1796875 0.181640625
0 0.8076171875 0.41796875 0.1875 0.1953125
0 0.9267578125 0.3837890625 0.146484375 0.208984375