0 0.779296875 0.794921875 0.2685546875 0.3876953125
1 0.6142578125 0.751953125 0.275390625 0.3671875
0 0.462890625 0.7001953125 0.265625 0.359375
0 0.3076171875 0.6435546875 0.240234375 0.3564453125
0 0.1513671875 0.5703125 0.275390625 0.3720703125
0 0.076171875 0.5361328125 0.15234375 0.396484375
0 0.8876953125 0.564453125 0.224609375 0.2783203125
1 0.76953125 0.525390625 0.2265625 0.263671875
0 0.6513671875 0.484375 0.228515625 0.28125
0 0.5439453125 0.4326171875 0.2158203125 0.2626953125
0 0.416015625 0.41796875 0.2109375 0.279296875
0 0.2998046875 0.35546875 0.208984375 0.2763671875
0 0.1865234375 0.302734375 0.2109375 0.2763671875
0 0.1015625 0.2578125 0.150390625 0.234375
0 0.9658203125 0.3330078125 0.068359375 0.166015625
0 0.9306640625 0.306640625 0.138671875 0.15625
0 0.857421875 0.26953125 0.123046875 0.142578125
0 0.78125 0.2451171875 0.1220703125 0.1279296875
0 0.6982421875 0.208984375 0.1123046875 0.1328125
0 0.619140625 0.193359375 0.119140625 0.126953125
0 0.5341796875 0.1669921875 0.130859375 0.134765625
0 0.4658203125 0.1396484375 0.1279296875 0.1484375
0 0.384765625 0.1015625 0.1376953125 0.150390625
0 0.306640625 0.0712890625 0.1357421875 0.142578125
0 0.232421875 0.0576171875 0.140625 0.115234375
0 0.18359375 0.0498046875 0.1201171875 0.099609375
0 0.96484375 0.2158203125 0.0703125 0.115234375
0 0.9189453125 0.1923828125 0.125 0.1220703125
1 0.8427734375 0.181640625 0.107421875 0.1123046875
0 0.787109375 0.1552734375 0.103515625 0.1171875
0 0.71484375 0.126953125 0.123046875 0.1220703125
0 0.6396484375 0.1123046875 0.1142578125 0.109375
0 0.5693359375 0.091796875 0.107421875 0.1044921875
0 0.505859375 0.060546875 0.09375 0.09375
0 0.439453125 0.0419921875 0.087890625 0.083984375
0 0.3798828125 0.025390625 0.080078125 0.05078125
0 0.31640625 0.0166015625 0.0859375 0.033203125