0 0.9658203125 0.650390625 0.068359375 0.1826171875
0 0.916015625 0.630859375 0.15625 0.181640625
1 0.841796875 0.619140625 0.1611328125 0.1591796875
0 0.7548828125 0.6025390625 0.1591796875 0.1611328125
0 0.677734375 0.580078125 0.1513671875 0.181640625
0 0.591796875 0.5634765625 0.158203125 0.1796875
0 0.529296875 0.5341796875 0.1484375 0.171875
0 0.447265625 0.5185546875 0.138671875 0.1689453125
0 0.3681640625 0.5068359375 0.1455078125 0.1669921875
0 0.2880859375 0.490234375 0.1513671875 0.1689453125
0 0.220703125 0.458984375 0.15625 0.1875
0 0.134765625 0.455078125 0.154296875 0.1767578125
0 0.072265625 0.4365234375 0.14453125 0.177734375
0 0.0302734375 0.4111328125 0.060546875 0.1748046875
0 0.806640625 0.9130859375 0.1328125 0.1044921875
0 0.724609375 0.912109375 0.134765625 0.130859375
0 0.6552734375 0.9111328125 0.1611328125 0.1591796875
0 0.5712890625 0.900390625 0.1611328125 0.1923828125
0 0.49609375 0.8779296875 0.1513671875 0.1875
0 0.4208984375 0.8642578125 0.1669921875 0.1748046875
0 0.3447265625 0.8486328125 0.1611328125 0.1904296875
0 0.2646484375 0.8369140625 0.185546875 0.1982421875
0 0.193359375 0.8017578125 0.1640625 0.1748046875
0 0.1123046875 0.7861328125 0.1689453125 0.181640625
0 0.0732421875 0.7578125 0.099609375 0.171875
0 0.087890625 0.92578125 0.0751953125 0.1484375
0 0.1298828125 0.9345703125 0.150390625 0.130859375
0 0.203125 0.95703125 0.150390625 0.0859375
0 0.2607421875 0.9677734375 0.1376953125 0.064453125
0 0.3544921875 0.9658203125 0.1220703125 0.068359375
0 0.4345703125 0.9658203125 0.119140625 0.068359375
0 0.9873046875 0.48046875 0.025390625 0.1953125
0 0.9443359375 0.455078125 0.111328125 0.193359375
0 0.8828125 0.451171875 0.1279296875 0.1923828125
0 0.8056640625 0.44140625 0.154296875 0.2109375
0 0.7197265625 0.416015625 0.1328125 0.1826171875
0 0.646484375 0.392578125 0.134765625 0.1923828125
0 0.572265625 0.353515625 0.140625 0.185546875
0 0.4951171875 0.34765625 0.1533203125 0.1923828125
1 0.4248046875 0.3408203125 0.150390625 0.181640625
0 0.3447265625 0.333984375 0.1513671875 0.169921875
0 0.279296875 0.2998046875 0.1328125 0.1748046875
0 0.201171875 0.2900390625 0.1376953125 0.154296875
0 0.1171875 0.271484375 0.130859375 0.1484375
0 0.056640625 0.2421875 0.1123046875 0.162109375
0 0.0185546875 0.22265625 0.037109375 0.1484375
0 0.9404296875 0.138671875 0.0439453125 0.158203125
0 0.900390625 0.107421875 0.109375 0.158203125
0 0.837890625 0.0849609375 0.134765625 0.1669921875
0 0.7578125 0.083984375 0.146484375 0.15625
0 0.6826171875 0.068359375 0.140625 0.1357421875
0 0.6044921875 0.064453125 0.1533203125 0.1279296875
0 0.5322265625 0.0556640625 0.142578125 0.111328125
0 0.4609375 0.0478515625 0.1376953125 0.095703125
0 0.388671875 0.0419921875 0.134765625 0.078125
0 0.314453125 0.0419921875 0.1435546875 0.0595703125
0 0.9189453125 0.0185546875 0.0283203125 0.037109375
0 0.8779296875 0.009765625 0.099609375 0.01953125