0 0.08671875 0.90625 0.1703125 0.153125
0 0.1265625 0.78671875 0.190625 0.1953125
0 0.17734375 0.690625 0.1765625 0.203125
0 0.228125 0.59765625 0.178125 0.2015625
0 0.28984375 0.50078125 0.1515625 0.1609375
0 0.3453125 0.41796875 0.15625 0.1609375
0 0.38671875 0.32578125 0.1515625 0.1765625
0 0.43125 0.24921875 0.165625 0.1671875
0 0.47578125 0.1703125 0.1515625 0.146875
0 0.5125 0.10390625 0.146875 0.1453125
0 0.55390625 0.05078125 0.1390625 0.1015625
0 0.6 0.015625 0.13125 0.028125
0 0.45546875 0.94453125 0.1921875 0.1109375
0 0.51953125 0.87890625 0.2140625 0.2015625
0 0.55546875 0.74453125 0.1734375 0.1703125
0 0.58828125 0.65625 0.1828125 0.165625
0 0.65703125 0.55390625 0.1859375 0.1734375
0 0.6984375 0.47109375 0.175 0.1609375
0 0.72890625 0.37265625 0.1671875 0.1578125
0 0.765625 0.28984375 0.16875 0.1328125
0 0.80078125 0.2109375 0.1796875 0.125
0 0.83515625 0.13359375 0.1609375 0.1296875
0 0.86328125 0.07109375 0.1671875 0.1109375
0 0.90703125 0.0328125 0.1484375 0.03125
0 0.73125 0.8328125 0.203125 0.228125
1 0.69140625 0.91796875 0.1890625 0.1640625
0 0.78359375 0.71640625 0.2140625 0.1578125
0 0.82265625 0.621875 0.1859375 0.15
0 0.8703125 0.51484375 0.184375 0.1515625
0 0.89453125 0.41484375 0.1890625 0.1390625
0 0.925 0.328125 0.15 0.121875
0 0.94375 0.26640625 0.1125 0.1421875
0 0.95234375 0.18125 0.0953125 0.1375
0 0.33359375 0.11484375 0.1515625 0.1296875
0 0.38046875 0.046875 0.1421875 0.09375
0 0.42265625 0.0203125 0.1359375 0.040625