1 0.876953125 0.728515625 0.2001953125 0.197265625
0 0.693359375 0.603515625 0.1796875 0.2373046875
0 0.888671875 0.55078125 0.2138671875 0.1611328125
1 0.7158203125 0.4375 0.1845703125 0.119140625
1 0.5673828125 0.447265625 0.146484375 0.1875
1 0.6015625 0.32421875 0.166015625 0.1015625
0 0.4609375 0.3388671875 0.1533203125 0.203125
1 0.490234375 0.2216796875 0.15625 0.0908203125
1 0.357421875 0.2421875 0.1376953125 0.146484375
1 0.416015625 0.158203125 0.15625 0.080078125
0 0.2744140625 0.1728515625 0.1201171875 0.138671875
1 0.3212890625 0.087890625 0.1201171875 0.0546875
0 0.0693359375 0.55859375 0.138671875 0.220703125
1 0.0419921875 0.7861328125 0.083984375 0.2314453125
1 0.21484375 0.1201171875 0.0986328125 0.1376953125
1 0.1689453125 0.05859375 0.0908203125 0.1015625
1 0.23046875 0.017578125 0.107421875 0.0341796875
1 0.275390625 0.048828125 0.123046875 0.0673828125
1 0.6875 0.185546875 0.109375 0.138671875
1 0.763671875 0.248046875 0.1064453125 0.140625
0 0.8701171875 0.3212890625 0.140625 0.158203125
1 0.955078125 0.4072265625 0.0888671875 0.1455078125
1 0.9912109375 0.388671875 0.017578125 0.0830078125
1 0.955078125 0.3095703125 0.087890625 0.072265625
1 0.8525390625 0.22265625 0.1044921875 0.0859375
1 0.767578125 0.162109375 0.0966796875 0.0751953125
1 0.6953125 0.103515625 0.099609375 0.0595703125
0 0.6103515625 0.0947265625 0.0859375 0.1142578125
1 0.5341796875 0.0693359375 0.0751953125 0.0859375
1 0.54296875 0.021484375 0.08203125 0.04296875
1 0.4697265625 0.03515625 0.0703125 0.0703125
1 0.4892578125 0.0029296875 0.078125 0.005859375
1 0.4091796875 0.009765625 0.0654296875 0.0185546875
1 0.9892578125 0.23046875 0.021484375 0.1015625
0 0.943359375 0.166015625 0.0908203125 0.103515625
1 0.8720703125 0.1279296875 0.072265625 0.0966796875
0 0.8037109375 0.080078125 0.0673828125 0.0703125
1 0.7421875 0.056640625 0.0625 0.046875
1 0.68359375 0.037109375 0.060546875 0.029296875
1 0.916015625 0.0771484375 0.0654296875 0.0234375
0 0.1318359375 0.0283203125 0.1044921875 0.056640625