0 0.44921875 0.736328125 0.2138671875 0.255859375
1 0.5498046875 0.701171875 0.193359375 0.216796875
0 0.6337890625 0.6494140625 0.1923828125 0.2109375
1 0.712890625 0.6318359375 0.173828125 0.220703125
1 0.771484375 0.5791015625 0.205078125 0.1982421875
1 0.849609375 0.5498046875 0.203125 0.171875
1 0.89453125 0.53515625 0.1796875 0.158203125
1 0.92578125 0.5068359375 0.1484375 0.1455078125
0 0.951171875 0.4697265625 0.0966796875 0.138671875
0 0.0419921875 0.7236328125 0.083984375 0.244140625
0 0.107421875 0.662109375 0.171875 0.2392578125
0 0.216796875 0.62109375 0.1767578125 0.220703125
0 0.3193359375 0.5615234375 0.173828125 0.220703125
1 0.4140625 0.5537109375 0.171875 0.1826171875
1 0.478515625 0.5234375 0.162109375 0.162109375
1 0.5673828125 0.5009765625 0.146484375 0.1484375
0 0.63671875 0.466796875 0.1513671875 0.1484375
1 0.7021484375 0.443359375 0.1357421875 0.134765625
0 0.7568359375 0.408203125 0.158203125 0.1435546875
0 0.8271484375 0.3857421875 0.1357421875 0.140625
0 0.8779296875 0.3623046875 0.115234375 0.1123046875
0 0.9208984375 0.3515625 0.0986328125 0.1123046875
0 0.9541015625 0.3388671875 0.091796875 0.1064453125
0 0.97265625 0.3310546875 0.0546875 0.0966796875
1 0.0322265625 0.4384765625 0.064453125 0.1171875
0 0.1337890625 0.380859375 0.111328125 0.125
1 0.208984375 0.37890625 0.091796875 0.0859375
1 0.287109375 0.361328125 0.123046875 0.0888671875
0 0.3505859375 0.3388671875 0.1044921875 0.1064453125
1 0.4130859375 0.330078125 0.0986328125 0.0986328125
0 0.470703125 0.306640625 0.095703125 0.091796875
0 0.5390625 0.314453125 0.0908203125 0.0986328125
1 0.59375 0.2939453125 0.078125 0.083984375
0 0.6240234375 0.2744140625 0.095703125 0.091796875
1 0.666015625 0.2568359375 0.095703125 0.0859375
0 0.7021484375 0.244140625 0.0986328125 0.1044921875
0 0.7548828125 0.232421875 0.0810546875 0.083984375
1 0.0615234375 0.3251953125 0.107421875 0.099609375
1 0.1357421875 0.3017578125 0.1064453125 0.1123046875
1 0.197265625 0.2841796875 0.130859375 0.1220703125
1 0.259765625 0.287109375 0.107421875 0.099609375
1 0.3115234375 0.267578125 0.1171875 0.0888671875
1 0.361328125 0.263671875 0.1171875 0.0888671875
1 0.4130859375 0.2490234375 0.0986328125 0.0732421875
1 0.5224609375 0.23828125 0.095703125 0.080078125
1 0.5654296875 0.2265625 0.0810546875 0.072265625
1 0.6025390625 0.2080078125 0.0888671875 0.083984375
1 0.642578125 0.2060546875 0.083984375 0.078125