0 0.083984375 0.439453125 0.1669921875 0.3046875
0 0.0966796875 0.7431640625 0.193359375 0.3076171875
0 0.162109375 0.4189453125 0.2138671875 0.2998046875
0 0.2607421875 0.4169921875 0.2216796875 0.3125
0 0.375 0.404296875 0.2060546875 0.298828125
0 0.298828125 0.728515625 0.203125 0.306640625
0 0.400390625 0.716796875 0.197265625 0.287109375
1 0.1875 0.748046875 0.212890625 0.3125
1 0.470703125 0.3857421875 0.216796875 0.3125
1 0.4892578125 0.701171875 0.2060546875 0.2939453125
0 0.5751953125 0.373046875 0.2060546875 0.302734375
0 0.5986328125 0.697265625 0.2060546875 0.294921875
0 0.7021484375 0.69140625 0.2138671875 0.3046875
1 0.673828125 0.3759765625 0.212890625 0.326171875
0 0.8095703125 0.6796875 0.208984375 0.2998046875
0 0.779296875 0.359375 0.220703125 0.3095703125
0 0.8857421875 0.3671875 0.228515625 0.3251953125
0 0.90234375 0.65625 0.1953125 0.2998046875
1 0.9404296875 0.357421875 0.119140625 0.302734375
0 0.9541015625 0.6435546875 0.091796875 0.2626953125