0 0.15625 0.7001953125 0.3125 0.484375
0 0.265625 0.73046875 0.291015625 0.4736328125
1 0.408203125 0.765625 0.298828125 0.46875
0 0.55078125 0.7763671875 0.3203125 0.447265625
0 0.6953125 0.7744140625 0.3623046875 0.451171875
0 0.8125 0.7783203125 0.3466796875 0.443359375
0 0.8876953125 0.7822265625 0.212890625 0.435546875
0 0.1162109375 0.330078125 0.2138671875 0.3388671875
0 0.2373046875 0.3330078125 0.2529296875 0.353515625
0 0.3515625 0.345703125 0.240234375 0.359375
0 0.46484375 0.3603515625 0.248046875 0.3798828125
0 0.580078125 0.37890625 0.2470703125 0.3798828125
0 0.6904296875 0.3974609375 0.240234375 0.376953125
0 0.8173828125 0.4052734375 0.255859375 0.3798828125
0 0.9013671875 0.4130859375 0.197265625 0.388671875
0 0.955078125 0.400390625 0.0888671875 0.4189453125