0 0.0556640625 0.4990234375 0.111328125 0.513671875
0 0.123046875 0.4326171875 0.24609375 0.447265625
0 0.275390625 0.3515625 0.310546875 0.4814453125
0 0.439453125 0.318359375 0.2734375 0.4033203125
0 0.5859375 0.267578125 0.3251953125 0.4765625
0 0.732421875 0.2177734375 0.3203125 0.392578125
0 0.8857421875 0.8291015625 0.169921875 0.341796875
0 0.7822265625 0.859375 0.310546875 0.28125
0 0.5927734375 0.87890625 0.2861328125 0.2421875
0 0.4091796875 0.8974609375 0.2529296875 0.205078125
0 0.1279296875 0.1396484375 0.171875 0.279296875
0 0.2197265625 0.111328125 0.267578125 0.22265625
0 0.375 0.0986328125 0.255859375 0.197265625
0 0.5244140625 0.083984375 0.228515625 0.16796875
0 0.6630859375 0.068359375 0.2080078125 0.125
0 0.9619140625 0.193359375 0.076171875 0.1982421875