1 0.783203125 0.810546875 0.25 0.2783203125
0 0.9072265625 0.734375 0.185546875 0.2939453125
0 0.88671875 0.4384765625 0.2265625 0.3701171875
0 0.7978515625 0.484375 0.2705078125 0.365234375
0 0.6484375 0.537109375 0.3125 0.4111328125
0 0.513671875 0.5888671875 0.2861328125 0.412109375
0 0.365234375 0.65625 0.283203125 0.4033203125
0 0.615234375 0.86328125 0.2607421875 0.2734375
0 0.4453125 0.8935546875 0.275390625 0.212890625
0 0.275390625 0.9248046875 0.2763671875 0.150390625
0 0.224609375 0.7216796875 0.2607421875 0.375
0 0.1162109375 0.7431640625 0.2294921875 0.408203125
0 0.017578125 0.328125 0.0341796875 0.2314453125
0 0.064453125 0.296875 0.12890625 0.2578125
0 0.138671875 0.25390625 0.1640625 0.2138671875
0 0.2373046875 0.2158203125 0.193359375 0.2314453125
0 0.3310546875 0.181640625 0.1904296875 0.236328125
0 0.427734375 0.146484375 0.197265625 0.2607421875
0 0.5244140625 0.1083984375 0.1982421875 0.216796875
0 0.6142578125 0.083984375 0.193359375 0.1669921875
0 0.705078125 0.0654296875 0.189453125 0.130859375
0 0.7841796875 0.044921875 0.142578125 0.08984375
0 0.375 0.0478515625 0.115234375 0.0859375
0 0.291015625 0.080078125 0.1201171875 0.1015625
0 0.2138671875 0.115234375 0.130859375 0.109375
0 0.12890625 0.1474609375 0.123046875 0.1015625
1 0.4619140625 0.0234375 0.111328125 0.046875