1 0.5283203125 0.9140625 0.2529296875 0.171875
1 0.310546875 0.9423828125 0.26171875 0.115234375
1 0.3017578125 0.8359375 0.25 0.193359375
1 0.896484375 0.84765625 0.2060546875 0.2548828125
1 0.873046875 0.689453125 0.25 0.2001953125
1 0.818359375 0.564453125 0.2158203125 0.1640625
1 0.775390625 0.4609375 0.2138671875 0.1376953125
1 0.685546875 0.216796875 0.1748046875 0.109375
1 0.6611328125 0.150390625 0.1748046875 0.109375
1 0.638671875 0.09375 0.15625 0.09375
1 0.40625 0.1669921875 0.150390625 0.0966796875
1 0.4228515625 0.2294921875 0.1513671875 0.0908203125
1 0.283203125 0.2001953125 0.134765625 0.087890625
0 0.2861328125 0.267578125 0.134765625 0.1064453125
0 0.4375 0.294921875 0.15625 0.111328125
0 0.4453125 0.369140625 0.181640625 0.1220703125
0 0.46484375 0.451171875 0.1611328125 0.1279296875
0 0.474609375 0.552734375 0.2001953125 0.1533203125
0 0.509765625 0.775390625 0.21875 0.169921875
1 0.490234375 0.65625 0.234375 0.162109375
1 0.2919921875 0.330078125 0.146484375 0.1064453125
1 0.052734375 0.6689453125 0.1044921875 0.146484375
1 0.0517578125 0.572265625 0.103515625 0.125
1 0.0537109375 0.48828125 0.107421875 0.1044921875
0 0.0546875 0.4072265625 0.109375 0.1044921875
0 0.0537109375 0.337890625 0.107421875 0.099609375
0 0.052734375 0.2783203125 0.10546875 0.087890625
0 0.0556640625 0.21875 0.111328125 0.087890625
0 0.3017578125 0.7021484375 0.197265625 0.158203125
0 0.2919921875 0.5810546875 0.2001953125 0.140625
0 0.2939453125 0.4873046875 0.1845703125 0.1376953125
0 0.287109375 0.396484375 0.15625 0.1064453125
0 0.037109375 0.7783203125 0.07421875 0.134765625