1 0.896484375 0.611328125 0.150390625 0.201171875
0 0.77734375 0.6240234375 0.1328125 0.2080078125
1 0.64453125 0.658203125 0.1455078125 0.1845703125
0 0.5205078125 0.662109375 0.15625 0.189453125
1 0.400390625 0.69140625 0.154296875 0.1953125
1 0.27734375 0.7060546875 0.1767578125 0.208984375
1 0.146484375 0.72265625 0.1845703125 0.2080078125
0 0.107421875 0.5693359375 0.1171875 0.1484375
0 0.2060546875 0.5615234375 0.134765625 0.1328125
0 0.314453125 0.544921875 0.140625 0.1376953125
1 0.4091796875 0.533203125 0.150390625 0.138671875
0 0.505859375 0.5107421875 0.1376953125 0.1435546875
0 0.5927734375 0.4931640625 0.1171875 0.1484375
1 0.6904296875 0.4873046875 0.150390625 0.140625
0 0.796875 0.462890625 0.1376953125 0.1533203125
0 0.9130859375 0.4658203125 0.1640625 0.171875
0 0.2255859375 0.408203125 0.0986328125 0.1015625
0 0.2978515625 0.396484375 0.0830078125 0.095703125
0 0.3671875 0.3876953125 0.078125 0.09375
0 0.4326171875 0.3798828125 0.072265625 0.087890625
0 0.4912109375 0.373046875 0.080078125 0.080078125
1 0.556640625 0.3662109375 0.083984375 0.0859375
0 0.615234375 0.353515625 0.078125 0.09375
0 0.677734375 0.35546875 0.0859375 0.0859375
1 0.748046875 0.3466796875 0.0830078125 0.0810546875
0 0.8046875 0.3251953125 0.0908203125 0.09375
1 0.8740234375 0.32421875 0.1015625 0.095703125
0 0.931640625 0.310546875 0.1064453125 0.1171875