0 0.3515625 0.87109375 0.5341796875 0.2578125
1 0.5517578125 0.7724609375 0.490234375 0.455078125
0 0.6650390625 0.6103515625 0.4423828125 0.408203125
0 0.7294921875 0.470703125 0.365234375 0.3466796875
1 0.794921875 0.361328125 0.3076171875 0.3232421875
1 0.203125 0.3623046875 0.212890625 0.224609375
1 0.033203125 0.5009765625 0.06640625 0.158203125
0 0.0849609375 0.412109375 0.169921875 0.2216796875
0 0.8212890625 0.2744140625 0.2578125 0.236328125
0 0.8359375 0.224609375 0.25 0.201171875
0 0.255859375 0.2822265625 0.1982421875 0.205078125
0 0.3486328125 0.2236328125 0.181640625 0.193359375
0 0.412109375 0.173828125 0.1640625 0.1904296875
0 0.0224609375 0.3271484375 0.044921875 0.1923828125
0 0.0703125 0.259765625 0.1376953125 0.1513671875
0 0.1357421875 0.21484375 0.15625 0.1640625
0 0.0517578125 0.1572265625 0.087890625 0.1142578125
1 0.0234375 0.171875 0.046875 0.1376953125
0 0.1025390625 0.142578125 0.0986328125 0.1044921875
0 0.166015625 0.119140625 0.095703125 0.115234375
0 0.2333984375 0.103515625 0.1044921875 0.1220703125
0 0.306640625 0.0751953125 0.1015625 0.099609375
0 0.9130859375 0.1201171875 0.0546875 0.146484375