0 0.9150390625 0.8447265625 0.169921875 0.220703125
0 0.70703125 0.85546875 0.294921875 0.2734375
0 0.44921875 0.8828125 0.279296875 0.234375
0 0.193359375 0.9033203125 0.3017578125 0.193359375
0 0.865234375 0.474609375 0.2158203125 0.1982421875
0 0.9775390625 0.4453125 0.044921875 0.14453125
0 0.640625 0.501953125 0.21875 0.171875
0 0.4140625 0.54296875 0.25 0.185546875
0 0.203125 0.5703125 0.2529296875 0.1689453125
0 0.046875 0.591796875 0.09375 0.146484375
0 0.056640625 0.455078125 0.1123046875 0.1328125
1 0.212890625 0.4306640625 0.208984375 0.1484375
1 0.4072265625 0.4228515625 0.2236328125 0.1513671875
1 0.607421875 0.3798828125 0.2080078125 0.1591796875
1 0.8203125 0.3427734375 0.193359375 0.154296875
1 0.958984375 0.3203125 0.056640625 0.109375
1 0.892578125 0.0947265625 0.123046875 0.1171875
1 0.74609375 0.115234375 0.169921875 0.1279296875
1 0.568359375 0.1240234375 0.169921875 0.111328125
1 0.3876953125 0.1474609375 0.181640625 0.1015625
1 0.2119140625 0.166015625 0.1796875 0.1044921875
1 0.0556640625 0.19140625 0.111328125 0.0986328125
1 0.056640625 0.1015625 0.11328125 0.1015625
1 0.20703125 0.0791015625 0.158203125 0.1015625
1 0.3857421875 0.0615234375 0.1591796875 0.0888671875
1 0.5517578125 0.0419921875 0.166015625 0.083984375
1 0.7119140625 0.0400390625 0.169921875 0.080078125
1 0.865234375 0.0302734375 0.150390625 0.060546875