0 0.96875 0.453125 0.0625 0.315625
0 0.9328125 0.41640625 0.134375 0.3328125
0 0.89375 0.3953125 0.2125 0.340625
0 0.8125 0.35625 0.21875 0.340625
1 0.73203125 0.31640625 0.2140625 0.3453125
0 0.6546875 0.27734375 0.21875 0.3546875
0 0.575 0.2265625 0.2125 0.340625
0 0.49375 0.18671875 0.215625 0.3421875
0 0.41171875 0.16171875 0.2078125 0.3234375
0 0.3390625 0.13515625 0.2 0.2703125
0 0.25 0.1296875 0.21875 0.259375
0 0.171875 0.1109375 0.19375 0.221875
0 0.78203125 0.96015625 0.1421875 0.0796875
0 0.7140625 0.94140625 0.175 0.1171875
0 0.62890625 0.91796875 0.1765625 0.1640625
0 0.54453125 0.90234375 0.1828125 0.1953125
0 0.465625 0.8859375 0.18125 0.228125
0 0.38671875 0.86171875 0.1953125 0.2703125
0 0.30625 0.83046875 0.19375 0.2765625
0 0.22421875 0.790625 0.1953125 0.28125
0 0.1390625 0.75546875 0.2 0.2828125
0 0.08203125 0.71328125 0.1640625 0.2953125
0 0.03359375 0.6859375 0.0671875 0.26875
1 0.9578125 0.19765625 0.084375 0.1328125
0 0.89609375 0.16171875 0.1265625 0.1328125
0 0.8140625 0.128125 0.128125 0.1375
0 0.7328125 0.090625 0.115625 0.1125
1 0.6546875 0.06171875 0.121875 0.0984375
0 0.56953125 0.03515625 0.1109375 0.0703125
0 0.4875 0.0234375 0.115625 0.046875