0 0.8330078125 0.9150390625 0.212890625 0.169921875
0 0.685546875 0.93359375 0.240234375 0.1328125
0 0.4208984375 0.728515625 0.2109375 0.2392578125
0 0.1064453125 0.8623046875 0.177734375 0.166015625
1 0.244140625 0.84375 0.177734375 0.1904296875
1 0.58203125 0.6796875 0.205078125 0.244140625
1 0.7275390625 0.625 0.189453125 0.2529296875
0 0.880859375 0.5380859375 0.1669921875 0.236328125
0 0.9375 0.3271484375 0.125 0.201171875
0 0.103515625 0.6708984375 0.1767578125 0.1796875
0 0.025390625 0.74609375 0.0498046875 0.201171875
1 0.25390625 0.6298828125 0.1484375 0.1689453125
1 0.3876953125 0.576171875 0.166015625 0.1533203125
1 0.53125 0.5224609375 0.1748046875 0.1767578125
1 0.677734375 0.466796875 0.185546875 0.173828125
1 0.80078125 0.421875 0.1669921875 0.166015625
1 0.822265625 0.189453125 0.115234375 0.1201171875
1 0.5869140625 0.29296875 0.1201171875 0.1201171875
0 0.705078125 0.21484375 0.140625 0.1328125
0 0.9306640625 0.123046875 0.138671875 0.1171875
0 0.3681640625 0.353515625 0.1513671875 0.140625
1 0.470703125 0.345703125 0.1484375 0.162109375
1 0.2490234375 0.439453125 0.1357421875 0.1845703125
1 0.123046875 0.4775390625 0.123046875 0.189453125
1 0.03515625 0.537109375 0.0703125 0.166015625
1 0.0478515625 0.4111328125 0.091796875 0.109375
0 0.1328125 0.34765625 0.119140625 0.107421875
0 0.244140625 0.314453125 0.123046875 0.1044921875
1 0.3408203125 0.2763671875 0.1123046875 0.09375
0 0.455078125 0.2314453125 0.130859375 0.125
0 0.5751953125 0.1826171875 0.125 0.119140625
0 0.6796875 0.115234375 0.134765625 0.1064453125
0 0.7646484375 0.087890625 0.1328125 0.111328125
0 0.2333984375 0.189453125 0.1015625 0.1533203125
1 0.1435546875 0.240234375 0.1064453125 0.1015625
1 0.060546875 0.2685546875 0.0654296875 0.0908203125
1 0.330078125 0.1552734375 0.1044921875 0.1455078125
0 0.431640625 0.091796875 0.1123046875 0.1611328125
0 0.5185546875 0.0576171875 0.1064453125 0.115234375
0 0.603515625 0.044921875 0.1015625 0.0830078125
0 0.1513671875 0.1416015625 0.087890625 0.1201171875
0 0.2470703125 0.1044921875 0.099609375 0.1064453125
0 0.3203125 0.080078125 0.1123046875 0.103515625
1 0.091796875 0.0927734375 0.0576171875 0.0986328125
0 0.1640625 0.0322265625 0.0751953125 0.064453125
0 0.2373046875 0.0302734375 0.083984375 0.060546875
0 0.314453125 0.017578125 0.0859375 0.0341796875
0 0.1005859375 0.0341796875 0.0517578125 0.068359375