0 0.75390625 0.9296875 0.3015625 0.140625
0 0.51328125 0.87578125 0.3015625 0.2484375
0 0.2859375 0.846875 0.290625 0.29375
0 0.1046875 0.7875 0.209375 0.29375
0 0.78984375 0.63359375 0.2171875 0.2046875
0 0.9296875 0.665625 0.128125 0.159375
0 0.59296875 0.575 0.2171875 0.18125
0 0.3890625 0.52421875 0.246875 0.1984375
0 0.2015625 0.46796875 0.246875 0.1828125
0 0.0578125 0.42421875 0.115625 0.1515625
0 0.0984375 0.3125 0.165625 0.14375
1 0.26328125 0.3546875 0.2046875 0.159375
1 0.42734375 0.42109375 0.2171875 0.1640625
1 0.609375 0.45859375 0.20625 0.1671875
1 0.80234375 0.51015625 0.1921875 0.1640625
1 0.9453125 0.55078125 0.109375 0.1265625
1 0.9453125 0.33203125 0.109375 0.1296875
1 0.82421875 0.29140625 0.1671875 0.1359375
1 0.671875 0.23203125 0.165625 0.1203125
1 0.5125 0.18359375 0.175 0.1140625
1 0.35859375 0.13515625 0.1734375 0.1171875
1 0.1875 0.08359375 0.175 0.1140625
1 0.23359375 0.03515625 0.1578125 0.0703125
1 0.3875 0.0609375 0.153125 0.109375
1 0.5453125 0.11171875 0.153125 0.0984375
1 0.69375 0.1515625 0.159375 0.1125
1 0.83203125 0.196875 0.1671875 0.13125
1 0.94609375 0.24453125 0.1078125 0.1234375