1 0.841796875 0.814453125 0.275390625 0.3701171875
0 0.724609375 0.666015625 0.302734375 0.3408203125
0 0.615234375 0.556640625 0.2626953125 0.3125
0 0.5029296875 0.44921875 0.259765625 0.2890625
0 0.41796875 0.349609375 0.236328125 0.248046875
0 0.337890625 0.283203125 0.240234375 0.224609375
0 0.263671875 0.228515625 0.1875 0.197265625
1 0.509765625 0.1728515625 0.171875 0.158203125
1 0.583984375 0.2333984375 0.166015625 0.1640625
1 0.6572265625 0.283203125 0.2265625 0.171875
1 0.744140625 0.3505859375 0.2421875 0.1796875
1 0.83984375 0.431640625 0.267578125 0.208984375
1 0.9130859375 0.5185546875 0.173828125 0.234375