0 0.978515625 0.419921875 0.0419921875 0.0732421875
0 0.9697265625 0.453125 0.060546875 0.0546875
0 0.95703125 0.501953125 0.0830078125 0.056640625
1 0.9638671875 0.4775390625 0.072265625 0.0576171875
1 0.7783203125 0.7998046875 0.0810546875 0.068359375
1 0.7900390625 0.7734375 0.0986328125 0.078125
1 0.802734375 0.744140625 0.099609375 0.0654296875
1 0.8232421875 0.72265625 0.087890625 0.064453125
1 0.736328125 0.8681640625 0.103515625 0.0859375
1 0.84375 0.6904296875 0.0908203125 0.068359375
1 0.86328125 0.6640625 0.0830078125 0.056640625
1 0.880859375 0.6328125 0.0888671875 0.0654296875
1 0.8974609375 0.607421875 0.0830078125 0.0625
1 0.9140625 0.58203125 0.078125 0.0576171875
1 0.9248046875 0.55859375 0.087890625 0.064453125
1 0.94140625 0.529296875 0.0888671875 0.0546875
0 0.7587890625 0.8251953125 0.1015625 0.068359375
0 0.802734375 0.9140625 0.09375 0.099609375
0 0.830078125 0.8779296875 0.09375 0.0595703125
0 0.841796875 0.8427734375 0.078125 0.0517578125
0 0.8583984375 0.810546875 0.0830078125 0.0625
0 0.876953125 0.7861328125 0.0888671875 0.0654296875
0 0.896484375 0.751953125 0.087890625 0.064453125
0 0.912109375 0.7265625 0.091796875 0.0654296875
0 0.927734375 0.6982421875 0.0888671875 0.072265625
0 0.9384765625 0.6630859375 0.0830078125 0.060546875
0 0.9541015625 0.63671875 0.0673828125 0.064453125
0 0.7373046875 0.9873046875 0.0966796875 0.025390625
0 0.962890625 0.6103515625 0.0576171875 0.0576171875
0 0.9736328125 0.580078125 0.052734375 0.05859375
0 0.982421875 0.546875 0.0341796875 0.056640625
0 0.9892578125 0.5234375 0.021484375 0.0498046875
0 0.9970703125 0.4951171875 0.005859375 0.048828125
0 0.7548828125 0.541015625 0.068359375 0.0576171875
0 0.77734375 0.517578125 0.076171875 0.064453125
0 0.796875 0.49609375 0.0751953125 0.0673828125
0 0.810546875 0.4755859375 0.0751953125 0.0673828125
1 0.82421875 0.4501953125 0.080078125 0.068359375
0 0.8408203125 0.4267578125 0.072265625 0.0595703125
0 0.8583984375 0.3994140625 0.076171875 0.0576171875
0 0.876953125 0.3779296875 0.072265625 0.056640625
0 0.80078125 0.365234375 0.076171875 0.068359375
1 0.779296875 0.396484375 0.087890625 0.0576171875
1 0.7685546875 0.412109375 0.0908203125 0.056640625
1 0.734375 0.4599609375 0.087890625 0.048828125
1 0.7001953125 0.5087890625 0.087890625 0.0517578125
1 0.599609375 0.783203125 0.0810546875 0.068359375
1 0.6181640625 0.748046875 0.095703125 0.0732421875
1 0.6435546875 0.7177734375 0.083984375 0.0703125
1 0.6669921875 0.6943359375 0.083984375 0.0703125
1 0.68359375 0.6591796875 0.095703125 0.0908203125
1 0.7060546875 0.62890625 0.0908203125 0.080078125
1 0.724609375 0.6044921875 0.099609375 0.083984375
1 0.7392578125 0.5830078125 0.099609375 0.078125
1 0.5751953125 0.673828125 0.0966796875 0.0908203125
0 0.533203125 0.7314453125 0.1044921875 0.09375
0 0.751953125 0.439453125 0.080078125 0.056640625
0 0.7099609375 0.482421875 0.095703125 0.0732421875
0 0.68359375 0.525390625 0.095703125 0.078125
0 0.6669921875 0.5576171875 0.099609375 0.072265625
0 0.646484375 0.5791015625 0.09375 0.080078125
0 0.626953125 0.6044921875 0.0888671875 0.072265625
0 0.6044921875 0.6357421875 0.0966796875 0.0810546875
0 0.5302734375 0.8798828125 0.0986328125 0.083984375
0 0.4794921875 0.94921875 0.0966796875 0.0732421875
1 0.5078125 0.9208984375 0.103515625 0.0859375
1 0.6650390625 0.9658203125 0.107421875 0.068359375
1 0.6455078125 0.984375 0.103515625 0.03125
1 0.458984375 0.9736328125 0.1015625 0.052734375
1 0.4404296875 0.986328125 0.0908203125 0.0263671875
1 0.333984375 0.740234375 0.0908203125 0.0830078125
1 0.302734375 0.77734375 0.0986328125 0.0888671875
0 0.458984375 0.82421875 0.0986328125 0.0888671875
0 0.44921875 0.857421875 0.0986328125 0.078125
0 0.4130859375 0.88671875 0.1015625 0.0830078125
0 0.388671875 0.927734375 0.1044921875 0.087890625
0 0.3623046875 0.94921875 0.1123046875 0.0830078125
0 0.34375 0.962890625 0.1064453125 0.048828125
0 0.28515625 0.7958984375 0.091796875 0.0830078125
0 0.259765625 0.833984375 0.09375 0.0859375
0 0.2021484375 0.900390625 0.095703125 0.083984375
1 0.2255859375 0.873046875 0.1015625 0.0888671875
1 0.177734375 0.9150390625 0.078125 0.0390625
1 0.1064453125 0.8701171875 0.099609375 0.078125
0 0.0859375 0.876953125 0.099609375 0.056640625
0 0.2724609375 0.67578125 0.095703125 0.0732421875
0 0.2392578125 0.7197265625 0.09375 0.0859375
0 0.193359375 0.7763671875 0.095703125 0.0908203125
1 0.212890625 0.7490234375 0.1015625 0.0888671875
0 0.16015625 0.8076171875 0.095703125 0.083984375
0 0.134765625 0.8447265625 0.103515625 0.095703125
0 0.408203125 0.642578125 0.0888671875 0.083984375
0 0.4345703125 0.6142578125 0.099609375 0.072265625
0 0.650390625 0.3359375 0.076171875 0.068359375
0 0.6318359375 0.3623046875 0.0888671875 0.072265625
0 0.6171875 0.384765625 0.083984375 0.0703125
0 0.595703125 0.412109375 0.0888671875 0.083984375
1 0.578125 0.4365234375 0.083984375 0.076171875
1 0.560546875 0.458984375 0.087890625 0.0810546875
1 0.537109375 0.4814453125 0.0908203125 0.0751953125
0 0.517578125 0.5068359375 0.091796875 0.0859375
0 0.4970703125 0.533203125 0.087890625 0.0810546875
1 0.478515625 0.5654296875 0.0888671875 0.0751953125
1 0.45703125 0.5966796875 0.1015625 0.0751953125
0 0.345703125 0.599609375 0.09375 0.080078125
0 0.369140625 0.5654296875 0.0859375 0.0751953125
0 0.392578125 0.5390625 0.0810546875 0.0751953125
0 0.421875 0.515625 0.0908203125 0.0751953125
0 0.4423828125 0.4873046875 0.0908203125 0.0751953125
1 0.45703125 0.466796875 0.080078125 0.068359375
0 0.48046875 0.4404296875 0.0888671875 0.072265625
1 0.498046875 0.4228515625 0.0830078125 0.0673828125
1 0.515625 0.3974609375 0.083984375 0.0703125
0 0.5361328125 0.3740234375 0.0810546875 0.0732421875
0 0.5546875 0.3505859375 0.083984375 0.0703125
0 0.5771484375 0.3125 0.0859375 0.0751953125
1 0.587890625 0.3076171875 0.087890625 0.068359375
1 0.0234375 0.7626953125 0.046875 0.0751953125
1 0.04296875 0.724609375 0.0859375 0.0830078125
0 0.015625 0.78515625 0.03125 0.080078125
0 0.0146484375 0.669921875 0.029296875 0.076171875
1 0.025390625 0.6455078125 0.0498046875 0.078125
0 0.041015625 0.6123046875 0.0810546875 0.078125
0 0.0615234375 0.6943359375 0.095703125 0.0732421875
0 0.0927734375 0.662109375 0.0888671875 0.072265625
0 0.12109375 0.6328125 0.0859375 0.072265625
0 0.064453125 0.580078125 0.0859375 0.072265625
0 0.091796875 0.556640625 0.0888671875 0.0751953125
1 0.1484375 0.6044921875 0.0966796875 0.0810546875
1 0.228515625 0.5244140625 0.095703125 0.0732421875
1 0.255859375 0.4951171875 0.091796875 0.0654296875
1 0.27734375 0.474609375 0.0888671875 0.0751953125
1 0.1953125 0.455078125 0.0810546875 0.068359375
0 0.171875 0.4814453125 0.0966796875 0.0810546875
0 0.30078125 0.443359375 0.0888671875 0.0654296875
1 0.2158203125 0.439453125 0.0810546875 0.0751953125
1 0.2421875 0.4111328125 0.0810546875 0.0751953125
1 0.259765625 0.3896484375 0.091796875 0.0703125
1 0.2841796875 0.361328125 0.0810546875 0.0751953125
1 0.3212890625 0.419921875 0.091796875 0.0703125
1 0.3388671875 0.400390625 0.099609375 0.0751953125
1 0.3662109375 0.380859375 0.091796875 0.072265625
0 0.3115234375 0.337890625 0.0859375 0.0751953125
0 0.3349609375 0.318359375 0.080078125 0.068359375
0 0.384765625 0.3486328125 0.080078125 0.068359375
0 0.41015625 0.3251953125 0.080078125 0.068359375
1 0.349609375 0.29296875 0.087890625 0.064453125
0 0.37109375 0.271484375 0.076171875 0.0625
0 0.392578125 0.2529296875 0.0732421875 0.0595703125
0 0.4140625 0.23046875 0.068359375 0.0546875
1 0.4296875 0.306640625 0.0810546875 0.0595703125
0 0.4462890625 0.2822265625 0.0859375 0.060546875
0 0.466796875 0.2548828125 0.072265625 0.0654296875
0 0.015625 0.486328125 0.03125 0.0595703125