1 0.821875 0.31640625 0.121875 0.4296875
1 0.7671875 0.33828125 0.11875 0.4234375
1 0.65078125 0.75859375 0.1234375 0.4609375
1 0.55 0.74765625 0.121875 0.4484375
1 0.6203125 0.2984375 0.10625 0.415625
1 0.571875 0.27734375 0.121875 0.4296875
1 0.49296875 0.7546875 0.1234375 0.490625
1 0.4484375 0.734375 0.121875 0.465625
1 0.4 0.71875 0.134375 0.4875
1 0.471875 0.26953125 0.115625 0.4171875
1 0.36875 0.28203125 0.109375 0.4078125
1 0.29296875 0.72109375 0.1234375 0.4609375
0 0.2390625 0.70546875 0.13125 0.4765625
1 0.31640625 0.26953125 0.1203125 0.4546875
1 0.265625 0.24296875 0.103125 0.3890625
1 0.21875 0.24921875 0.1 0.3890625
1 0.140625 0.70234375 0.121875 0.4484375
1 0.121875 0.2296875 0.115625 0.434375
1 0.05078125 0.690625 0.1015625 0.48125
1 0.02578125 0.68203125 0.0515625 0.4796875
0 0.07578125 0.21171875 0.1171875 0.4171875
0 0.1671875 0.240625 0.1125 0.428125
0 0.09140625 0.671875 0.1171875 0.465625
0 0.196875 0.6953125 0.11875 0.465625
0 0.42265625 0.259375 0.1265625 0.475
0 0.3453125 0.728125 0.1125 0.446875
0 0.51484375 0.2734375 0.1078125 0.396875
0 0.7171875 0.31796875 0.11875 0.4234375
0 0.66796875 0.3234375 0.1203125 0.459375
0 0.7609375 0.77265625 0.128125 0.4546875
0 0.7046875 0.75 0.1125 0.453125
0 0.59921875 0.74765625 0.1078125 0.4265625