1 0.8171875 0.94375 0.1875 0.103125
1 0.71640625 0.9125 0.1296875 0.165625
1 0.628125 0.859375 0.134375 0.171875
1 0.5546875 0.80390625 0.140625 0.1546875
1 0.87578125 0.76640625 0.1484375 0.1328125
0 0.778125 0.71484375 0.159375 0.1546875
1 0.69296875 0.67265625 0.1421875 0.1390625
0 0.60390625 0.61640625 0.1484375 0.1328125
1 0.52265625 0.58359375 0.1328125 0.1296875
0 0.45859375 0.53828125 0.1296875 0.1609375
1 0.378125 0.49453125 0.15 0.1421875
0 0.31953125 0.44921875 0.1515625 0.1484375
0 0.2265625 0.40390625 0.146875 0.1296875
0 0.06875 0.52109375 0.1375 0.1609375
0 0.4484375 0.75625 0.1375 0.184375
1 0.36640625 0.71015625 0.1296875 0.1546875
0 0.315625 0.6578125 0.14375 0.1875
1 0.22578125 0.621875 0.1265625 0.15625
0 0.1578125 0.5703125 0.121875 0.16875
0 0.03125 0.29296875 0.0625 0.1109375
0 0.059375 0.225 0.11875 0.121875
0 0.11875 0.18671875 0.134375 0.1046875
0 0.1734375 0.134375 0.1625 0.103125
0 0.23984375 0.096875 0.1703125 0.096875
0 0.3203125 0.05234375 0.140625 0.1015625
1 0.5109375 0.21328125 0.121875 0.1453125
0 0.5890625 0.24765625 0.125 0.1109375
0 0.653125 0.28046875 0.140625 0.1265625
0 0.73359375 0.33125 0.1234375 0.1625
0 0.8078125 0.38125 0.13125 0.165625
0 0.884375 0.409375 0.11875 0.1875
0 0.93984375 0.4625 0.1203125 0.203125
1 0.63515625 0.11875 0.1203125 0.115625
1 0.71875 0.1640625 0.153125 0.109375
0 0.79609375 0.17890625 0.1328125 0.1296875
0 0.8546875 0.2125 0.15625 0.128125
0 0.93515625 0.24453125 0.1234375 0.1453125