0 0.05859375 0.5849609375 0.1171875 0.470703125
0 0.12890625 0.6083984375 0.2080078125 0.5048828125
1 0.240234375 0.6396484375 0.205078125 0.4951171875
0 0.34375 0.6689453125 0.208984375 0.5
1 0.1240234375 0.1767578125 0.201171875 0.353515625
1 0.236328125 0.1904296875 0.212890625 0.380859375
0 0.337890625 0.1923828125 0.189453125 0.384765625
0 0.439453125 0.2216796875 0.203125 0.443359375
1 0.544921875 0.236328125 0.185546875 0.4248046875
1 0.6494140625 0.244140625 0.1982421875 0.453125
1 0.462890625 0.6826171875 0.201171875 0.46875
1 0.560546875 0.7119140625 0.2080078125 0.5048828125
1 0.673828125 0.7275390625 0.208984375 0.4921875
1 0.78125 0.751953125 0.193359375 0.494140625
0 0.759765625 0.2578125 0.1826171875 0.4248046875
1 0.8681640625 0.2900390625 0.189453125 0.4296875
0 0.9345703125 0.3193359375 0.130859375 0.427734375
0 0.880859375 0.7578125 0.216796875 0.484375