0 0.9697265625 0.806640625 0.060546875 0.1611328125
0 0.9267578125 0.6865234375 0.146484375 0.201171875
0 0.875 0.603515625 0.181640625 0.2109375
0 0.7978515625 0.5224609375 0.1826171875 0.2080078125
0 0.708984375 0.439453125 0.15625 0.1669921875
0 0.6279296875 0.3720703125 0.162109375 0.166015625
0 0.560546875 0.2900390625 0.15625 0.1826171875
0 0.49609375 0.224609375 0.169921875 0.173828125
0 0.4296875 0.15625 0.15625 0.150390625
0 0.373046875 0.09765625 0.1533203125 0.1484375
0 0.31640625 0.0615234375 0.138671875 0.095703125
0 0.6640625 0.939453125 0.193359375 0.1171875
0 0.578125 0.8876953125 0.2216796875 0.208984375
0 0.5048828125 0.763671875 0.177734375 0.1767578125
0 0.447265625 0.6796875 0.189453125 0.171875
0 0.349609375 0.5947265625 0.1904296875 0.1796875
0 0.2841796875 0.5244140625 0.181640625 0.1669921875
0 0.2275390625 0.4296875 0.173828125 0.162109375
0 0.1689453125 0.35546875 0.1748046875 0.1357421875
0 0.1103515625 0.2861328125 0.185546875 0.1279296875
0 0.068359375 0.216796875 0.13671875 0.1328125
0 0.044921875 0.1484375 0.08984375 0.1328125
0 0.009765625 0.1083984375 0.01953125 0.060546875
0 0.34765625 0.8896484375 0.2109375 0.220703125
1 0.412109375 0.9453125 0.189453125 0.109375
0 0.265625 0.794921875 0.2216796875 0.1611328125
0 0.19921875 0.708984375 0.1923828125 0.1533203125
0 0.1201171875 0.6123046875 0.1904296875 0.15625
0 0.083984375 0.5166015625 0.1669921875 0.142578125
0 0.0478515625 0.435546875 0.095703125 0.119140625
0 0.01953125 0.380859375 0.0390625 0.1376953125
0 0.55859375 0.064453125 0.158203125 0.1279296875
0 0.4931640625 0.02734375 0.142578125 0.0546875