1 0.78671875 0.81953125 0.1640625 0.2046875
0 0.65 0.8125 0.125 0.184375
0 0.91640625 0.80390625 0.1265625 0.1953125
0 0.52265625 0.80625 0.1296875 0.2125
0 0.38828125 0.79921875 0.1265625 0.1953125
0 0.2640625 0.78828125 0.125 0.1890625
0 0.1328125 0.7703125 0.125 0.184375
0 0.05234375 0.73828125 0.1046875 0.1890625
0 0.1890625 0.93671875 0.18125 0.1265625
0 0.05546875 0.9375 0.1109375 0.125
0 0.7234375 0.56796875 0.084375 0.0984375
0 0.63203125 0.56328125 0.0859375 0.0890625
0 0.55 0.55859375 0.0875 0.0890625
1 0.46328125 0.55859375 0.0921875 0.0890625
1 0.8015625 0.56328125 0.084375 0.1015625
1 0.884375 0.56796875 0.09375 0.0953125
0 0.96328125 0.56015625 0.0703125 0.0953125
0 0.37734375 0.55859375 0.0921875 0.1015625
0 0.29609375 0.55625 0.0828125 0.078125
0 0.22265625 0.54765625 0.0859375 0.0859375
0 0.14296875 0.53828125 0.0953125 0.0828125
0 0.0625 0.53203125 0.103125 0.0859375
0 0.9234375 0.47421875 0.071875 0.0953125
1 0.83984375 0.48828125 0.0828125 0.0984375
0 0.765625 0.48359375 0.078125 0.0859375
1 0.69453125 0.48203125 0.0796875 0.0859375
0 0.62109375 0.47109375 0.0703125 0.0796875
1 0.5515625 0.46796875 0.078125 0.0859375
0 0.478125 0.45859375 0.078125 0.1171875
0 0.40859375 0.45390625 0.0828125 0.1078125
1 0.94765625 0.40078125 0.0578125 0.0734375
1 0.89140625 0.39765625 0.0703125 0.0640625
0 0.8390625 0.384375 0.078125 0.078125
1 0.7828125 0.39296875 0.075 0.0859375
0 0.728125 0.38984375 0.071875 0.0859375
1 0.67421875 0.3921875 0.0640625 0.078125
0 0.615625 0.38671875 0.05625 0.0703125
0 0.56484375 0.38828125 0.0484375 0.0671875
0 0.509375 0.384375 0.05 0.05
1 0.45859375 0.39296875 0.0484375 0.0421875
0 0.4046875 0.3875 0.05625 0.0625
1 0.34921875 0.38984375 0.0609375 0.0640625
0 0.30078125 0.38671875 0.0671875 0.0703125
1 0.240625 0.39765625 0.065625 0.0671875
0 0.19453125 0.38671875 0.0484375 0.0609375
0 0.90625 0.34453125 0.059375 0.0609375
0 0.765625 0.33671875 0.046875 0.0671875
1 0.84921875 0.35390625 0.0484375 0.0578125
1 0.8046875 0.3625 0.040625 0.05
1 0.61875 0.3453125 0.046875 0.03125
1 0.5703125 0.34609375 0.046875 0.0265625
1 0.521875 0.34765625 0.04375 0.0234375
1 0.4703125 0.35703125 0.040625 0.0296875
0 0.42890625 0.34375 0.0359375 0.05
1 0.38203125 0.346875 0.0484375 0.034375
1 0.3234375 0.3484375 0.04375 0.03125
1 0.2828125 0.34921875 0.046875 0.0265625
0 0.23984375 0.33984375 0.0390625 0.0296875
1 0.321875 0.29375 0.03125 0.021875
1 0.2984375 0.3171875 0.034375 0.021875
1 0.34296875 0.315625 0.0453125 0.01875
1 0.3578125 0.28984375 0.040625 0.0265625
1 0.37734375 0.315625 0.0390625 0.01875
1 0.3921875 0.29453125 0.034375 0.0234375
1 0.4171875 0.31875 0.040625 0.021875
1 0.42890625 0.2984375 0.0328125 0.021875
1 0.45234375 0.31875 0.0359375 0.021875
1 0.4625 0.30234375 0.040625 0.0234375
1 0.4953125 0.32109375 0.040625 0.0234375
1 0.53125 0.321875 0.034375 0.021875
1 0.56875 0.31875 0.040625 0.021875
1 0.5015625 0.29921875 0.034375 0.0234375
1 0.534375 0.2984375 0.0375 0.021875
1 0.5734375 0.29765625 0.040625 0.0234375
1 0.6109375 0.32109375 0.040625 0.0234375
1 0.64921875 0.32578125 0.0453125 0.0296875
1 0.6890625 0.32421875 0.0375 0.0234375
1 0.728125 0.325 0.040625 0.03125
1 0.609375 0.30078125 0.03125 0.0265625
1 0.64609375 0.30390625 0.0328125 0.0265625
1 0.6796875 0.30234375 0.034375 0.0234375
1 0.71484375 0.30390625 0.0390625 0.0265625
1 0.75078125 0.30390625 0.0390625 0.0265625
1 0.7921875 0.325 0.04375 0.021875
1 0.84453125 0.33515625 0.0453125 0.0265625
1 0.7875 0.3078125 0.040625 0.034375
1 0.83125 0.31015625 0.040625 0.0390625
1 0.4203125 0.27265625 0.034375 0.0109375
1 0.45234375 0.275 0.0359375 0.015625
1 0.4515625 0.2625 0.03125 0.015625
1 0.4796875 0.278125 0.0375 0.01875
1 0.4828125 0.2640625 0.0375 0.015625
1 0.5109375 0.27890625 0.034375 0.0234375
1 0.5140625 0.2625 0.0375 0.01875
1 0.5421875 0.278125 0.03125 0.01875
1 0.546875 0.2640625 0.03125 0.021875
1 0.57421875 0.2859375 0.0359375 0.021875
1 0.575 0.26875 0.034375 0.01875
1 0.60625 0.278125 0.03125 0.01875
1 0.6046875 0.265625 0.03125 0.01875
1 0.634375 0.2796875 0.03125 0.021875
1 0.63359375 0.265625 0.0328125 0.01875
1 0.728125 0.278125 0.03125 0.015625
1 0.75625 0.2796875 0.03125 0.015625
1 0.7875 0.28203125 0.034375 0.0234375
1 0.81875 0.278125 0.025 0.01875
1 0.7140625 0.26796875 0.028125 0.0234375
1 0.746875 0.26796875 0.03125 0.0234375
1 0.78046875 0.27109375 0.0265625 0.0234375