0 0.24921875 0.8265625 0.1328125 0.28125
0 0.36796875 0.81171875 0.1421875 0.2578125
0 0.478125 0.79609375 0.15 0.2828125
0 0.58671875 0.80078125 0.1546875 0.2734375
0 0.69609375 0.81171875 0.1703125 0.2734375
0 0.7890625 0.79453125 0.153125 0.2546875
0 0.88046875 0.80625 0.1671875 0.271875
0 0.93046875 0.76640625 0.1109375 0.2578125
0 0.28515625 0.4234375 0.1109375 0.18125
0 0.36171875 0.42109375 0.0984375 0.1765625
0 0.43203125 0.42890625 0.1015625 0.1890625
0 0.51171875 0.44296875 0.1078125 0.1703125
0 0.58671875 0.45234375 0.1046875 0.1734375
0 0.653125 0.45625 0.10625 0.171875
0 0.7140625 0.4578125 0.096875 0.165625
0 0.7796875 0.46015625 0.103125 0.1734375
1 0.84296875 0.46640625 0.0984375 0.1703125
0 0.9 0.4609375 0.11875 0.18125
0 0.9515625 0.45859375 0.096875 0.1671875
0 0.29921875 0.275 0.0828125 0.125
0 0.3734375 0.27109375 0.0875 0.1265625
0 0.440625 0.275 0.071875 0.121875
0 0.48828125 0.2890625 0.0828125 0.128125
0 0.54375 0.30078125 0.078125 0.1296875
0 0.59921875 0.31015625 0.0859375 0.1203125
0 0.6609375 0.31953125 0.0875 0.1234375
0 0.7125 0.3234375 0.096875 0.121875
0 0.7640625 0.328125 0.075 0.115625
0 0.8125 0.32421875 0.090625 0.1265625
0 0.86328125 0.33046875 0.1078125 0.1328125
0 0.90703125 0.3296875 0.0828125 0.121875
0 0.9578125 0.3328125 0.084375 0.128125
0 0.98359375 0.34765625 0.0328125 0.1296875
0 0.30234375 0.1265625 0.0703125 0.10625
0 0.3546875 0.1375 0.065625 0.09375
0 0.40546875 0.14296875 0.0671875 0.1015625
0 0.45234375 0.14765625 0.0765625 0.0953125
0 0.50078125 0.16171875 0.0671875 0.0828125
0 0.5453125 0.16875 0.071875 0.1
0 0.590625 0.1734375 0.071875 0.10625
0 0.6375 0.1875 0.059375 0.075
0 0.6765625 0.19453125 0.059375 0.0859375
0 0.72109375 0.20234375 0.0734375 0.0953125
0 0.7625 0.20625 0.059375 0.06875
0 0.80625 0.21171875 0.059375 0.0859375
0 0.84921875 0.2203125 0.0578125 0.075
0 0.8796875 0.22265625 0.05 0.0734375
0 0.91796875 0.22421875 0.0546875 0.0703125
0 0.4328125 0.08984375 0.059375 0.0828125
0 0.48125 0.08984375 0.059375 0.0828125
0 0.52265625 0.10390625 0.0703125 0.0953125
0 0.56484375 0.10234375 0.0671875 0.0859375
0 0.60625 0.1140625 0.059375 0.078125
0 0.640625 0.12265625 0.059375 0.0828125
0 0.6828125 0.12890625 0.0625 0.0765625
0 0.71953125 0.1421875 0.0578125 0.06875
0 0.7515625 0.14296875 0.059375 0.0828125
0 0.7953125 0.15 0.075 0.084375
0 0.828125 0.1484375 0.059375 0.078125
0 0.8734375 0.15625 0.071875 0.075
1 0.1703125 0.0265625 0.08125 0.053125
1 0.1296875 0.02421875 0.08125 0.0484375
0 0.0921875 0.0265625 0.078125 0.053125
0 0.06796875 0.034375 0.0390625 0.06875
0 0.1953125 0.02265625 0.0875 0.0453125
0 0.24140625 0.01640625 0.0640625 0.0328125
0 0.28828125 0.0203125 0.0671875 0.040625
0 0.32890625 0.02265625 0.0765625 0.0453125
0 0.3640625 0.02265625 0.059375 0.0453125
0 0.43046875 0.03125 0.0609375 0.0625
0 0.465625 0.028125 0.046875 0.05625
0 0.4984375 0.0328125 0.059375 0.065625
0 0.53046875 0.0328125 0.0546875 0.065625
0 0.57265625 0.04140625 0.0546875 0.0765625
0 0.603125 0.05390625 0.059375 0.0828125
0 0.63203125 0.05546875 0.0640625 0.0796875
0 0.66953125 0.059375 0.0484375 0.0625
0 0.6984375 0.0671875 0.0625 0.071875
0 0.725 0.078125 0.059375 0.075
0 0.75859375 0.075 0.0515625 0.065625
0 0.790625 0.08046875 0.05625 0.0734375
0 0.825 0.0921875 0.05625 0.06875