1 0.822265625 0.31640625 0.1220703125 0.4296875
1 0.767578125 0.337890625 0.119140625 0.423828125
1 0.650390625 0.7587890625 0.123046875 0.4609375
1 0.5498046875 0.748046875 0.1220703125 0.4482421875
1 0.6201171875 0.298828125 0.1064453125 0.416015625
1 0.572265625 0.27734375 0.1220703125 0.4296875
1 0.4931640625 0.7548828125 0.123046875 0.490234375
1 0.4482421875 0.734375 0.1220703125 0.4658203125
1 0.400390625 0.71875 0.134765625 0.4873046875
1 0.4716796875 0.26953125 0.115234375 0.4169921875
1 0.369140625 0.2822265625 0.109375 0.408203125
1 0.29296875 0.720703125 0.123046875 0.4609375
0 0.2392578125 0.705078125 0.130859375 0.4765625
1 0.31640625 0.26953125 0.1201171875 0.455078125
1 0.265625 0.2431640625 0.103515625 0.388671875
1 0.21875 0.2490234375 0.099609375 0.388671875
1 0.140625 0.7021484375 0.1220703125 0.4482421875
1 0.1220703125 0.2294921875 0.115234375 0.4345703125
1 0.05078125 0.6904296875 0.1015625 0.4814453125
1 0.025390625 0.6806640625 0.05078125 0.478515625
0 0.076171875 0.2119140625 0.1171875 0.4169921875
0 0.1669921875 0.240234375 0.1123046875 0.427734375
0 0.091796875 0.671875 0.1171875 0.4658203125
0 0.197265625 0.6953125 0.119140625 0.4658203125
0 0.4228515625 0.259765625 0.126953125 0.474609375
0 0.345703125 0.728515625 0.1123046875 0.447265625
0 0.5146484375 0.2734375 0.107421875 0.396484375
0 0.716796875 0.318359375 0.119140625 0.423828125
0 0.66796875 0.3232421875 0.1201171875 0.458984375
0 0.7607421875 0.7724609375 0.1279296875 0.455078125
0 0.705078125 0.75 0.1123046875 0.453125
0 0.599609375 0.748046875 0.107421875 0.4267578125