1 0.896875 0.61171875 0.15 0.2015625
0 0.77734375 0.62421875 0.1328125 0.2078125
1 0.64453125 0.6578125 0.1453125 0.184375
0 0.5203125 0.66171875 0.15625 0.1890625
1 0.40078125 0.69140625 0.1546875 0.1953125
1 0.27734375 0.70625 0.1765625 0.209375
1 0.146875 0.72265625 0.184375 0.2078125
0 0.10703125 0.56953125 0.1171875 0.1484375
0 0.20625 0.56171875 0.134375 0.1328125
0 0.3140625 0.5453125 0.140625 0.1375
1 0.409375 0.53359375 0.15 0.1390625
0 0.50625 0.5109375 0.1375 0.14375
0 0.59296875 0.49296875 0.1171875 0.1484375
1 0.690625 0.4875 0.15 0.140625
0 0.796875 0.4625 0.1375 0.153125
0 0.91328125 0.465625 0.1640625 0.171875
0 0.22578125 0.40859375 0.0984375 0.1015625
0 0.29765625 0.39609375 0.0828125 0.0953125
0 0.3671875 0.3875 0.078125 0.09375
0 0.4328125 0.3796875 0.071875 0.0875
0 0.49140625 0.37265625 0.0796875 0.0796875
1 0.55625 0.36640625 0.084375 0.0859375
0 0.615625 0.353125 0.078125 0.09375
0 0.67734375 0.35546875 0.0859375 0.0859375
1 0.74765625 0.346875 0.0828125 0.08125
0 0.8046875 0.325 0.090625 0.09375
1 0.87421875 0.32421875 0.1015625 0.0953125
0 0.93125 0.31015625 0.10625 0.1171875