0 0.2490234375 0.826171875 0.1328125 0.28125
0 0.3681640625 0.8115234375 0.142578125 0.2578125
0 0.478515625 0.7958984375 0.150390625 0.283203125
0 0.5869140625 0.80078125 0.154296875 0.2734375
0 0.6962890625 0.8115234375 0.169921875 0.2734375
0 0.7890625 0.794921875 0.1533203125 0.2548828125
0 0.880859375 0.806640625 0.1669921875 0.271484375
0 0.9306640625 0.7666015625 0.111328125 0.2578125
0 0.28515625 0.423828125 0.111328125 0.181640625
0 0.361328125 0.4208984375 0.0986328125 0.1767578125
0 0.431640625 0.4287109375 0.1015625 0.189453125
0 0.51171875 0.443359375 0.107421875 0.169921875
0 0.5869140625 0.4521484375 0.1044921875 0.173828125
0 0.6533203125 0.4560546875 0.1064453125 0.171875
0 0.7138671875 0.4580078125 0.0966796875 0.166015625
0 0.779296875 0.4599609375 0.103515625 0.173828125
1 0.8427734375 0.466796875 0.0986328125 0.169921875
0 0.900390625 0.4609375 0.119140625 0.181640625
0 0.951171875 0.458984375 0.0966796875 0.1669921875
0 0.298828125 0.275390625 0.0830078125 0.125
0 0.373046875 0.271484375 0.087890625 0.126953125
0 0.4404296875 0.275390625 0.072265625 0.1220703125
0 0.48828125 0.2890625 0.0830078125 0.1279296875
0 0.5439453125 0.30078125 0.078125 0.1298828125
0 0.599609375 0.310546875 0.0859375 0.1201171875
0 0.6611328125 0.3193359375 0.087890625 0.123046875
0 0.712890625 0.3232421875 0.0966796875 0.1220703125
0 0.763671875 0.328125 0.0751953125 0.115234375
0 0.8125 0.32421875 0.0908203125 0.126953125
0 0.86328125 0.330078125 0.107421875 0.1328125
0 0.9072265625 0.330078125 0.0830078125 0.1220703125
0 0.9580078125 0.3330078125 0.083984375 0.1279296875
0 0.9833984375 0.34765625 0.033203125 0.1298828125
0 0.302734375 0.126953125 0.0703125 0.1064453125
0 0.3544921875 0.1376953125 0.0654296875 0.09375
0 0.4052734375 0.142578125 0.0673828125 0.1015625
0 0.4521484375 0.1474609375 0.076171875 0.095703125
0 0.5009765625 0.162109375 0.0673828125 0.0830078125
0 0.544921875 0.1689453125 0.072265625 0.099609375
0 0.5908203125 0.173828125 0.072265625 0.1064453125
0 0.6376953125 0.1875 0.0595703125 0.0751953125
0 0.6767578125 0.1943359375 0.0595703125 0.0859375
0 0.720703125 0.2021484375 0.0732421875 0.095703125
0 0.7626953125 0.2060546875 0.0595703125 0.068359375
0 0.806640625 0.2119140625 0.0595703125 0.0859375
0 0.849609375 0.220703125 0.0576171875 0.0751953125
0 0.8798828125 0.22265625 0.0498046875 0.0732421875
0 0.91796875 0.224609375 0.0546875 0.0703125
0 0.4326171875 0.08984375 0.0595703125 0.0830078125
0 0.4814453125 0.08984375 0.0595703125 0.0830078125
0 0.5224609375 0.103515625 0.0703125 0.095703125
0 0.564453125 0.1025390625 0.0673828125 0.0859375
0 0.6064453125 0.1142578125 0.0595703125 0.078125
0 0.640625 0.123046875 0.0595703125 0.0830078125
0 0.6826171875 0.12890625 0.0625 0.076171875
0 0.7197265625 0.142578125 0.0576171875 0.068359375
0 0.751953125 0.142578125 0.0595703125 0.0830078125
0 0.794921875 0.150390625 0.0751953125 0.083984375
0 0.828125 0.1484375 0.0595703125 0.078125
0 0.873046875 0.15625 0.072265625 0.0751953125
1 0.169921875 0.0263671875 0.0810546875 0.052734375
1 0.1298828125 0.0244140625 0.0810546875 0.048828125
0 0.091796875 0.0263671875 0.078125 0.052734375
0 0.068359375 0.0341796875 0.0390625 0.068359375
0 0.1953125 0.0224609375 0.087890625 0.044921875
0 0.2412109375 0.0166015625 0.064453125 0.033203125
0 0.2880859375 0.0205078125 0.0673828125 0.041015625
0 0.3291015625 0.0224609375 0.076171875 0.044921875
0 0.3642578125 0.0224609375 0.0595703125 0.044921875
0 0.4306640625 0.03125 0.060546875 0.0625
0 0.4658203125 0.0283203125 0.046875 0.056640625
0 0.498046875 0.033203125 0.0595703125 0.0654296875
0 0.5302734375 0.033203125 0.0546875 0.0654296875
0 0.572265625 0.041015625 0.0546875 0.076171875
0 0.603515625 0.0537109375 0.0595703125 0.0830078125
0 0.6318359375 0.0556640625 0.064453125 0.080078125
0 0.669921875 0.0595703125 0.048828125 0.0625
0 0.6982421875 0.0673828125 0.0625 0.072265625
0 0.724609375 0.078125 0.0595703125 0.0751953125
0 0.7587890625 0.0751953125 0.0517578125 0.0654296875
0 0.791015625 0.080078125 0.056640625 0.0732421875
0 0.8251953125 0.091796875 0.056640625 0.068359375