1 0.8720703125 0.666015625 0.255859375 0.3076171875
1 0.6982421875 0.611328125 0.3310546875 0.388671875
1 0.365234375 0.4755859375 0.2314453125 0.2705078125
1 0.42578125 0.34765625 0.236328125 0.173828125
1 0.427734375 0.158203125 0.125 0.1357421875
1 0.517578125 0.1708984375 0.130859375 0.1328125
1 0.6201171875 0.2001953125 0.1435546875 0.134765625
1 0.935546875 0.3408203125 0.1142578125 0.177734375
0 0.8681640625 0.494140625 0.263671875 0.2705078125
0 0.7080078125 0.4306640625 0.291015625 0.251953125
0 0.5595703125 0.3486328125 0.291015625 0.25
0 0.25390625 0.388671875 0.1923828125 0.2314453125
0 0.517578125 0.5205078125 0.2470703125 0.3310546875
0 0.154296875 0.322265625 0.201171875 0.2265625
0 0.095703125 0.27734375 0.154296875 0.185546875
0 0.021484375 0.232421875 0.04296875 0.13671875
1 0.0419921875 0.2666015625 0.083984375 0.1640625
1 0.353515625 0.2822265625 0.171875 0.1298828125
0 0.2451171875 0.2109375 0.2001953125 0.146484375
0 0.0615234375 0.1376953125 0.123046875 0.1279296875
0 0.1728515625 0.0947265625 0.091796875 0.0859375
0 0.28515625 0.0947265625 0.107421875 0.1298828125
0 0.3505859375 0.1162109375 0.1328125 0.173828125
1 0.0732421875 0.1982421875 0.130859375 0.1123046875
1 0.91796875 0.23828125 0.095703125 0.126953125
1 0.7197265625 0.150390625 0.1611328125 0.1279296875
1 0.8359375 0.177734375 0.1845703125 0.1484375
0 0.7333984375 0.1962890625 0.1923828125 0.2265625
0 0.8388671875 0.248046875 0.166015625 0.1953125
1 0.625 0.1357421875 0.1533203125 0.1279296875
1 0.54296875 0.1064453125 0.1513671875 0.109375
1 0.4521484375 0.0849609375 0.158203125 0.1171875
0 0.388671875 0.0595703125 0.1669921875 0.119140625
1 0.224609375 0.0849609375 0.091796875 0.0859375
1 0.1259765625 0.091796875 0.0732421875 0.0595703125
1 0.888671875 0.0556640625 0.0673828125 0.076171875
1 0.837890625 0.041015625 0.1513671875 0.0810546875
1 0.765625 0.03125 0.1376953125 0.0625
1 0.68359375 0.021484375 0.1298828125 0.0419921875
1 0.3671875 0.0224609375 0.068359375 0.0234375
1 0.4189453125 0.013671875 0.068359375 0.02734375
1 0.4736328125 0.0166015625 0.0751953125 0.033203125
1 0.529296875 0.0283203125 0.091796875 0.056640625
1 0.5986328125 0.041015625 0.107421875 0.08203125
1 0.6728515625 0.044921875 0.119140625 0.08984375
1 0.7578125 0.0537109375 0.099609375 0.0830078125
1 0.8388671875 0.0791015625 0.1220703125 0.095703125
1 0.90625 0.115234375 0.0654296875 0.109375