0 0.2470703125 0.751953125 0.228515625 0.2060546875
0 0.232421875 0.9267578125 0.224609375 0.1220703125
0 0.0576171875 0.912109375 0.115234375 0.109375
0 0.068359375 0.7333984375 0.13671875 0.216796875
0 0.07421875 0.548828125 0.1484375 0.154296875
0 0.2646484375 0.5595703125 0.2080078125 0.146484375
0 0.283203125 0.40625 0.220703125 0.1533203125
0 0.0859375 0.388671875 0.166015625 0.150390625
0 0.099609375 0.232421875 0.1689453125 0.158203125
0 0.111328125 0.076171875 0.1640625 0.15234375
0 0.3115234375 0.0849609375 0.232421875 0.1611328125
0 0.294921875 0.2529296875 0.2294921875 0.1748046875
0 0.72265625 0.9189453125 0.216796875 0.162109375
0 0.732421875 0.763671875 0.2138671875 0.162109375
0 0.7490234375 0.599609375 0.2236328125 0.1591796875
0 0.7568359375 0.443359375 0.2236328125 0.1611328125
0 0.767578125 0.294921875 0.216796875 0.169921875
0 0.783203125 0.13671875 0.2294921875 0.1767578125
0 0.943359375 0.1455078125 0.1123046875 0.1435546875
0 0.935546875 0.306640625 0.1279296875 0.1669921875
0 0.927734375 0.470703125 0.1435546875 0.1767578125
0 0.923828125 0.619140625 0.1455078125 0.1484375
0 0.9111328125 0.7744140625 0.146484375 0.1669921875
0 0.8955078125 0.9267578125 0.146484375 0.146484375