0 0.4755859375 0.8779296875 0.1640625 0.21875
0 0.486328125 0.703125 0.146484375 0.177734375
0 0.349609375 0.87109375 0.166015625 0.236328125
0 0.205078125 0.861328125 0.185546875 0.2294921875
0 0.083984375 0.845703125 0.1669921875 0.228515625
1 0.0517578125 0.6650390625 0.103515625 0.189453125
1 0.1416015625 0.68359375 0.185546875 0.1953125
1 0.251953125 0.67578125 0.1826171875 0.205078125
1 0.3720703125 0.6865234375 0.1533203125 0.1923828125
1 0.3232421875 0.388671875 0.125 0.130859375
0 0.5087890625 0.38671875 0.1142578125 0.1455078125
0 0.4208984375 0.3837890625 0.111328125 0.123046875
0 0.244140625 0.3818359375 0.1142578125 0.1298828125
0 0.1513671875 0.376953125 0.1123046875 0.130859375
1 0.068359375 0.3759765625 0.126953125 0.1484375
0 0.0263671875 0.384765625 0.0439453125 0.125
0 0.7353515625 0.3837890625 0.1044921875 0.1298828125
0 0.822265625 0.384765625 0.1220703125 0.138671875
0 0.912109375 0.3974609375 0.123046875 0.1455078125
1 0.9658203125 0.3994140625 0.068359375 0.130859375
1 0.7138671875 0.2802734375 0.109375 0.111328125
1 0.806640625 0.291015625 0.0966796875 0.1123046875
1 0.87890625 0.2900390625 0.0888671875 0.1171875
1 0.953125 0.29296875 0.09375 0.1201171875
1 0.9892578125 0.283203125 0.021484375 0.109375
0 0.7939453125 0.6650390625 0.1591796875 0.201171875
0 0.8349609375 0.8681640625 0.220703125 0.263671875
0 0.912109375 0.8916015625 0.111328125 0.216796875
1 0.9140625 0.6640625 0.1591796875 0.208984375
1 0.970703125 0.673828125 0.044921875 0.1953125
0 0.7490234375 0.1259765625 0.0986328125 0.123046875
0 0.81640625 0.126953125 0.0859375 0.1142578125
1 0.8798828125 0.1318359375 0.087890625 0.1142578125
0 0.9375 0.134765625 0.099609375 0.1328125
1 0.9765625 0.134765625 0.046875 0.115234375