0 0.9365234375 0.7890625 0.1142578125 0.146484375
0 0.828125 0.791015625 0.1064453125 0.15625
0 0.7265625 0.7978515625 0.125 0.1328125
0 0.623046875 0.794921875 0.1064453125 0.1328125
0 0.5244140625 0.7978515625 0.1171875 0.1328125
0 0.4130859375 0.796875 0.1201171875 0.1376953125
0 0.3173828125 0.791015625 0.125 0.142578125
0 0.20703125 0.80078125 0.1298828125 0.1455078125
0 0.1103515625 0.791015625 0.1142578125 0.1484375
0 0.0537109375 0.6494140625 0.1015625 0.138671875
1 0.1484375 0.66015625 0.1220703125 0.1328125
0 0.234375 0.658203125 0.103515625 0.1376953125
0 0.330078125 0.6552734375 0.1044921875 0.123046875
0 0.423828125 0.6533203125 0.1015625 0.134765625
1 0.5224609375 0.65234375 0.111328125 0.1357421875
0 0.62109375 0.65625 0.1044921875 0.140625
1 0.720703125 0.662109375 0.0986328125 0.1279296875
0 0.8115234375 0.6455078125 0.091796875 0.125
0 0.91015625 0.65234375 0.1015625 0.1328125
0 0.955078125 0.3974609375 0.087890625 0.123046875
0 0.869140625 0.404296875 0.087890625 0.109375
0 0.7822265625 0.40234375 0.0986328125 0.1044921875
0 0.6982421875 0.400390625 0.09375 0.1044921875
0 0.6123046875 0.41015625 0.09375 0.1171875
0 0.5322265625 0.408203125 0.091796875 0.1015625
0 0.4501953125 0.408203125 0.0908203125 0.0986328125
0 0.365234375 0.41015625 0.09375 0.1044921875
0 0.283203125 0.4130859375 0.1015625 0.1044921875
0 0.2001953125 0.412109375 0.1064453125 0.103515625
1 0.119140625 0.416015625 0.0966796875 0.1015625
0 0.04296875 0.4072265625 0.0859375 0.1201171875
0 0.912109375 0.177734375 0.080078125 0.0908203125
0 0.837890625 0.177734375 0.0908203125 0.103515625
0 0.7666015625 0.181640625 0.0830078125 0.095703125
0 0.6923828125 0.171875 0.078125 0.099609375
0 0.6181640625 0.1787109375 0.080078125 0.0986328125
0 0.5546875 0.177734375 0.0751953125 0.0986328125
0 0.4794921875 0.181640625 0.078125 0.099609375
0 0.404296875 0.1787109375 0.0830078125 0.0986328125
0 0.3359375 0.189453125 0.0751953125 0.099609375
0 0.2666015625 0.1748046875 0.0859375 0.1064453125
0 0.1904296875 0.17578125 0.087890625 0.1044921875
0 0.1162109375 0.181640625 0.0830078125 0.0986328125
0 0.041015625 0.1728515625 0.08203125 0.126953125