0 0.6904296875 0.8740234375 0.484375 0.251953125
1 0.5166015625 0.7705078125 0.498046875 0.458984375
0 0.408203125 0.6025390625 0.4501953125 0.4140625
0 0.34375 0.455078125 0.3720703125 0.3515625
1 0.279296875 0.3427734375 0.314453125 0.330078125
1 0.8876953125 0.35546875 0.2158203125 0.2294921875
0 0.958984375 0.404296875 0.0810546875 0.2080078125
0 0.2529296875 0.2548828125 0.2626953125 0.2373046875
0 0.2333984375 0.2001953125 0.2607421875 0.203125
0 0.833984375 0.271484375 0.2001953125 0.2080078125
0 0.740234375 0.2109375 0.1845703125 0.197265625
0 0.6748046875 0.158203125 0.166015625 0.193359375
0 0.9775390625 0.251953125 0.044921875 0.1533203125
0 0.9384765625 0.2021484375 0.123046875 0.166015625
0 0.9716796875 0.138671875 0.056640625 0.0908203125
0 0.923828125 0.12109375 0.0888671875 0.0859375
0 0.857421875 0.107421875 0.0986328125 0.0888671875
0 0.7802734375 0.076171875 0.091796875 0.064453125
0 0.126953125 0.0869140625 0.115234375 0.1611328125
0 0.078125 0.130859375 0.037109375 0.1201171875
0 0.099609375 0.0498046875 0.0390625 0.099609375