0 0.892578125 0.798828125 0.1875 0.3798828125
0 0.73046875 0.7744140625 0.3330078125 0.3984375
0 0.5078125 0.767578125 0.400390625 0.4267578125
0 0.3291015625 0.716796875 0.4140625 0.4267578125
0 0.1494140625 0.7197265625 0.298828125 0.3828125
0 0.8544921875 0.521484375 0.271484375 0.2373046875
1 0.7197265625 0.5322265625 0.232421875 0.220703125
0 0.5791015625 0.5146484375 0.236328125 0.267578125
0 0.423828125 0.486328125 0.234375 0.2294921875
0 0.2685546875 0.474609375 0.2060546875 0.2060546875
0 0.126953125 0.4765625 0.2158203125 0.2216796875
0 0.0419921875 0.4677734375 0.083984375 0.2109375