1 0.6201171875 0.7529296875 0.130859375 0.28125
1 0.15234375 0.6044921875 0.126953125 0.265625
1 0.076171875 0.580078125 0.15234375 0.3046875
0 0.228515625 0.626953125 0.123046875 0.2626953125
0 0.30859375 0.6611328125 0.1142578125 0.296875
0 0.3798828125 0.677734375 0.1220703125 0.294921875
0 0.458984375 0.7119140625 0.1328125 0.3046875
0 0.541015625 0.7294921875 0.123046875 0.287109375
0 0.7060546875 0.7822265625 0.140625 0.3173828125
0 0.7978515625 0.8212890625 0.1455078125 0.3173828125
0 0.8837890625 0.833984375 0.1455078125 0.314453125
0 0.939453125 0.8505859375 0.064453125 0.279296875
0 0.962890625 0.6123046875 0.072265625 0.224609375
0 0.904296875 0.5830078125 0.130859375 0.234375
0 0.8291015625 0.5517578125 0.1455078125 0.2470703125
0 0.748046875 0.533203125 0.125 0.2158203125
0 0.6689453125 0.509765625 0.1220703125 0.2470703125
0 0.59375 0.4736328125 0.1123046875 0.2314453125
0 0.517578125 0.462890625 0.107421875 0.2236328125
0 0.447265625 0.44140625 0.1142578125 0.2236328125
0 0.375 0.4228515625 0.115234375 0.2265625
0 0.2958984375 0.40625 0.1142578125 0.224609375
0 0.2275390625 0.3818359375 0.126953125 0.2392578125
0 0.15234375 0.357421875 0.123046875 0.2216796875
0 0.08984375 0.3349609375 0.1142578125 0.173828125
0 0.0537109375 0.328125 0.091796875 0.193359375