0 0.03125 0.8955078125 0.0283203125 0.1591796875
1 0.0986328125 0.9013671875 0.1123046875 0.146484375
0 0.201171875 0.88671875 0.119140625 0.154296875
1 0.3095703125 0.8798828125 0.1064453125 0.146484375
0 0.4072265625 0.8828125 0.0986328125 0.15625
0 0.509765625 0.880859375 0.1142578125 0.1640625
0 0.609375 0.8671875 0.1064453125 0.146484375
0 0.7158203125 0.8623046875 0.119140625 0.1533203125
0 0.810546875 0.8544921875 0.1220703125 0.146484375
0 0.9169921875 0.853515625 0.1376953125 0.154296875
0 0.896484375 0.708984375 0.0986328125 0.142578125
1 0.970703125 0.703125 0.0576171875 0.1435546875
1 0.796875 0.716796875 0.109375 0.1328125
0 0.703125 0.7177734375 0.103515625 0.1455078125
1 0.6025390625 0.736328125 0.107421875 0.1279296875
0 0.5029296875 0.736328125 0.099609375 0.1513671875
0 0.40625 0.736328125 0.0966796875 0.162109375
0 0.314453125 0.7236328125 0.1044921875 0.1689453125
0 0.2138671875 0.7412109375 0.109375 0.158203125
0 0.109375 0.748046875 0.0966796875 0.15625
0 0.0361328125 0.751953125 0.052734375 0.158203125
1 0.951171875 0.4599609375 0.0908203125 0.123046875
0 0.931640625 0.328125 0.1220703125 0.1435546875
0 0.853515625 0.4619140625 0.109375 0.1455078125
1 0.8359375 0.337890625 0.109375 0.1279296875
0 0.7529296875 0.345703125 0.1123046875 0.1376953125
0 0.673828125 0.4765625 0.09375 0.1376953125
1 0.7646484375 0.4765625 0.091796875 0.134765625
1 0.6630859375 0.34765625 0.095703125 0.126953125
1 0.5751953125 0.36328125 0.0908203125 0.138671875
1 0.5810546875 0.478515625 0.099609375 0.123046875
1 0.8798828125 0.052734375 0.087890625 0.10546875
1 0.8916015625 0.146484375 0.0888671875 0.1064453125
1 0.7958984375 0.0576171875 0.091796875 0.1123046875
1 0.8115234375 0.16015625 0.0888671875 0.1044921875
1 0.720703125 0.064453125 0.095703125 0.123046875
1 0.728515625 0.1669921875 0.091796875 0.109375
1 0.640625 0.07421875 0.083984375 0.1142578125
1 0.64453125 0.171875 0.0888671875 0.109375
0 0.490234375 0.3583984375 0.091796875 0.1298828125
0 0.49609375 0.48046875 0.095703125 0.1298828125
0 0.4033203125 0.486328125 0.1064453125 0.1357421875
1 0.404296875 0.3671875 0.091796875 0.119140625
0 0.31640625 0.484375 0.1015625 0.130859375
0 0.3173828125 0.37109375 0.0810546875 0.107421875
0 0.228515625 0.376953125 0.083984375 0.119140625
0 0.1455078125 0.384765625 0.087890625 0.126953125
0 0.0498046875 0.3828125 0.0908203125 0.119140625
0 0.5615234375 0.1728515625 0.076171875 0.0986328125
0 0.5546875 0.0732421875 0.083984375 0.099609375
0 0.4833984375 0.173828125 0.0859375 0.1064453125
0 0.4052734375 0.185546875 0.091796875 0.1142578125
0 0.3232421875 0.19140625 0.087890625 0.1015625
0 0.240234375 0.1904296875 0.0966796875 0.1064453125
0 0.1572265625 0.1884765625 0.0859375 0.0888671875
0 0.1689453125 0.0927734375 0.0810546875 0.111328125
0 0.0771484375 0.193359375 0.0859375 0.0830078125
0 0.0205078125 0.091796875 0.041015625 0.09375
0 0.0205078125 0.1884765625 0.041015625 0.107421875
1 0.220703125 0.498046875 0.099609375 0.1201171875
0 0.13671875 0.501953125 0.095703125 0.123046875
0 0.048828125 0.5029296875 0.0966796875 0.1279296875
1 0.482421875 0.083984375 0.0703125 0.095703125
1 0.40625 0.091796875 0.0810546875 0.091796875
1 0.326171875 0.095703125 0.0810546875 0.087890625
1 0.244140625 0.09765625 0.09375 0.0830078125
1 0.0849609375 0.099609375 0.0888671875 0.099609375