0 0.9111328125 0.8740234375 0.177734375 0.2294921875
0 0.8115234375 0.8505859375 0.1923828125 0.2294921875
1 0.6982421875 0.818359375 0.193359375 0.224609375
0 0.978515625 0.8681640625 0.0419921875 0.1923828125
0 0.595703125 0.78125 0.1748046875 0.2001953125
0 0.513671875 0.7353515625 0.171875 0.1796875
0 0.421875 0.7060546875 0.1875 0.208984375
1 0.337890625 0.6826171875 0.158203125 0.197265625
1 0.326171875 0.8984375 0.1826171875 0.203125
1 0.5068359375 0.9287109375 0.1796875 0.142578125
0 0.412109375 0.9033203125 0.193359375 0.193359375
0 0.626953125 0.9541015625 0.158203125 0.0888671875
0 0.76171875 0.9638671875 0.123046875 0.0595703125
0 0.23828125 0.853515625 0.1669921875 0.1923828125
0 0.158203125 0.822265625 0.166015625 0.208984375
0 0.0888671875 0.791015625 0.1533203125 0.193359375
0 0.056640625 0.75 0.1015625 0.177734375
0 0.0263671875 0.712890625 0.0439453125 0.1669921875
0 0.275390625 0.654296875 0.1767578125 0.203125
0 0.208984375 0.6357421875 0.1689453125 0.1845703125
1 0.146484375 0.619140625 0.1591796875 0.1669921875
0 0.091796875 0.5771484375 0.154296875 0.154296875
0 0.0537109375 0.56640625 0.107421875 0.158203125
0 0.033203125 0.544921875 0.0654296875 0.138671875
0 0.009765625 0.509765625 0.0185546875 0.1376953125
0 0.966796875 0.5078125 0.0654296875 0.146484375
0 0.9189453125 0.4873046875 0.1220703125 0.1435546875
0 0.8271484375 0.4716796875 0.1142578125 0.140625
0 0.740234375 0.455078125 0.1357421875 0.1376953125
0 0.673828125 0.435546875 0.134765625 0.138671875
1 0.59765625 0.4375 0.123046875 0.15625
1 0.5263671875 0.41796875 0.1220703125 0.142578125
0 0.458984375 0.3974609375 0.1328125 0.138671875
0 0.400390625 0.3857421875 0.1298828125 0.1376953125
0 0.3408203125 0.3837890625 0.125 0.1513671875
0 0.283203125 0.375 0.1328125 0.1279296875
1 0.2294921875 0.3740234375 0.119140625 0.1298828125
0 0.1845703125 0.349609375 0.1279296875 0.1220703125
0 0.1396484375 0.3466796875 0.107421875 0.119140625
0 0.087890625 0.3466796875 0.115234375 0.125
0 0.0517578125 0.326171875 0.103515625 0.1328125
0 0.02734375 0.314453125 0.0546875 0.1044921875
0 0.009765625 0.318359375 0.0185546875 0.1142578125
0 0.935546875 0.3388671875 0.1142578125 0.166015625
0 0.857421875 0.3212890625 0.1328125 0.154296875
0 0.77734375 0.302734375 0.126953125 0.150390625
0 0.7060546875 0.294921875 0.1220703125 0.1376953125
0 0.6513671875 0.2939453125 0.119140625 0.125
0 0.58203125 0.28515625 0.1044921875 0.1142578125
0 0.5244140625 0.2763671875 0.1044921875 0.1220703125
0 0.4677734375 0.263671875 0.107421875 0.119140625
0 0.412109375 0.263671875 0.109375 0.107421875
1 0.365234375 0.2548828125 0.107421875 0.115234375
0 0.3173828125 0.24609375 0.109375 0.107421875
0 0.26953125 0.2431640625 0.0986328125 0.1015625
0 0.224609375 0.2421875 0.1044921875 0.1123046875
0 0.1796875 0.23046875 0.1123046875 0.1171875
0 0.13671875 0.2236328125 0.1044921875 0.119140625
0 0.095703125 0.22265625 0.095703125 0.095703125
0 0.06640625 0.21484375 0.1015625 0.0986328125
0 0.0380859375 0.203125 0.076171875 0.1064453125
0 0.0234375 0.2119140625 0.046875 0.0888671875
0 0.9111328125 0.154296875 0.087890625 0.140625
0 0.8544921875 0.15234375 0.1064453125 0.1357421875
0 0.783203125 0.154296875 0.0986328125 0.119140625
1 0.732421875 0.158203125 0.087890625 0.1142578125
1 0.677734375 0.140625 0.09375 0.109375
0 0.623046875 0.1318359375 0.087890625 0.111328125
0 0.5732421875 0.1259765625 0.0908203125 0.111328125
0 0.525390625 0.1279296875 0.091796875 0.1064453125
0 0.478515625 0.1259765625 0.0859375 0.0986328125
0 0.4296875 0.1259765625 0.0810546875 0.0888671875
0 0.392578125 0.1240234375 0.0830078125 0.0986328125
0 0.3525390625 0.11328125 0.0859375 0.0986328125
1 0.3125 0.1162109375 0.083984375 0.091796875
0 0.271484375 0.1162109375 0.091796875 0.095703125
0 0.236328125 0.1025390625 0.0888671875 0.095703125
0 0.1953125 0.1064453125 0.078125 0.09375
0 0.1630859375 0.107421875 0.076171875 0.0859375
0 0.1181640625 0.107421875 0.091796875 0.091796875
0 0.8896484375 0.080078125 0.080078125 0.0986328125
0 0.82421875 0.07421875 0.0859375 0.1044921875
0 0.7705078125 0.0751953125 0.087890625 0.103515625
0 0.7138671875 0.080078125 0.078125 0.0966796875
0 0.65625 0.076171875 0.0751953125 0.1015625
0 0.619140625 0.06640625 0.0732421875 0.0830078125
0 0.5703125 0.068359375 0.0751953125 0.0859375
0 0.5244140625 0.056640625 0.080078125 0.0859375
0 0.4853515625 0.060546875 0.0703125 0.078125
0 0.4443359375 0.0615234375 0.0732421875 0.0888671875
0 0.40625 0.0546875 0.068359375 0.0751953125
0 0.3583984375 0.0595703125 0.076171875 0.0751953125
0 0.3251953125 0.0625 0.0751953125 0.0751953125
0 0.2880859375 0.0556640625 0.0732421875 0.080078125
0 0.2626953125 0.0546875 0.0751953125 0.068359375
0 0.2216796875 0.0576171875 0.0625 0.056640625
0 0.1806640625 0.056640625 0.064453125 0.041015625
1 0.8720703125 0.0146484375 0.0625 0.029296875
0 0.828125 0.013671875 0.0751953125 0.0263671875
0 0.7705078125 0.013671875 0.0654296875 0.0263671875
0 0.7353515625 0.0078125 0.064453125 0.015625
0 0.697265625 0.013671875 0.072265625 0.0263671875
1 0.650390625 0.0126953125 0.0654296875 0.025390625
0 0.615234375 0.013671875 0.068359375 0.0263671875
0 0.57421875 0.01171875 0.064453125 0.0234375
0 0.52734375 0.013671875 0.064453125 0.0263671875
1 0.4912109375 0.013671875 0.064453125 0.02734375
0 0.4619140625 0.009765625 0.0673828125 0.0185546875
0 0.419921875 0.0087890625 0.064453125 0.013671875
0 0.0068359375 0.123046875 0.013671875 0.083984375
0 0.021484375 0.109375 0.04296875 0.08203125
0 0.041015625 0.0966796875 0.068359375 0.0654296875
0 0.0693359375 0.080078125 0.0546875 0.041015625
0 0.08984375 0.0732421875 0.0673828125 0.037109375