1 0.5673828125 0.8876953125 0.275390625 0.224609375
1 0.3701171875 0.9345703125 0.271484375 0.130859375
1 0.3388671875 0.849609375 0.2685546875 0.2265625
1 0.8876953125 0.7431640625 0.224609375 0.287109375
1 0.845703125 0.6083984375 0.2685546875 0.232421875
1 0.771484375 0.501953125 0.232421875 0.1923828125
1 0.7109375 0.4150390625 0.224609375 0.1669921875
1 0.583984375 0.203125 0.1826171875 0.134765625
1 0.5478515625 0.1455078125 0.1826171875 0.134765625
1 0.517578125 0.095703125 0.1640625 0.1171875
1 0.3134765625 0.208984375 0.158203125 0.1171875
1 0.341796875 0.26171875 0.158203125 0.1142578125
1 0.205078125 0.259765625 0.140625 0.1064453125
0 0.2197265625 0.322265625 0.1455078125 0.123046875
0 0.3662109375 0.3212890625 0.1669921875 0.1328125
0 0.3876953125 0.3876953125 0.1904296875 0.146484375
0 0.419921875 0.4619140625 0.173828125 0.1484375
0 0.4482421875 0.552734375 0.212890625 0.177734375
0 0.5205078125 0.755859375 0.234375 0.1982421875
1 0.4814453125 0.646484375 0.2470703125 0.193359375
1 0.2373046875 0.3798828125 0.15625 0.125
1 0.083984375 0.732421875 0.107421875 0.146484375
1 0.0625 0.64453125 0.103515625 0.126953125
1 0.052734375 0.5673828125 0.10546875 0.115234375
0 0.044921875 0.4892578125 0.08984375 0.111328125
0 0.0380859375 0.4267578125 0.076171875 0.109375
0 0.03125 0.373046875 0.0625 0.0986328125
0 0.029296875 0.31640625 0.0576171875 0.1015625
0 0.314453125 0.724609375 0.212890625 0.1826171875
0 0.2822265625 0.615234375 0.2109375 0.1669921875
0 0.267578125 0.525390625 0.197265625 0.1611328125
0 0.24609375 0.4443359375 0.1640625 0.126953125
0 0.091796875 0.837890625 0.0732421875 0.130859375