0 0.97109375 0.74375 0.0578125 0.171875
0 0.8953125 0.75703125 0.134375 0.1796875
0 0.78515625 0.77890625 0.1515625 0.1578125
0 0.67265625 0.7890625 0.1328125 0.15625
0 0.5671875 0.8046875 0.14375 0.159375
0 0.44453125 0.81953125 0.1484375 0.1640625
0 0.3390625 0.82734375 0.153125 0.1703125
0 0.22109375 0.8515625 0.1578125 0.171875
0 0.11640625 0.853125 0.1421875 0.175
0 0.05703125 0.703125 0.0828125 0.15625
1 0.13984375 0.70546875 0.1484375 0.1578125
0 0.23359375 0.69296875 0.1296875 0.1609375
0 0.33671875 0.6765625 0.1296875 0.146875
0 0.43828125 0.6609375 0.1265625 0.159375
1 0.5453125 0.64609375 0.1375 0.1609375
0 0.65390625 0.63828125 0.1328125 0.1671875
1 0.76171875 0.63359375 0.1234375 0.1515625
0 0.8578125 0.60234375 0.115625 0.1484375
0 0.95078125 0.59609375 0.0984375 0.1578125
0 0.95625 0.3171875 0.0625 0.1375
0 0.8890625 0.33046875 0.109375 0.1296875
0 0.79375 0.34140625 0.11875 0.1265625
0 0.703125 0.35 0.115625 0.125
0 0.6109375 0.371875 0.115625 0.1375
0 0.52265625 0.38046875 0.1140625 0.1234375
0 0.434375 0.39140625 0.109375 0.1171875
0 0.3421875 0.4046875 0.115625 0.125
0 0.2546875 0.41953125 0.121875 0.1265625
0 0.16328125 0.4296875 0.1296875 0.125
1 0.075 0.4453125 0.11875 0.121875
0 0.02265625 0.44140625 0.0453125 0.1328125
0 0.9 0.08046875 0.090625 0.1078125
0 0.82265625 0.090625 0.1109375 0.121875
0 0.74765625 0.10390625 0.1015625 0.1140625
0 0.665625 0.103125 0.096875 0.11875
0 0.5859375 0.12109375 0.1 0.1171875
0 0.51640625 0.1265625 0.0953125 0.115625
0 0.43671875 0.140625 0.0984375 0.11875
0 0.35234375 0.14765625 0.1015625 0.1171875
0 0.2796875 0.16796875 0.09375 0.1171875
0 0.203125 0.16328125 0.10625 0.1265625
0 0.12265625 0.1734375 0.1078125 0.125
0 0.046875 0.19140625 0.09375 0.1171875