0 0.228515625 0.7705078125 0.4453125 0.458984375
0 0.4375 0.7392578125 0.443359375 0.4716796875
0 0.591796875 0.685546875 0.3544921875 0.376953125
0 0.7099609375 0.587890625 0.3203125 0.302734375
0 0.78125 0.52734375 0.2373046875 0.2138671875
1 0.8857421875 0.4794921875 0.228515625 0.2158203125
1 0.9248046875 0.455078125 0.150390625 0.203125
1 0.9619140625 0.404296875 0.076171875 0.1455078125
1 0.126953125 0.53515625 0.2529296875 0.263671875
1 0.2587890625 0.4853515625 0.279296875 0.2548828125
1 0.3916015625 0.443359375 0.267578125 0.244140625
1 0.505859375 0.4248046875 0.2373046875 0.21875
1 0.607421875 0.408203125 0.2373046875 0.203125
1 0.6875 0.38671875 0.255859375 0.2080078125
1 0.7529296875 0.3701171875 0.291015625 0.2060546875
1 0.8330078125 0.3564453125 0.234375 0.1904296875
1 0.8955078125 0.333984375 0.1904296875 0.146484375
1 0.921875 0.3203125 0.130859375 0.119140625
1 0.951171875 0.3076171875 0.0654296875 0.087890625
1 0.962890625 0.294921875 0.041015625 0.0751953125
1 0.041015625 0.3017578125 0.0810546875 0.146484375
0 0.1142578125 0.267578125 0.193359375 0.1611328125
0 0.2138671875 0.2529296875 0.177734375 0.15625
0 0.3173828125 0.24609375 0.1748046875 0.1767578125
0 0.4091796875 0.259765625 0.1435546875 0.140625
0 0.4638671875 0.2392578125 0.15625 0.1220703125
0 0.5302734375 0.2265625 0.126953125 0.1064453125
0 0.603515625 0.2119140625 0.1298828125 0.1171875
0 0.6611328125 0.2080078125 0.1376953125 0.115234375
0 0.7158203125 0.203125 0.140625 0.1279296875
1 0.7568359375 0.201171875 0.123046875 0.107421875
0 0.798828125 0.197265625 0.1298828125 0.103515625
0 0.8515625 0.19140625 0.109375 0.1015625
0 0.8955078125 0.189453125 0.1123046875 0.09375
0 0.92578125 0.1923828125 0.091796875 0.1064453125
0 0.9375 0.1845703125 0.068359375 0.115234375
0 0.955078125 0.177734375 0.029296875 0.111328125