1 0.5765625 0.140625 0.1875 0.1875
1 0.0859375 0.65078125 0.171875 0.2390625
1 0.07109375 0.80390625 0.1421875 0.2453125
1 0.0734375 0.89921875 0.146875 0.0984375
0 0.55859375 0.265625 0.1953125 0.16875
0 0.53203125 0.40625 0.2171875 0.196875
0 0.50703125 0.5875 0.1984375 0.1875
0 0.47890625 0.74375 0.2203125 0.196875
0 0.453125 0.89765625 0.23125 0.2046875
0 0.1 0.48359375 0.2 0.1640625
0 0.1484375 0.3234375 0.196875 0.18125
0 0.18046875 0.1703125 0.1953125 0.16875
0 0.20390625 0.0578125 0.1984375 0.115625