1 0.2568359375 0.1103515625 0.1513671875 0.220703125
1 0.3486328125 0.119140625 0.119140625 0.23828125
1 0.435546875 0.125 0.1328125 0.25
0 0.5302734375 0.1279296875 0.1328125 0.255859375
0 0.626953125 0.1435546875 0.1279296875 0.275390625
0 0.7216796875 0.15234375 0.146484375 0.2763671875
0 0.814453125 0.1689453125 0.1435546875 0.28125
0 0.912109375 0.173828125 0.1435546875 0.271484375
1 0.9697265625 0.205078125 0.060546875 0.21875
1 0.44140625 0.755859375 0.189453125 0.439453125
1 0.912109375 0.7919921875 0.1591796875 0.416015625
0 0.798828125 0.765625 0.169921875 0.46875
0 0.6767578125 0.775390625 0.1845703125 0.435546875
0 0.546875 0.767578125 0.162109375 0.416015625