0 0.8935546875 0.650390625 0.212890625 0.4638671875
0 0.7958984375 0.5654296875 0.2265625 0.3779296875
0 0.669921875 0.44921875 0.234375 0.404296875
0 0.541015625 0.376953125 0.2080078125 0.337890625
0 0.4326171875 0.294921875 0.2470703125 0.3984375
0 0.328125 0.1884765625 0.255859375 0.373046875
0 0.0380859375 0.716796875 0.0732421875 0.373046875
0 0.111328125 0.7822265625 0.216796875 0.3173828125
0 0.251953125 0.8427734375 0.236328125 0.267578125
0 0.40234375 0.8955078125 0.2138671875 0.208984375
0 0.9658203125 0.3544921875 0.068359375 0.3310546875
0 0.9013671875 0.26953125 0.193359375 0.3359375
0 0.798828125 0.1962890625 0.2236328125 0.3173828125
0 0.669921875 0.1484375 0.220703125 0.28125
0 0.5419921875 0.111328125 0.205078125 0.22265625
0 0.431640625 0.0751953125 0.193359375 0.150390625
0 0.1171875 0.1044921875 0.1376953125 0.197265625