1 0.34375 0.931640625 0.2529296875 0.1357421875
1 0.4072265625 0.8818359375 0.2265625 0.2138671875
1 0.49609375 0.802734375 0.236328125 0.216796875
1 0.560546875 0.7158203125 0.234375 0.2158203125
0 0.630859375 0.623046875 0.234375 0.2158203125
1 0.703125 0.5498046875 0.2216796875 0.2060546875
0 0.765625 0.4677734375 0.224609375 0.2138671875
1 0.8466796875 0.3994140625 0.197265625 0.1982421875
0 0.8828125 0.3251953125 0.2060546875 0.1875
0 0.9130859375 0.265625 0.1201171875 0.181640625
0 0.763671875 0.201171875 0.2265625 0.2001953125
0 0.6923828125 0.2666015625 0.2314453125 0.205078125
1 0.6201171875 0.3515625 0.1845703125 0.162109375
0 0.556640625 0.4189453125 0.2158203125 0.2001953125
1 0.5107421875 0.4892578125 0.193359375 0.1904296875
0 0.431640625 0.5673828125 0.234375 0.1845703125
1 0.373046875 0.6435546875 0.201171875 0.2001953125
0 0.302734375 0.7216796875 0.234375 0.2158203125
1 0.216796875 0.806640625 0.2109375 0.1689453125
1 0.361328125 0.130859375 0.1845703125 0.162109375
1 0.203125 0.10546875 0.171875 0.1328125
1 0.126953125 0.169921875 0.1904296875 0.1435546875
0 0.0751953125 0.21484375 0.150390625 0.1484375
0 0.046875 0.2880859375 0.09375 0.154296875
0 0.021484375 0.341796875 0.0419921875 0.158203125
0 0.03515625 0.53125 0.0703125 0.166015625
0 0.0712890625 0.4716796875 0.142578125 0.1875
0 0.1103515625 0.400390625 0.189453125 0.185546875
0 0.1787109375 0.333984375 0.189453125 0.173828125
0 0.236328125 0.2734375 0.1904296875 0.1748046875
0 0.2978515625 0.2138671875 0.173828125 0.162109375
0 0.8203125 0.0244140625 0.0810546875 0.048828125
0 0.7646484375 0.017578125 0.158203125 0.03515625