0 0.9267578125 0.2548828125 0.068359375 0.0595703125
0 0.9228515625 0.2890625 0.076171875 0.037109375
0 0.9111328125 0.341796875 0.0751953125 0.041015625
1 0.919921875 0.3154296875 0.080078125 0.041015625
1 0.8408203125 0.681640625 0.072265625 0.0546875
1 0.8427734375 0.654296875 0.0859375 0.060546875
1 0.845703125 0.62109375 0.091796875 0.044921875
1 0.8583984375 0.595703125 0.076171875 0.048828125
1 0.8232421875 0.76171875 0.0908203125 0.0673828125
1 0.869140625 0.5576171875 0.0810546875 0.052734375
1 0.876953125 0.5263671875 0.0751953125 0.041015625
1 0.8818359375 0.4931640625 0.080078125 0.048828125
1 0.8916015625 0.4619140625 0.0732421875 0.048828125
1 0.8974609375 0.4326171875 0.0703125 0.0439453125
1 0.900390625 0.4072265625 0.076171875 0.048828125
1 0.90625 0.375 0.0810546875 0.037109375
0 0.830078125 0.712890625 0.091796875 0.0498046875
0 0.9013671875 0.78125 0.078125 0.083984375
0 0.9140625 0.740234375 0.087890625 0.0419921875
0 0.916015625 0.7021484375 0.072265625 0.0361328125
0 0.919921875 0.666015625 0.0732421875 0.048828125
0 0.9287109375 0.638671875 0.080078125 0.048828125
0 0.9365234375 0.599609375 0.076171875 0.048828125
0 0.94140625 0.5693359375 0.0830078125 0.048828125
0 0.951171875 0.5361328125 0.080078125 0.052734375
0 0.9541015625 0.5 0.0830078125 0.041015625
0 0.962890625 0.4677734375 0.0732421875 0.048828125
0 0.875 0.8994140625 0.083984375 0.064453125
0 0.8701171875 0.951171875 0.083984375 0.0703125
0 0.857421875 0.98046875 0.091796875 0.0390625
0 0.96484375 0.439453125 0.0703125 0.0439453125
0 0.9677734375 0.41015625 0.064453125 0.048828125
0 0.9716796875 0.3720703125 0.056640625 0.046875
0 0.97265625 0.349609375 0.0546875 0.0439453125
0 0.9765625 0.3193359375 0.046875 0.0419921875
0 0.9765625 0.287109375 0.046875 0.046875
0 0.7353515625 0.447265625 0.060546875 0.046875
0 0.75 0.416015625 0.0654296875 0.0517578125
0 0.759765625 0.3916015625 0.064453125 0.0546875
0 0.7666015625 0.365234375 0.064453125 0.0546875
1 0.771484375 0.3369140625 0.068359375 0.0546875
0 0.779296875 0.3095703125 0.0625 0.046875
0 0.787109375 0.2783203125 0.0673828125 0.0439453125
0 0.794921875 0.251953125 0.0625 0.0439453125
0 0.720703125 0.2646484375 0.0654296875 0.0546875
1 0.7119140625 0.2998046875 0.080078125 0.041015625
1 0.7060546875 0.3203125 0.083984375 0.037109375
1 0.689453125 0.375 0.0830078125 0.03125
1 0.673828125 0.4326171875 0.0810546875 0.0341796875
1 0.6689453125 0.724609375 0.072265625 0.0546875
1 0.6728515625 0.685546875 0.0830078125 0.056640625
1 0.6865234375 0.6494140625 0.0732421875 0.0546875
1 0.701171875 0.619140625 0.0732421875 0.0546875
1 0.7060546875 0.580078125 0.0810546875 0.0732421875
1 0.7177734375 0.5458984375 0.080078125 0.064453125
1 0.728515625 0.5166015625 0.087890625 0.0673828125
1 0.7333984375 0.4912109375 0.0888671875 0.060546875
1 0.6083984375 0.630859375 0.0830078125 0.0732421875
0 0.587890625 0.697265625 0.0908203125 0.0751953125
0 0.69921875 0.349609375 0.0732421875 0.041015625
0 0.673828125 0.4033203125 0.0830078125 0.056640625
0 0.6630859375 0.4541015625 0.0830078125 0.060546875
0 0.658203125 0.490234375 0.0908203125 0.052734375
0 0.646484375 0.5166015625 0.0830078125 0.064453125
0 0.63671875 0.548828125 0.080078125 0.056640625
0 0.625 0.583984375 0.083984375 0.064453125
0 0.634765625 0.83984375 0.083984375 0.0673828125
0 0.6083984375 0.919921875 0.0859375 0.056640625
1 0.625 0.884765625 0.0908203125 0.0673828125
1 0.7958984375 0.8916015625 0.091796875 0.0830078125
1 0.787109375 0.9287109375 0.0908203125 0.0703125
1 0.7734375 0.9599609375 0.103515625 0.080078125
1 0.7578125 0.982421875 0.1064453125 0.0341796875
1 0.599609375 0.966796875 0.0908203125 0.0654296875
1 0.587890625 0.982421875 0.0908203125 0.0341796875
1 0.4033203125 0.7705078125 0.078125 0.0654296875
1 0.3857421875 0.81640625 0.083984375 0.0703125
0 0.548828125 0.810546875 0.083984375 0.0703125
0 0.548828125 0.8447265625 0.0859375 0.060546875
0 0.525390625 0.8818359375 0.0888671875 0.064453125
0 0.5166015625 0.931640625 0.091796875 0.0673828125
0 0.498046875 0.962890625 0.099609375 0.0732421875
0 0.4853515625 0.9814453125 0.107421875 0.037109375
0 0.3759765625 0.837890625 0.080078125 0.0673828125
0 0.36328125 0.8837890625 0.080078125 0.0703125
0 0.33203125 0.962890625 0.080078125 0.060546875
1 0.345703125 0.9306640625 0.087890625 0.0703125
1 0.314453125 0.9833984375 0.076171875 0.0205078125
1 0.2333984375 0.962890625 0.0859375 0.0517578125
0 0.2158203125 0.9765625 0.0966796875 0.025390625
0 0.326171875 0.7294921875 0.0830078125 0.056640625
0 0.306640625 0.7822265625 0.080078125 0.0703125
0 0.283203125 0.8525390625 0.0810546875 0.0732421875
1 0.2919921875 0.8193359375 0.087890625 0.0703125
0 0.263671875 0.8916015625 0.0830078125 0.0673828125
0 0.25 0.9345703125 0.087890625 0.078125
0 0.4423828125 0.654296875 0.0751953125 0.068359375
0 0.458984375 0.619140625 0.0908203125 0.052734375
0 0.572265625 0.28515625 0.0654296875 0.0546875
0 0.5634765625 0.3173828125 0.080078125 0.056640625
0 0.5556640625 0.3427734375 0.0732421875 0.0546875
0 0.5439453125 0.376953125 0.0751953125 0.068359375
1 0.5361328125 0.404296875 0.072265625 0.0625
1 0.5263671875 0.431640625 0.0751953125 0.0654296875
1 0.51171875 0.4599609375 0.080078125 0.060546875
0 0.501953125 0.490234375 0.078125 0.068359375
0 0.4892578125 0.521484375 0.0751953125 0.0654296875
1 0.4833984375 0.5576171875 0.076171875 0.0595703125
1 0.4736328125 0.5947265625 0.0908203125 0.0576171875
0 0.369140625 0.6337890625 0.0830078125 0.064453125
0 0.3818359375 0.59375 0.0732421875 0.0595703125
0 0.3935546875 0.5625 0.068359375 0.0625
0 0.4130859375 0.5302734375 0.080078125 0.060546875
0 0.4228515625 0.498046875 0.080078125 0.060546875
1 0.431640625 0.470703125 0.068359375 0.0546875
0 0.4443359375 0.4404296875 0.080078125 0.056640625
1 0.45703125 0.416015625 0.0732421875 0.0517578125
1 0.462890625 0.388671875 0.0732421875 0.0546875
0 0.474609375 0.359375 0.068359375 0.0595703125
0 0.4853515625 0.33203125 0.0732421875 0.0546875
0 0.494140625 0.287109375 0.0732421875 0.0595703125
1 0.501953125 0.28125 0.080078125 0.052734375
0 0.009765625 0.9560546875 0.0185546875 0.037109375
0 0.0205078125 0.939453125 0.041015625 0.0732421875
1 0.025390625 0.90234375 0.05078125 0.05859375
1 0.072265625 0.962890625 0.087890625 0.037109375
1 0.1005859375 0.900390625 0.076171875 0.0595703125
1 0.1240234375 0.8525390625 0.080078125 0.0673828125
0 0.08984375 0.927734375 0.0830078125 0.064453125
0 0.041015625 0.861328125 0.0751953125 0.0625
0 0.056640625 0.8173828125 0.072265625 0.0625
1 0.0673828125 0.7861328125 0.0751953125 0.0625
0 0.0859375 0.7470703125 0.0751953125 0.0625
0 0.1337890625 0.8173828125 0.0830078125 0.056640625
0 0.15234375 0.7763671875 0.080078125 0.056640625
0 0.16796875 0.73828125 0.076171875 0.0546875
0 0.099609375 0.705078125 0.076171875 0.0546875
0 0.1181640625 0.6767578125 0.076171875 0.0595703125
1 0.185546875 0.7021484375 0.083984375 0.064453125
1 0.2353515625 0.599609375 0.0830078125 0.056640625
1 0.2509765625 0.564453125 0.0830078125 0.048828125
1 0.2646484375 0.537109375 0.076171875 0.0595703125
1 0.181640625 0.5458984375 0.072265625 0.0546875
0 0.1669921875 0.5791015625 0.083984375 0.064453125
0 0.27734375 0.5009765625 0.080078125 0.048828125
1 0.1953125 0.525390625 0.068359375 0.0625
1 0.2109375 0.490234375 0.068359375 0.0625
1 0.2197265625 0.4638671875 0.0830078125 0.052734375
1 0.234375 0.4296875 0.068359375 0.0625
1 0.2880859375 0.4716796875 0.0830078125 0.052734375
1 0.2978515625 0.447265625 0.0888671875 0.0576171875
1 0.318359375 0.419921875 0.0810546875 0.056640625
0 0.251953125 0.396484375 0.0732421875 0.0595703125
0 0.2685546875 0.373046875 0.068359375 0.0546875
0 0.326171875 0.3837890625 0.068359375 0.0546875
0 0.3408203125 0.353515625 0.068359375 0.0546875
1 0.2744140625 0.3427734375 0.076171875 0.048828125
0 0.2880859375 0.31640625 0.0673828125 0.048828125
0 0.3017578125 0.291015625 0.0654296875 0.046875
0 0.314453125 0.2626953125 0.060546875 0.0439453125
1 0.3525390625 0.330078125 0.0732421875 0.0439453125
0 0.361328125 0.302734375 0.076171875 0.044921875
0 0.3720703125 0.2685546875 0.0625 0.052734375
0 0.017578125 0.6357421875 0.0341796875 0.0498046875
0 0.005859375 0.6787109375 0.01171875 0.064453125