1 0.10078125 0.80078125 0.2015625 0.1484375
1 0.184375 0.759375 0.18125 0.165625
1 0.2953125 0.73828125 0.190625 0.1671875
1 0.38828125 0.69765625 0.1890625 0.1671875
0 0.48671875 0.65546875 0.1890625 0.1671875
1 0.57890625 0.63046875 0.1796875 0.1578125
0 0.66796875 0.59296875 0.1796875 0.1640625
1 0.765625 0.5765625 0.153125 0.15625
0 0.83671875 0.534375 0.1796875 0.14375
0 0.92109375 0.50546875 0.1578125 0.1671875
0 0.79140625 0.37578125 0.1828125 0.1515625
0 0.703125 0.39609375 0.1875 0.1546875
1 0.6046875 0.43046875 0.15 0.1234375
0 0.52265625 0.4546875 0.1734375 0.15625
1 0.453125 0.490625 0.153125 0.15
0 0.35078125 0.5171875 0.1953125 0.134375
1 0.26875 0.5515625 0.159375 0.15625
0 0.17578125 0.58203125 0.1890625 0.1671875
1 0.0765625 0.6109375 0.153125 0.125
1 0.496875 0.13046875 0.15 0.1234375
1 0.3859375 0.0421875 0.146875 0.084375
1 0.2890625 0.0546875 0.159375 0.103125
0 0.22109375 0.0625 0.1359375 0.1125
0 0.13125 0.0921875 0.15625 0.121875
0 0.090625 0.12265625 0.090625 0.1265625
0 0.04296875 0.2953125 0.0515625 0.1375
0 0.0921875 0.26328125 0.1375 0.1453125
0 0.16953125 0.2328125 0.1484375 0.146875
0 0.25703125 0.21015625 0.1515625 0.1328125
0 0.33203125 0.18828125 0.1546875 0.1359375
0 0.40859375 0.16953125 0.1390625 0.1265625
0 0.98515625 0.26484375 0.0296875 0.1109375
0 0.95859375 0.2203125 0.0828125 0.15625
0 0.921875 0.1609375 0.15625 0.165625
0 0.8640625 0.11171875 0.178125 0.1421875
0 0.79765625 0.08515625 0.1796875 0.1109375
0 0.7359375 0.05546875 0.15 0.0703125