0 0.9140625 0.6708984375 0.119140625 0.251953125
0 0.9599609375 0.73828125 0.064453125 0.2451171875
0 0.837890625 0.603515625 0.1298828125 0.2373046875
0 0.759765625 0.5458984375 0.119140625 0.216796875
0 0.6923828125 0.484375 0.134765625 0.21875
1 0.6015625 0.46875 0.1279296875 0.203125
1 0.544921875 0.421875 0.125 0.197265625
0 0.4951171875 0.361328125 0.1533203125 0.1845703125
0 0.435546875 0.31640625 0.125 0.1923828125
0 0.3837890625 0.2744140625 0.142578125 0.2080078125
0 0.3271484375 0.2333984375 0.126953125 0.173828125
1 0.275390625 0.2119140625 0.1142578125 0.173828125
0 0.234375 0.173828125 0.115234375 0.1767578125
0 0.193359375 0.140625 0.126953125 0.181640625
0 0.1552734375 0.115234375 0.1298828125 0.177734375
0 0.1142578125 0.076171875 0.130859375 0.15234375
0 0.0849609375 0.0673828125 0.107421875 0.134765625
0 0.05859375 0.056640625 0.0546875 0.1123046875
0 0.5224609375 0.908203125 0.1923828125 0.1826171875
0 0.4443359375 0.8681640625 0.208984375 0.263671875
0 0.3623046875 0.81640625 0.2216796875 0.3486328125
1 0.296875 0.73046875 0.193359375 0.314453125
0 0.2412109375 0.6630859375 0.173828125 0.2763671875
0 0.1630859375 0.607421875 0.1611328125 0.2685546875
1 0.119140625 0.55078125 0.146484375 0.2421875
0 0.083984375 0.494140625 0.1611328125 0.255859375
0 0.0615234375 0.447265625 0.123046875 0.228515625
0 0.0302734375 0.388671875 0.060546875 0.2109375
1 0.2353515625 0.9453125 0.1796875 0.0810546875
0 0.1357421875 0.888671875 0.212890625 0.1796875
0 0.0869140625 0.853515625 0.173828125 0.236328125
0 0.044921875 0.8115234375 0.08984375 0.271484375
0 0.0244140625 0.728515625 0.048828125 0.267578125
0 0.96875 0.4365234375 0.0625 0.2236328125
0 0.916015625 0.376953125 0.103515625 0.21875
0 0.8427734375 0.33203125 0.111328125 0.2080078125
0 0.775390625 0.298828125 0.111328125 0.2001953125
0 0.701171875 0.2490234375 0.0966796875 0.1796875
0 0.6513671875 0.21875 0.115234375 0.1845703125
0 0.6005859375 0.189453125 0.1015625 0.1767578125
0 0.5458984375 0.154296875 0.0986328125 0.1669921875
0 0.5029296875 0.125 0.103515625 0.1591796875
1 0.451171875 0.1064453125 0.0966796875 0.146484375
0 0.40234375 0.076171875 0.10546875 0.15234375
0 0.361328125 0.0556640625 0.1015625 0.111328125
0 0.3212890625 0.03125 0.1015625 0.0625
0 0.275390625 0.0224609375 0.099609375 0.044921875
0 0.9921875 0.1474609375 0.015625 0.1796875
0 0.9580078125 0.1328125 0.083984375 0.1953125
0 0.9091796875 0.103515625 0.1064453125 0.1484375
1 0.8447265625 0.0869140625 0.0986328125 0.123046875
1 0.791015625 0.076171875 0.095703125 0.111328125
0 0.751953125 0.05859375 0.0908203125 0.0830078125
0 0.701171875 0.0322265625 0.0966796875 0.0390625
0 0.9013671875 0.048828125 0.0810546875 0.037109375
0 0.2314453125 0.017578125 0.0966796875 0.0341796875