0 0.7587890625 0.2490234375 0.201171875 0.1611328125
0 0.755859375 0.392578125 0.220703125 0.189453125
0 0.744140625 0.529296875 0.2265625 0.203125
0 0.7392578125 0.677734375 0.234375 0.2138671875
0 0.736328125 0.822265625 0.21875 0.1953125
1 0.7236328125 0.9384765625 0.228515625 0.123046875
0 0.474609375 0.244140625 0.2109375 0.1435546875
0 0.4599609375 0.3642578125 0.205078125 0.15625
0 0.44921875 0.5107421875 0.2109375 0.1875
0 0.4130859375 0.814453125 0.2265625 0.1689453125
0 0.392578125 0.9384765625 0.21875 0.123046875
0 0.201171875 0.916015625 0.2001953125 0.107421875
0 0.2109375 0.7802734375 0.228515625 0.185546875
0 0.236328125 0.630859375 0.2236328125 0.1640625
0 0.2529296875 0.4794921875 0.2158203125 0.150390625
1 0.275390625 0.361328125 0.2001953125 0.154296875
1 0.4365234375 0.6533203125 0.2265625 0.1845703125
1 0.2880859375 0.228515625 0.201171875 0.150390625