1 0.849609375 0.8642578125 0.275390625 0.271484375
0 0.7421875 0.7685546875 0.3310546875 0.369140625
0 0.6298828125 0.6494140625 0.287109375 0.3359375
0 0.5166015625 0.5341796875 0.283203125 0.3125
0 0.4306640625 0.4248046875 0.2578125 0.2685546875
0 0.349609375 0.35546875 0.2607421875 0.2451171875
0 0.2744140625 0.291015625 0.205078125 0.2138671875
1 0.5322265625 0.244140625 0.185546875 0.171875
1 0.609375 0.3125 0.181640625 0.177734375
1 0.6826171875 0.365234375 0.244140625 0.189453125
1 0.7744140625 0.439453125 0.2607421875 0.197265625
1 0.861328125 0.525390625 0.2763671875 0.2294921875
1 0.9228515625 0.62109375 0.154296875 0.25