0 0.93671875 0.76640625 0.0578125 0.1578125
0 0.87109375 0.7703125 0.0984375 0.165625
0 0.79296875 0.7765625 0.0828125 0.15625
0 0.72734375 0.778125 0.0765625 0.15
0 0.6640625 0.79140625 0.075 0.1609375
0 0.6046875 0.78984375 0.075 0.1703125
0 0.54375 0.79921875 0.078125 0.1734375
0 0.4765625 0.8015625 0.075 0.153125
0 0.40703125 0.8 0.0671875 0.16875
0 0.3515625 0.8125 0.065625 0.153125
0 0.28828125 0.81171875 0.0703125 0.1671875
0 0.2296875 0.80859375 0.065625 0.1578125
0 0.17578125 0.80625 0.0609375 0.140625
0 0.1171875 0.809375 0.0625 0.153125
0 0.06328125 0.803125 0.0671875 0.14375
0 0.0234375 0.8109375 0.01875 0.1375
0 0.05390625 0.53671875 0.0421875 0.1328125
1 0.0140625 0.540625 0.028125 0.121875
1 0.02265625 0.43125 0.0390625 0.109375
0 0.07421875 0.41796875 0.0546875 0.1140625
0 0.1015625 0.52890625 0.046875 0.1203125
0 0.11640625 0.4140625 0.0578125 0.1125
0 0.1625 0.409375 0.05625 0.109375
0 0.1453125 0.53046875 0.046875 0.1328125
0 0.19921875 0.52109375 0.0515625 0.1140625
0 0.21015625 0.403125 0.0578125 0.109375
0 0.2625 0.40546875 0.05625 0.0953125
0 0.2546875 0.51015625 0.0625 0.1203125
0 0.3109375 0.5140625 0.046875 0.121875
0 0.32109375 0.4015625 0.0484375 0.109375
0 0.371875 0.38828125 0.053125 0.1015625
0 0.3609375 0.5140625 0.046875 0.13125
0 0.41484375 0.51171875 0.0546875 0.1234375
0 0.42265625 0.39375 0.0546875 0.109375
0 0.4765625 0.3875 0.05625 0.1125
0 0.4765625 0.51171875 0.0625 0.1171875
0 0.53359375 0.5 0.0640625 0.115625
0 0.5265625 0.3859375 0.0625 0.1125
0 0.58359375 0.38046875 0.0546875 0.1203125
0 0.58984375 0.50078125 0.0640625 0.1203125
0 0.646875 0.4875 0.05625 0.1125
0 0.6328125 0.37421875 0.0625 0.1203125
0 0.69296875 0.36953125 0.0578125 0.1171875
0 0.70546875 0.4890625 0.0671875 0.121875
0 0.76015625 0.48828125 0.0515625 0.1140625
0 0.74765625 0.36953125 0.0484375 0.1015625
0 0.71484375 0.16015625 0.0515625 0.0890625
0 0.7171875 0.07421875 0.05 0.0828125
0 0.66171875 0.07890625 0.0515625 0.0828125
0 0.66640625 0.16796875 0.0515625 0.0859375
0 0.615625 0.07890625 0.053125 0.0890625
0 0.62109375 0.17109375 0.0546875 0.1015625
0 0.57265625 0.16875 0.0515625 0.103125
0 0.56875 0.08359375 0.046875 0.0890625
0 0.5171875 0.0890625 0.05625 0.075
0 0.525 0.17890625 0.0625 0.0921875
0 0.4734375 0.1875 0.053125 0.103125
0 0.4734375 0.08515625 0.040625 0.0828125
0 0.42734375 0.09921875 0.0515625 0.0890625
0 0.4234375 0.1921875 0.053125 0.103125
0 0.38203125 0.103125 0.0453125 0.09375
0 0.378125 0.20078125 0.046875 0.0890625
0 0.33671875 0.203125 0.0515625 0.096875
1 0.3375 0.1125 0.04375 0.078125
0 0.2875 0.2046875 0.0625 0.1125
0 0.2984375 0.1109375 0.040625 0.0875
1 0.24921875 0.12734375 0.0421875 0.0734375
0 0.19609375 0.21171875 0.0515625 0.0859375
0 0.2109375 0.13203125 0.04375 0.0796875
0 0.1671875 0.13125 0.04375 0.071875
0 0.15234375 0.2234375 0.0484375 0.1
0 0.11015625 0.21484375 0.0515625 0.1015625
0 0.0625 0.22421875 0.059375 0.1203125
0 0.02109375 0.22421875 0.0421875 0.1046875
1 0.125 0.13203125 0.0625 0.0859375