0 0.96015625 0.296875 0.0265625 0.040625
1 0.95625 0.2671875 0.021875 0.040625
1 0.97265625 0.6421875 0.0546875 0.0625
1 0.9671875 0.6140625 0.065625 0.06875
1 0.9640625 0.58046875 0.071875 0.0546875
1 0.9703125 0.55390625 0.059375 0.0609375
1 0.96640625 0.72578125 0.0671875 0.0765625
1 0.97109375 0.5171875 0.0578125 0.0625
1 0.97421875 0.48515625 0.0515625 0.0484375
1 0.971875 0.446875 0.05625 0.05625
1 0.9734375 0.41640625 0.046875 0.0515625
1 0.971875 0.3875 0.0375 0.046875
1 0.9671875 0.36015625 0.0375 0.0515625
1 0.9609375 0.328125 0.034375 0.040625
0 0.96484375 0.6765625 0.0703125 0.059375
0 0.83046875 0.42734375 0.0640625 0.0515625
0 0.83984375 0.39375 0.0703125 0.05625
0 0.8453125 0.365625 0.06875 0.059375
0 0.846875 0.3390625 0.06875 0.059375
1 0.84609375 0.31171875 0.0734375 0.0609375
0 0.84921875 0.28046875 0.0671875 0.0515625
0 0.8515625 0.2484375 0.071875 0.05
0 0.85390625 0.22109375 0.0671875 0.0484375
0 0.78125 0.2484375 0.071875 0.059375
1 0.77890625 0.28515625 0.0828125 0.0484375
1 0.778125 0.30625 0.0875 0.046875
1 0.77109375 0.36484375 0.0859375 0.0390625
1 0.765625 0.425 0.084375 0.040625
1 0.81796875 0.71796875 0.0765625 0.0609375
1 0.81484375 0.67890625 0.0890625 0.0640625
1 0.821875 0.6390625 0.078125 0.0625
1 0.83125 0.60625 0.078125 0.0625
1 0.82734375 0.5671875 0.0859375 0.08125
1 0.83203125 0.53046875 0.0859375 0.0703125
1 0.8375 0.4984375 0.09375 0.075
1 0.8375 0.4703125 0.09375 0.06875
1 0.740625 0.6359375 0.090625 0.08125
0 0.7328125 0.70546875 0.096875 0.0828125
0 0.775 0.3375 0.075 0.046875
0 0.76171875 0.3953125 0.0890625 0.0625
0 0.76015625 0.44765625 0.0890625 0.0671875
0 0.76328125 0.48515625 0.0953125 0.0609375
0 0.7546875 0.51484375 0.0875 0.0703125
0 0.75078125 0.546875 0.0828125 0.0625
0 0.746875 0.58671875 0.090625 0.0703125
0 0.80625 0.8390625 0.090625 0.075
0 0.796875 0.92578125 0.090625 0.0640625
1 0.80546875 0.8875 0.0953125 0.075
1 0.96484375 0.8609375 0.0703125 0.090625
1 0.96328125 0.8921875 0.0734375 0.0625
1 0.9546875 0.90546875 0.0875 0.0390625
1 0.56015625 0.81640625 0.0828125 0.0734375
1 0.5515625 0.865625 0.090625 0.078125
0 0.7140625 0.8265625 0.090625 0.078125
0 0.72109375 0.86171875 0.0921875 0.0671875
0 0.70546875 0.9046875 0.0953125 0.071875
0 0.703125 0.94609375 0.096875 0.0578125
0 0.54609375 0.88984375 0.0859375 0.0734375
0 0.54296875 0.9359375 0.0859375 0.078125
1 0.53125 0.9734375 0.09375 0.053125
0 0.47578125 0.79140625 0.0890625 0.0640625
0 0.46640625 0.8453125 0.0859375 0.078125
0 0.4546875 0.9203125 0.0875 0.08125
1 0.459375 0.88515625 0.09375 0.0796875
0 0.44296875 0.96328125 0.0890625 0.0734375
0 0.4359375 0.9828125 0.09375 0.034375
0 0.578125 0.69296875 0.08125 0.0765625
0 0.58671875 0.65390625 0.0953125 0.0609375
0 0.634375 0.2984375 0.071875 0.059375
0 0.63203125 0.33125 0.0828125 0.0625
0 0.6296875 0.3578125 0.078125 0.0625
0 0.625 0.39296875 0.08125 0.0765625
1 0.621875 0.425 0.078125 0.06875
1 0.61796875 0.453125 0.0796875 0.071875
1 0.609375 0.48515625 0.084375 0.0671875
0 0.6046875 0.5171875 0.084375 0.078125
0 0.59921875 0.55 0.0796875 0.071875
1 0.6 0.5890625 0.08125 0.065625
1 0.59609375 0.62734375 0.0953125 0.0640625
0 0.5 0.68671875 0.0875 0.0703125
0 0.503125 0.64375 0.078125 0.065625
0 0.509375 0.60859375 0.075 0.0671875
0 0.5234375 0.57421875 0.084375 0.0671875
0 0.5265625 0.53984375 0.084375 0.0671875
1 0.53046875 0.51171875 0.0734375 0.0609375
0 0.53828125 0.478125 0.0828125 0.0625
1 0.5453125 0.45234375 0.078125 0.0578125
1 0.546875 0.421875 0.078125 0.0625
0 0.553125 0.38984375 0.075 0.0640625
0 0.5578125 0.3609375 0.078125 0.0625
0 0.5578125 0.315625 0.078125 0.065625
1 0.56484375 0.30625 0.0828125 0.059375
1 0.28203125 0.9859375 0.0828125 0.028125
1 0.29609375 0.95234375 0.0859375 0.0734375
0 0.2140625 0.9703125 0.08125 0.05625
0 0.2203125 0.93125 0.078125 0.06875
1 0.22578125 0.8984375 0.0796875 0.06875
0 0.23828125 0.853125 0.0796875 0.06875
0 0.29765625 0.91484375 0.0890625 0.0640625
0 0.30859375 0.8703125 0.0828125 0.0625
0 0.31875 0.8296875 0.08125 0.0625
0 0.2421875 0.8109375 0.08125 0.0625
0 0.2546875 0.778125 0.08125 0.065625
1 0.3296875 0.78984375 0.090625 0.0703125
1 0.35859375 0.6796875 0.0890625 0.0625
1 0.3671875 0.640625 0.0875 0.05625
1 0.3765625 0.6109375 0.08125 0.065625
1 0.29453125 0.63515625 0.0765625 0.0609375
0 0.2859375 0.67109375 0.090625 0.0703125
0 0.38046875 0.57109375 0.0859375 0.0546875
1 0.3046875 0.61171875 0.075 0.0671875
1 0.3125 0.57265625 0.075 0.0671875
1 0.3171875 0.5453125 0.0875 0.059375
1 0.325 0.50703125 0.075 0.0671875
1 0.3859375 0.540625 0.0875 0.059375
1 0.3921875 0.51484375 0.09375 0.0640625
1 0.40703125 0.4828125 0.0859375 0.0625
0 0.33671875 0.4734375 0.0796875 0.065625
0 0.34765625 0.44453125 0.0734375 0.0609375
0 0.40703125 0.44453125 0.0734375 0.0609375
0 0.41640625 0.41171875 0.0734375 0.0609375
1 0.34765625 0.41328125 0.0828125 0.0546875
0 0.35625 0.38515625 0.071875 0.0546875
0 0.36484375 0.35625 0.0703125 0.053125
0 0.3734375 0.3265625 0.0625 0.046875
1 0.42421875 0.38515625 0.0765625 0.0515625
0 0.428125 0.35546875 0.08125 0.0515625
0 0.43125 0.3203125 0.065625 0.059375
0 0.12578125 0.76015625 0.0765625 0.0578125
0 0.1140625 0.80625 0.078125 0.071875
0 0.0640625 0.74609375 0.05625 0.0671875
1 0.1015625 0.8484375 0.075 0.075
1 0.0953125 0.88359375 0.065625 0.0796875
1 0.0984375 0.92890625 0.05625 0.0859375