0 0.1943359375 0.771484375 0.0703125 0.125
1 0.251953125 0.7841796875 0.0810546875 0.1376953125
0 0.3017578125 0.787109375 0.072265625 0.150390625
0 0.35546875 0.794921875 0.0673828125 0.130859375
0 0.4267578125 0.607421875 0.056640625 0.1015625
0 0.5146484375 0.6181640625 0.0546875 0.1044921875
0 0.1943359375 0.5791015625 0.0703125 0.0986328125
0 0.5068359375 0.544921875 0.0703125 0.0859375
1 0.6669921875 0.8291015625 0.078125 0.1328125
1 0.611328125 0.8251953125 0.078125 0.1279296875
1 0.560546875 0.81640625 0.0859375 0.1328125
1 0.509765625 0.8095703125 0.080078125 0.1376953125
1 0.458984375 0.8056640625 0.0751953125 0.1484375
1 0.400390625 0.7998046875 0.076171875 0.1376953125
1 0.244140625 0.591796875 0.072265625 0.09375
1 0.291015625 0.587890625 0.056640625 0.095703125
1 0.333984375 0.595703125 0.056640625 0.0966796875
1 0.376953125 0.6015625 0.060546875 0.0966796875
1 0.466796875 0.6201171875 0.0576171875 0.103515625
1 0.556640625 0.626953125 0.060546875 0.0888671875
1 0.65625 0.568359375 0.0595703125 0.072265625
1 0.5859375 0.5595703125 0.0595703125 0.0751953125
1 0.5439453125 0.5556640625 0.068359375 0.080078125
1 0.4638671875 0.541015625 0.052734375 0.072265625
1 0.4345703125 0.5302734375 0.0625 0.0673828125
1 0.3857421875 0.5263671875 0.0595703125 0.0654296875
1 0.345703125 0.5234375 0.046875 0.0595703125
1 0.3017578125 0.521484375 0.0595703125 0.064453125
1 0.255859375 0.513671875 0.0625 0.0546875