0 0.873046875 0.8681640625 0.1953125 0.263671875
0 0.8955078125 0.916015625 0.109375 0.1669921875
0 0.8193359375 0.798828125 0.2080078125 0.291015625
0 0.7529296875 0.712890625 0.1904296875 0.265625
0 0.701171875 0.6279296875 0.2080078125 0.271484375
1 0.611328125 0.583984375 0.1953125 0.2529296875
1 0.5654296875 0.517578125 0.1904296875 0.2470703125
0 0.533203125 0.4384765625 0.2158203125 0.2421875
0 0.482421875 0.3740234375 0.189453125 0.2421875
0 0.439453125 0.314453125 0.212890625 0.2626953125
0 0.3955078125 0.2548828125 0.1875 0.2216796875
1 0.345703125 0.216796875 0.173828125 0.216796875
0 0.3154296875 0.166015625 0.1748046875 0.2216796875
0 0.28125 0.1171875 0.1904296875 0.2314453125
0 0.2490234375 0.095703125 0.189453125 0.19140625
0 0.216796875 0.0634765625 0.1845703125 0.126953125
0 0.18359375 0.0458984375 0.1669921875 0.091796875
0 0.1513671875 0.029296875 0.130859375 0.0576171875
0 0.142578125 0.01171875 0.09375 0.0234375
0 0.412109375 0.9482421875 0.2236328125 0.103515625
0 0.34375 0.8935546875 0.265625 0.208984375
0 0.271484375 0.8251953125 0.310546875 0.3310546875
1 0.212890625 0.7666015625 0.3017578125 0.392578125
0 0.17578125 0.6787109375 0.267578125 0.345703125
0 0.1171875 0.59765625 0.234375 0.3330078125
1 0.095703125 0.5244140625 0.19140625 0.298828125
0 0.091796875 0.45703125 0.1826171875 0.314453125
0 0.076171875 0.3955078125 0.1513671875 0.28125
0 0.052734375 0.3271484375 0.0966796875 0.2451171875
0 0.068359375 0.849609375 0.1357421875 0.1689453125
0 0.041015625 0.796875 0.0810546875 0.21875
0 0.0068359375 0.7451171875 0.013671875 0.259765625
0 0.9697265625 0.6552734375 0.060546875 0.2421875
0 0.939453125 0.580078125 0.1201171875 0.259765625
0 0.904296875 0.513671875 0.1796875 0.2548828125
0 0.8447265625 0.45703125 0.1767578125 0.2451171875
0 0.783203125 0.384765625 0.15625 0.21875
0 0.7392578125 0.337890625 0.177734375 0.2294921875
0 0.6923828125 0.2919921875 0.1591796875 0.2158203125
0 0.6474609375 0.236328125 0.154296875 0.2080078125
0 0.6103515625 0.193359375 0.158203125 0.2001953125
1 0.5625 0.158203125 0.146484375 0.185546875
0 0.521484375 0.103515625 0.16015625 0.20703125
0 0.490234375 0.0751953125 0.154296875 0.150390625
0 0.458984375 0.044921875 0.1435546875 0.0888671875
0 0.4150390625 0.0302734375 0.1455078125 0.060546875
0 0.9814453125 0.275390625 0.037109375 0.19921875
1 0.9541015625 0.2451171875 0.091796875 0.173828125
1 0.9296875 0.203125 0.140625 0.193359375
0 0.9033203125 0.166015625 0.1435546875 0.1796875
0 0.861328125 0.1162109375 0.1455078125 0.158203125
0 0.80859375 0.087890625 0.126953125 0.1201171875
0 0.97265625 0.1572265625 0.0546875 0.126953125
0 0.7626953125 0.064453125 0.099609375 0.0810546875
0 0.369140625 0.017578125 0.138671875 0.0341796875