1 0.1806640625 0.5498046875 0.2080078125 0.2001953125
0 0.21875 0.7138671875 0.2060546875 0.240234375
0 0.412109375 0.6328125 0.1611328125 0.2216796875
0 0.3193359375 0.5 0.1796875 0.177734375
0 0.4580078125 0.4248046875 0.1904296875 0.1533203125
0 0.5634765625 0.568359375 0.2080078125 0.203125
0 0.689453125 0.4970703125 0.154296875 0.1591796875
0 0.587890625 0.3828125 0.1484375 0.1435546875
0 0.681640625 0.33984375 0.158203125 0.1513671875
0 0.791015625 0.466796875 0.1767578125 0.1875
0 0.9150390625 0.4267578125 0.169921875 0.171875
0 0.779296875 0.3330078125 0.130859375 0.125
0 0.876953125 0.28125 0.146484375 0.115234375
0 0.927734375 0.2568359375 0.1435546875 0.1455078125
0 0.115234375 0.3466796875 0.1435546875 0.140625
0 0.24609375 0.306640625 0.1455078125 0.1328125
0 0.3486328125 0.25390625 0.1220703125 0.1201171875
0 0.439453125 0.236328125 0.1201171875 0.1123046875
0 0.529296875 0.205078125 0.1279296875 0.109375
0 0.6064453125 0.1796875 0.1123046875 0.103515625
0 0.6826171875 0.158203125 0.134765625 0.1142578125
0 0.763671875 0.138671875 0.1201171875 0.1044921875
0 0.8359375 0.1259765625 0.1376953125 0.1142578125
0 0.9091796875 0.107421875 0.109375 0.115234375
0 0.9501953125 0.080078125 0.083984375 0.0908203125
0 0.076171875 0.2734375 0.125 0.103515625
0 0.1904296875 0.2236328125 0.1435546875 0.109375
0 0.306640625 0.1904296875 0.1328125 0.109375
0 0.3955078125 0.166015625 0.103515625 0.099609375
0 0.4814453125 0.1435546875 0.109375 0.1123046875
0 0.5537109375 0.119140625 0.1171875 0.111328125
0 0.6259765625 0.0908203125 0.1328125 0.103515625
0 0.7333984375 0.0712890625 0.1015625 0.1015625
0 0.802734375 0.0576171875 0.1142578125 0.0810546875
0 0.0595703125 0.169921875 0.0810546875 0.099609375
0 0.0478515625 0.1103515625 0.048828125 0.080078125
0 0.107421875 0.080078125 0.095703125 0.0986328125
0 0.1533203125 0.123046875 0.103515625 0.099609375
0 0.1826171875 0.0595703125 0.083984375 0.087890625
0 0.2451171875 0.1044921875 0.103515625 0.099609375
0 0.3095703125 0.0849609375 0.115234375 0.111328125
0 0.390625 0.0703125 0.1064453125 0.109375
0 0.4560546875 0.0517578125 0.099609375 0.103515625
0 0.509765625 0.041015625 0.099609375 0.0810546875
0 0.568359375 0.033203125 0.087890625 0.064453125
0 0.630859375 0.029296875 0.095703125 0.048828125
0 0.697265625 0.0263671875 0.0966796875 0.0341796875
1 0.248046875 0.0595703125 0.076171875 0.078125
0 0.3369140625 0.0361328125 0.0732421875 0.072265625
0 0.404296875 0.0302734375 0.064453125 0.060546875
0 0.451171875 0.01953125 0.0703125 0.0390625
1 0.513671875 0.0107421875 0.060546875 0.021484375
0 0.044921875 0.0546875 0.033203125 0.072265625
0 0.09375 0.0380859375 0.0908203125 0.060546875
0 0.166015625 0.025390625 0.076171875 0.041015625
0 0.2275390625 0.01953125 0.076171875 0.033203125
0 0.287109375 0.0166015625 0.060546875 0.0263671875