0 0.89765625 0.90546875 0.2046875 0.1890625
0 0.746875 0.93125 0.23125 0.1375
0 0.4671875 0.7296875 0.19375 0.225
0 0.15703125 0.9046875 0.1703125 0.190625
1 0.29609375 0.859375 0.1640625 0.178125
1 0.6234375 0.66875 0.1875 0.23125
1 0.7671875 0.6046875 0.16875 0.24375
0 0.91484375 0.50625 0.1484375 0.228125
0 0.9515625 0.2890625 0.096875 0.190625
0 0.1421875 0.69375 0.1625 0.16875
0 0.0421875 0.7765625 0.08125 0.196875
1 0.290625 0.6421875 0.134375 0.159375
1 0.4203125 0.578125 0.15625 0.140625
1 0.5640625 0.515625 0.1625 0.165625
1 0.7046875 0.45 0.175 0.159375
1 0.82578125 0.3953125 0.1546875 0.153125
1 0.03203125 0.94609375 0.0640625 0.1078125
1 0.83046875 0.1609375 0.1078125 0.1125
1 0.6015625 0.28125 0.1125 0.1125
0 0.7140625 0.19375 0.13125 0.121875
0 0.9359375 0.06640625 0.128125 0.1328125
0 0.3859375 0.35625 0.14375 0.128125
1 0.4890625 0.34140625 0.1375 0.1515625
1 0.271875 0.45 0.121875 0.178125
1 0.146875 0.4984375 0.109375 0.18125
1 0.046875 0.5640625 0.09375 0.1625
1 0.053125 0.434375 0.10625 0.103125
0 0.1484375 0.3671875 0.1125 0.1
0 0.2578125 0.3265625 0.115625 0.096875
1 0.353125 0.2796875 0.10625 0.084375
0 0.465625 0.2265625 0.121875 0.115625
0 0.58125 0.1703125 0.115625 0.109375
0 0.6828125 0.0953125 0.128125 0.09375
0 0.76875 0.0546875 0.125 0.109375
0 0.2375 0.2015625 0.0875 0.146875
1 0.153125 0.2578125 0.1 0.09375
1 0.053125 0.2921875 0.090625 0.090625
1 0.334375 0.159375 0.09375 0.140625
0 0.43125 0.08828125 0.1 0.1546875
0 0.51875 0.0515625 0.09375 0.103125
0 0.60546875 0.0328125 0.0984375 0.065625
0 0.1515625 0.1578125 0.078125 0.115625
0 0.2453125 0.1140625 0.09375 0.1
0 0.31875 0.084375 0.10625 0.09375
1 0.0796875 0.11171875 0.06875 0.0984375
0 0.15859375 0.040625 0.0703125 0.075
0 0.23125 0.034375 0.075 0.06875
0 0.30859375 0.0171875 0.0796875 0.034375
0 0.08046875 0.04453125 0.0703125 0.0890625