1 0.400390625 0.9345703125 0.23828125 0.130859375
1 0.4501953125 0.888671875 0.2158203125 0.205078125
1 0.52734375 0.810546875 0.2236328125 0.2080078125
1 0.580078125 0.7275390625 0.2216796875 0.2080078125
0 0.6376953125 0.6396484375 0.2216796875 0.2080078125
1 0.697265625 0.568359375 0.208984375 0.197265625
0 0.75 0.490234375 0.212890625 0.203125
1 0.8193359375 0.423828125 0.185546875 0.1875
0 0.853515625 0.3515625 0.2060546875 0.181640625
0 0.892578125 0.287109375 0.1669921875 0.189453125
0 0.7314453125 0.25 0.212890625 0.1904296875
0 0.669921875 0.3134765625 0.216796875 0.1953125
1 0.6103515625 0.3955078125 0.173828125 0.15625
0 0.556640625 0.4580078125 0.205078125 0.1904296875
1 0.51953125 0.525390625 0.1826171875 0.181640625
0 0.453125 0.6015625 0.21875 0.177734375
1 0.40625 0.6748046875 0.1904296875 0.1904296875
0 0.3466796875 0.7490234375 0.2216796875 0.2080078125
1 0.2724609375 0.83203125 0.1982421875 0.1640625
1 0.3603515625 0.2109375 0.173828125 0.15625
1 0.21484375 0.1875 0.1669921875 0.146484375
1 0.1513671875 0.263671875 0.177734375 0.138671875
0 0.1005859375 0.306640625 0.158203125 0.140625
0 0.06640625 0.37890625 0.1328125 0.154296875
0 0.044921875 0.431640625 0.08984375 0.16015625
0 0.0185546875 0.4755859375 0.037109375 0.1328125
0 0.064453125 0.6005859375 0.12890625 0.169921875
0 0.095703125 0.5439453125 0.1904296875 0.1845703125
0 0.1513671875 0.470703125 0.177734375 0.177734375
0 0.208984375 0.404296875 0.177734375 0.166015625
0 0.2578125 0.3466796875 0.181640625 0.1689453125
0 0.310546875 0.2900390625 0.162109375 0.154296875
0 0.8291015625 0.0498046875 0.064453125 0.099609375
0 0.7861328125 0.052734375 0.134765625 0.10546875
0 0.720703125 0.05078125 0.1953125 0.1015625
0 0.6494140625 0.04296875 0.201171875 0.0859375
0 0.57421875 0.0439453125 0.201171875 0.087890625
0 0.5068359375 0.037109375 0.169921875 0.07421875