1 0.1859375 0.9515625 0.2125 0.096875
1 0.29609375 0.921875 0.1578125 0.15625
1 0.39375 0.88671875 0.165625 0.2015625
1 0.475 0.82734375 0.171875 0.1828125
1 0.13046875 0.78125 0.1734375 0.159375
0 0.2359375 0.72890625 0.190625 0.1859375
1 0.32734375 0.68515625 0.1703125 0.1671875
0 0.42421875 0.62421875 0.1765625 0.1609375
1 0.51328125 0.59296875 0.1578125 0.1546875
0 0.58125 0.5453125 0.159375 0.1875
1 0.66796875 0.5 0.1796875 0.171875
0 0.7328125 0.4515625 0.18125 0.178125
0 0.83359375 0.40546875 0.1734375 0.1578125
0 0.95703125 0.5359375 0.0859375 0.1875
0 0.58828125 0.7796875 0.1703125 0.215625
1 0.67734375 0.73125 0.1578125 0.18125
0 0.73203125 0.675 0.1765625 0.21875
1 0.8296875 0.63828125 0.15625 0.1828125
0 0.90234375 0.58515625 0.1515625 0.1953125
0 0.96796875 0.21796875 0.0453125 0.1421875
0 0.93125 0.17421875 0.1125 0.1265625
0 0.8921875 0.1171875 0.184375 0.13125
0 0.82578125 0.07578125 0.1953125 0.1265625
0 0.73828125 0.04375 0.1609375 0.0875
1 0.5328125 0.19453125 0.146875 0.1703125
0 0.446875 0.23125 0.146875 0.134375
0 0.37734375 0.26484375 0.1671875 0.1546875
0 0.290625 0.31796875 0.153125 0.1890625
0 0.209375 0.36875 0.1625 0.19375
0 0.12734375 0.4 0.1515625 0.215625
0 0.071875 0.453125 0.14375 0.234375
1 0.4 0.08984375 0.14375 0.1390625
1 0.309375 0.1375 0.178125 0.1375
0 0.22578125 0.15390625 0.1578125 0.1546875
0 0.1625 0.1875 0.184375 0.15625
0 0.07578125 0.21953125 0.1515625 0.1703125