0 0.05859375 0.6279296875 0.1171875 0.265625
0 0.0126953125 0.6767578125 0.025390625 0.2529296875
0 0.1337890625 0.587890625 0.1640625 0.251953125
0 0.228515625 0.5595703125 0.150390625 0.2314453125
0 0.314453125 0.521484375 0.166015625 0.234375
1 0.404296875 0.537109375 0.15625 0.216796875
1 0.474609375 0.509765625 0.1533203125 0.212890625
0 0.5419921875 0.4677734375 0.177734375 0.205078125
0 0.615234375 0.4462890625 0.1513671875 0.2080078125
0 0.677734375 0.4228515625 0.171875 0.2236328125
0 0.74609375 0.400390625 0.1513671875 0.189453125
1 0.802734375 0.3994140625 0.140625 0.185546875
0 0.8544921875 0.376953125 0.140625 0.1904296875
0 0.90625 0.357421875 0.1533203125 0.1982421875
0 0.935546875 0.345703125 0.1279296875 0.193359375
0 0.96484375 0.310546875 0.0703125 0.1953125
0 0.986328125 0.302734375 0.0263671875 0.177734375
0 0.34765625 0.9384765625 0.1923828125 0.1171875
0 0.4365234375 0.9140625 0.220703125 0.171875
0 0.533203125 0.8798828125 0.25 0.240234375
1 0.611328125 0.859375 0.240234375 0.28125
0 0.6865234375 0.841796875 0.2138671875 0.296875
0 0.779296875 0.814453125 0.2001953125 0.287109375
1 0.841796875 0.775390625 0.1826171875 0.259765625
0 0.8876953125 0.732421875 0.1904296875 0.2763671875
0 0.921875 0.69140625 0.1376953125 0.236328125
0 0.7939453125 0.9755859375 0.197265625 0.048828125
0 0.8447265625 0.9560546875 0.126953125 0.087890625
0 0.056640625 0.380859375 0.1123046875 0.2314453125
0 0.1337890625 0.345703125 0.1357421875 0.2294921875
0 0.2197265625 0.3271484375 0.142578125 0.220703125
0 0.294921875 0.3154296875 0.140625 0.212890625
0 0.3818359375 0.2939453125 0.123046875 0.1904296875
0 0.439453125 0.2822265625 0.142578125 0.1982421875
0 0.4990234375 0.271484375 0.126953125 0.185546875
0 0.5615234375 0.2529296875 0.123046875 0.177734375
0 0.61328125 0.240234375 0.126953125 0.171875
1 0.669921875 0.240234375 0.1171875 0.1591796875
0 0.728515625 0.2197265625 0.1279296875 0.1796875
0 0.783203125 0.189453125 0.1279296875 0.1845703125
0 0.830078125 0.1689453125 0.125 0.15625
0 0.880859375 0.162109375 0.1298828125 0.1689453125
0 0.11328125 0.09375 0.091796875 0.1845703125
0 0.1650390625 0.0986328125 0.138671875 0.197265625
0 0.234375 0.0830078125 0.130859375 0.166015625
1 0.3017578125 0.083984375 0.119140625 0.1484375
1 0.359375 0.0791015625 0.1220703125 0.158203125
0 0.4052734375 0.0703125 0.1171875 0.140625
0 0.46484375 0.056640625 0.123046875 0.1123046875
0 0.521484375 0.052734375 0.109375 0.1044921875
0 0.267578125 0.0302734375 0.1064453125 0.060546875
0 0.3349609375 0.0283203125 0.0986328125 0.056640625
0 0.572265625 0.0478515625 0.0908203125 0.095703125
0 0.9248046875 0.171875 0.1220703125 0.15625
0 0.9609375 0.166015625 0.078125 0.134765625