0 0.2421875 0.8640625 0.2875 0.228125
0 0.05859375 0.81875 0.1171875 0.20625
0 0.08828125 0.65234375 0.1765625 0.1953125
0 0.31953125 0.55078125 0.2453125 0.1859375
0 0.20234375 0.30703125 0.1796875 0.1234375
0 0.2453125 0.2234375 0.165625 0.10625
0 0.4203125 0.18828125 0.175 0.1078125
0 0.4421875 0.11484375 0.1625 0.0796875
0 0.31171875 0.0375 0.1390625 0.075
0 0.46875 0.02734375 0.15 0.0546875
0 0.678125 0.765625 0.215625 0.259375
0 0.875 0.79609375 0.1875 0.2578125
0 0.8578125 0.60703125 0.159375 0.1515625
0 0.67734375 0.56796875 0.2015625 0.1546875
0 0.68671875 0.43984375 0.1859375 0.1359375
0 0.85 0.471875 0.1625 0.1375
0 0.8421875 0.36875 0.146875 0.1125
0 0.83359375 0.2828125 0.1484375 0.103125
0 0.69453125 0.26953125 0.1578125 0.1171875
0 0.6921875 0.17578125 0.140625 0.0953125
0 0.69765625 0.10859375 0.1328125 0.0859375
0 0.82109375 0.196875 0.1453125 0.09375
0 0.81640625 0.13984375 0.1234375 0.0859375
0 0.69609375 0.06171875 0.1359375 0.0796875
0 0.81640625 0.08671875 0.1265625 0.0671875
1 0.27578125 0.69375 0.2546875 0.203125
1 0.1265625 0.51796875 0.2 0.1609375
1 0.1671875 0.40859375 0.19375 0.1453125
1 0.35 0.4375 0.215625 0.13125
1 0.37109375 0.3515625 0.2109375 0.159375
1 0.39921875 0.25546875 0.1953125 0.1234375
1 0.2671875 0.16015625 0.1375 0.0953125
1 0.2875 0.09609375 0.15625 0.1015625
1 0.3328125 0.01484375 0.140625 0.0296875
1 0.446875 0.065625 0.15625 0.078125
0 0.11640625 0.0171875 0.0546875 0.034375