1 0.8173828125 0.943359375 0.1875 0.103515625
1 0.716796875 0.912109375 0.1298828125 0.166015625
1 0.6279296875 0.859375 0.134765625 0.171875
1 0.5546875 0.8037109375 0.140625 0.154296875
1 0.8759765625 0.7666015625 0.1484375 0.1328125
0 0.7783203125 0.71484375 0.1591796875 0.154296875
1 0.693359375 0.6728515625 0.142578125 0.138671875
0 0.603515625 0.6162109375 0.1484375 0.1328125
1 0.5224609375 0.583984375 0.1328125 0.1298828125
0 0.458984375 0.5380859375 0.1298828125 0.1611328125
1 0.3779296875 0.494140625 0.150390625 0.142578125
0 0.3193359375 0.44921875 0.1513671875 0.1484375
0 0.2265625 0.404296875 0.146484375 0.1298828125
0 0.068359375 0.5205078125 0.13671875 0.162109375
0 0.4482421875 0.755859375 0.1376953125 0.1845703125
1 0.3662109375 0.7099609375 0.1298828125 0.154296875
0 0.3154296875 0.658203125 0.1435546875 0.1875
1 0.2255859375 0.6220703125 0.126953125 0.15625
0 0.158203125 0.5703125 0.1220703125 0.1689453125
0 0.03125 0.29296875 0.0625 0.111328125
0 0.0595703125 0.224609375 0.119140625 0.1220703125
0 0.119140625 0.1865234375 0.134765625 0.1044921875
0 0.173828125 0.134765625 0.162109375 0.103515625
0 0.240234375 0.0966796875 0.169921875 0.0966796875
0 0.3203125 0.052734375 0.140625 0.1015625
1 0.5107421875 0.212890625 0.1220703125 0.1455078125
0 0.5888671875 0.248046875 0.125 0.111328125
0 0.6533203125 0.2802734375 0.140625 0.126953125
0 0.7333984375 0.3310546875 0.123046875 0.162109375
0 0.8076171875 0.380859375 0.130859375 0.166015625
0 0.884765625 0.4091796875 0.119140625 0.1875
0 0.939453125 0.462890625 0.1201171875 0.203125
1 0.634765625 0.119140625 0.1201171875 0.115234375
1 0.71875 0.1640625 0.1533203125 0.109375
0 0.7958984375 0.1787109375 0.1328125 0.1298828125
0 0.8544921875 0.212890625 0.15625 0.1279296875
0 0.935546875 0.244140625 0.123046875 0.1455078125