0 0.2099609375 0.9423828125 0.1669921875 0.072265625
0 0.36328125 0.9306640625 0.205078125 0.1357421875
0 0.466796875 0.8935546875 0.216796875 0.212890625
0 0.5703125 0.857421875 0.212890625 0.2158203125
0 0.6728515625 0.818359375 0.2109375 0.2294921875
1 0.7607421875 0.7685546875 0.203125 0.2216796875
0 0.8408203125 0.734375 0.2158203125 0.1904296875
0 0.900390625 0.69140625 0.1767578125 0.185546875
0 0.94140625 0.646484375 0.107421875 0.1640625
0 0.0234375 0.583984375 0.046875 0.15625
0 0.0810546875 0.5546875 0.1435546875 0.171875
1 0.1826171875 0.5322265625 0.150390625 0.169921875
0 0.267578125 0.513671875 0.1513671875 0.177734375
1 0.3544921875 0.4853515625 0.1435546875 0.1640625
0 0.443359375 0.462890625 0.140625 0.1689453125
0 0.513671875 0.439453125 0.142578125 0.1513671875
1 0.5830078125 0.423828125 0.1220703125 0.142578125
1 0.642578125 0.408203125 0.126953125 0.134765625
0 0.701171875 0.376953125 0.134765625 0.1435546875
0 0.763671875 0.3505859375 0.123046875 0.1513671875
0 0.8251953125 0.3408203125 0.130859375 0.1435546875
0 0.8759765625 0.31640625 0.1171875 0.126953125
0 0.9326171875 0.302734375 0.130859375 0.146484375
0 0.052734375 0.3984375 0.10546875 0.16015625
0 0.123046875 0.38671875 0.111328125 0.1357421875
0 0.208984375 0.3701171875 0.125 0.1435546875
1 0.2763671875 0.3662109375 0.115234375 0.123046875
1 0.3603515625 0.3486328125 0.1298828125 0.130859375
1 0.4228515625 0.330078125 0.1171875 0.1298828125
0 0.484375 0.3203125 0.125 0.130859375
0 0.5537109375 0.3037109375 0.1171875 0.123046875
1 0.6044921875 0.2919921875 0.119140625 0.1435546875
1 0.658203125 0.2626953125 0.126953125 0.134765625
1 0.712890625 0.2451171875 0.1357421875 0.140625
1 0.751953125 0.240234375 0.119140625 0.111328125
1 0.794921875 0.232421875 0.1201171875 0.123046875
0 0.466796875 0.146484375 0.0986328125 0.1171875
0 0.5302734375 0.134765625 0.0986328125 0.1171875
1 0.57421875 0.146484375 0.1015625 0.1142578125
1 0.6376953125 0.1318359375 0.109375 0.111328125
0 0.6787109375 0.1044921875 0.107421875 0.099609375
0 0.7333984375 0.091796875 0.1044921875 0.095703125