0 0.892578125 0.6826171875 0.2138671875 0.505859375
0 0.8359375 0.6943359375 0.328125 0.5263671875
1 0.6767578125 0.72265625 0.3408203125 0.5361328125
0 0.513671875 0.7314453125 0.36328125 0.537109375
0 0.3544921875 0.7197265625 0.400390625 0.560546875
0 0.2021484375 0.7158203125 0.404296875 0.568359375
0 0.1220703125 0.716796875 0.244140625 0.5654296875
0 0.884765625 0.263671875 0.220703125 0.3857421875
0 0.7900390625 0.2587890625 0.2705078125 0.404296875
0 0.66015625 0.259765625 0.279296875 0.4296875
0 0.5322265625 0.267578125 0.2763671875 0.427734375
0 0.4052734375 0.27734375 0.2705078125 0.4267578125
0 0.263671875 0.2705078125 0.2890625 0.427734375
0 0.138671875 0.265625 0.2763671875 0.4345703125
0 0.0791015625 0.279296875 0.158203125 0.4189453125