0 0.6515625 0.2625 0.2625 0.234375
0 0.67890625 0.4171875 0.2921875 0.271875
0 0.69921875 0.565625 0.3046875 0.2875
0 0.7265625 0.72109375 0.315625 0.3015625
0 0.75625 0.8703125 0.29375 0.259375
1 0.7734375 0.95078125 0.246875 0.0984375
0 0.34765625 0.3203125 0.2703125 0.221875
0 0.359375 0.4515625 0.265625 0.23125
0 0.3828125 0.61171875 0.284375 0.2671875
0 0.4171875 0.90703125 0.284375 0.1859375
0 0.20078125 0.89375 0.2765625 0.15625
0 0.1828125 0.7859375 0.2875 0.246875
0 0.1671875 0.621875 0.275 0.228125
1 0.16171875 0.490625 0.2578125 0.228125
1 0.39921875 0.76640625 0.2984375 0.2671875
1 0.14765625 0.346875 0.2609375 0.225