0 0.07421875 0.845703125 0.1484375 0.150390625
0 0.1513671875 0.841796875 0.21875 0.2080078125
1 0.2529296875 0.826171875 0.2314453125 0.255859375
0 0.3544921875 0.779296875 0.208984375 0.228515625
0 0.431640625 0.7255859375 0.203125 0.2080078125
0 0.521484375 0.689453125 0.2236328125 0.2392578125
1 0.603515625 0.658203125 0.1904296875 0.220703125
1 0.634765625 0.8779296875 0.21875 0.240234375
1 0.4619140625 0.9169921875 0.201171875 0.166015625
0 0.5478515625 0.8876953125 0.236328125 0.224609375
0 0.345703125 0.9453125 0.1640625 0.0966796875
0 0.7197265625 0.8212890625 0.1982421875 0.216796875
0 0.7978515625 0.7822265625 0.201171875 0.236328125
0 0.86328125 0.74609375 0.185546875 0.216796875
0 0.90625 0.6982421875 0.15625 0.2001953125
0 0.9384765625 0.6572265625 0.1142578125 0.189453125
0 0.6650390625 0.625 0.2109375 0.2314453125
0 0.728515625 0.5986328125 0.2001953125 0.212890625
1 0.791015625 0.578125 0.1875 0.193359375
0 0.8427734375 0.5322265625 0.1796875 0.1796875
0 0.8994140625 0.515625 0.1796875 0.1845703125
0 0.9267578125 0.4912109375 0.146484375 0.169921875
0 0.947265625 0.453125 0.1044921875 0.1689453125
0 0.0380859375 0.517578125 0.076171875 0.1533203125
0 0.09375 0.490234375 0.1376953125 0.158203125
0 0.1806640625 0.4638671875 0.158203125 0.1591796875
0 0.244140625 0.4384765625 0.158203125 0.1611328125
1 0.322265625 0.4345703125 0.150390625 0.1748046875
1 0.3896484375 0.408203125 0.1455078125 0.1611328125
0 0.4580078125 0.3818359375 0.15625 0.1611328125
0 0.5146484375 0.365234375 0.1513671875 0.1591796875
0 0.576171875 0.3583984375 0.1513671875 0.169921875
0 0.6318359375 0.345703125 0.154296875 0.150390625
1 0.6845703125 0.33984375 0.140625 0.1484375
0 0.7294921875 0.310546875 0.146484375 0.142578125
0 0.7734375 0.302734375 0.1279296875 0.1376953125
0 0.826171875 0.298828125 0.1357421875 0.1455078125
0 0.8662109375 0.27734375 0.138671875 0.1513671875
0 0.904296875 0.2626953125 0.1171875 0.1220703125
0 0.94140625 0.26171875 0.1171875 0.1328125
0 0.953125 0.2509765625 0.09375 0.1484375
0 0.96875 0.2421875 0.0625 0.1435546875
0 0.021484375 0.373046875 0.04296875 0.15234375
0 0.0693359375 0.345703125 0.123046875 0.1689453125
0 0.12890625 0.3173828125 0.1513671875 0.1689453125
0 0.201171875 0.302734375 0.1455078125 0.158203125
0 0.25390625 0.296875 0.138671875 0.1435546875
0 0.3232421875 0.28125 0.125 0.130859375
0 0.380859375 0.265625 0.125 0.1376953125
0 0.435546875 0.251953125 0.1279296875 0.1376953125
0 0.4921875 0.2451171875 0.1279296875 0.125
1 0.5390625 0.2294921875 0.1279296875 0.130859375
0 0.587890625 0.21875 0.125 0.125
0 0.6337890625 0.2119140625 0.1142578125 0.1171875
0 0.6806640625 0.2060546875 0.123046875 0.1279296875
0 0.7236328125 0.189453125 0.130859375 0.1357421875
0 0.765625 0.1806640625 0.125 0.1357421875
0 0.806640625 0.17578125 0.109375 0.111328125
0 0.8369140625 0.1640625 0.1171875 0.115234375
0 0.8759765625 0.1494140625 0.1201171875 0.123046875
0 0.904296875 0.158203125 0.1171875 0.109375
0 0.078125 0.1796875 0.056640625 0.134765625
0 0.1123046875 0.1669921875 0.1123046875 0.130859375
1 0.16015625 0.166015625 0.107421875 0.126953125
1 0.212890625 0.1435546875 0.111328125 0.125
0 0.2705078125 0.130859375 0.1064453125 0.123046875
0 0.318359375 0.12109375 0.109375 0.126953125
0 0.365234375 0.1181640625 0.109375 0.1201171875
0 0.4130859375 0.1103515625 0.1015625 0.111328125
0 0.462890625 0.107421875 0.095703125 0.103515625
0 0.5009765625 0.1025390625 0.0986328125 0.111328125
0 0.5400390625 0.087890625 0.1015625 0.111328125
1 0.580078125 0.0888671875 0.099609375 0.1064453125
0 0.623046875 0.0830078125 0.107421875 0.1123046875
0 0.654296875 0.068359375 0.1044921875 0.1064453125
0 0.6953125 0.07421875 0.0908203125 0.095703125
0 0.7265625 0.0732421875 0.087890625 0.078125
0 0.7705078125 0.080078125 0.099609375 0.0732421875
0 0.0927734375 0.1005859375 0.0419921875 0.1044921875
0 0.123046875 0.0869140625 0.0908203125 0.1142578125
0 0.1728515625 0.0859375 0.095703125 0.109375
0 0.232421875 0.0771484375 0.09375 0.1142578125
0 0.267578125 0.0654296875 0.087890625 0.09375
0 0.31640625 0.060546875 0.0888671875 0.0966796875
0 0.361328125 0.048828125 0.095703125 0.0966796875
0 0.4013671875 0.046875 0.083984375 0.0908203125
0 0.44140625 0.046875 0.0888671875 0.09375
0 0.4794921875 0.0380859375 0.0810546875 0.076171875
0 0.52734375 0.0390625 0.0888671875 0.078125
0 0.5615234375 0.0380859375 0.0859375 0.076171875
0 0.5966796875 0.0361328125 0.0810546875 0.068359375
0 0.6201171875 0.033203125 0.0810546875 0.0546875
0 0.662109375 0.037109375 0.0654296875 0.037109375
0 0.1240234375 0.021484375 0.048828125 0.0419921875
0 0.142578125 0.013671875 0.07421875 0.02734375
0 0.181640625 0.017578125 0.0859375 0.03515625
1 0.2294921875 0.0146484375 0.083984375 0.029296875
0 0.263671875 0.013671875 0.0859375 0.02734375
0 0.306640625 0.0107421875 0.078125 0.021484375
0 0.3525390625 0.009765625 0.076171875 0.01953125
1 0.3876953125 0.009765625 0.072265625 0.01953125
0 0.990234375 0.138671875 0.0185546875 0.0625
0 0.970703125 0.1240234375 0.0576171875 0.0546875
0 0.9423828125 0.115234375 0.0810546875 0.056640625
0 0.9091796875 0.09765625 0.0751953125 0.0390625
0 0.876953125 0.087890625 0.068359375 0.03125