0 0.11640625 0.9375 0.1765625 0.125
0 0.2578125 0.91484375 0.1875 0.1703125
0 0.41171875 0.90625 0.1765625 0.1875
0 0.546875 0.89453125 0.175 0.2109375
0 0.68125 0.88359375 0.190625 0.2203125
0 0.81953125 0.85 0.2078125 0.265625
0 0.915625 0.83125 0.16875 0.290625
0 0.9609375 0.8125 0.078125 0.3125
0 0.0609375 0.5171875 0.121875 0.20625
0 0.165625 0.515625 0.1375 0.2
0 0.2734375 0.50546875 0.15 0.2078125
0 0.35625 0.48828125 0.146875 0.1921875
0 0.4609375 0.4796875 0.153125 0.1875
0 0.55625 0.46171875 0.134375 0.1796875
0 0.6421875 0.44765625 0.125 0.1734375
0 0.71796875 0.43671875 0.1421875 0.1734375
1 0.80703125 0.434375 0.1359375 0.165625
0 0.86875 0.41953125 0.15625 0.1765625
0 0.94453125 0.40546875 0.1109375 0.1734375
0 0.0453125 0.32265625 0.090625 0.1703125
0 0.02578125 0.15234375 0.0515625 0.1171875
0 0.08125 0.14140625 0.075 0.1234375
0 0.15078125 0.146875 0.0796875 0.11875
0 0.2140625 0.1484375 0.075 0.125
0 0.27890625 0.14453125 0.0671875 0.1296875
0 0.346875 0.1421875 0.090625 0.11875
0 0.40625 0.1359375 0.0625 0.109375
0 0.4609375 0.1359375 0.071875 0.11875
0 0.5203125 0.13515625 0.071875 0.1109375
0 0.57734375 0.134375 0.0671875 0.10625
0 0.634375 0.1234375 0.075 0.1125
0 0.6921875 0.12421875 0.065625 0.1109375
0 0.74375 0.11796875 0.065625 0.1171875
0 0.790625 0.109375 0.0625 0.121875
0 0.840625 0.09765625 0.071875 0.1234375
0 0.125 0.31640625 0.1 0.1703125
0 0.2171875 0.3140625 0.09375 0.153125
0 0.30390625 0.31171875 0.0953125 0.1453125
0 0.3890625 0.31015625 0.09375 0.1453125
0 0.4578125 0.30078125 0.096875 0.1453125
0 0.5328125 0.2984375 0.10625 0.1375
0 0.60703125 0.28828125 0.1015625 0.1421875
0 0.67265625 0.28828125 0.0984375 0.1546875
0 0.7453125 0.27109375 0.121875 0.1578125
0 0.81640625 0.27265625 0.1015625 0.1546875
0 0.8765625 0.2625 0.096875 0.153125
0 0.9375 0.26015625 0.10625 0.1484375
0 0.9734375 0.253125 0.028125 0.140625
0 0.17890625 0.06171875 0.0828125 0.0796875
0 0.2359375 0.05625 0.06875 0.08125
0 0.29609375 0.04921875 0.0640625 0.0765625
0 0.3515625 0.05859375 0.071875 0.0703125
0 0.4046875 0.05625 0.06875 0.078125
0 0.45234375 0.0515625 0.0671875 0.08125
0 0.50625 0.053125 0.071875 0.084375
0 0.5625 0.05 0.0625 0.078125
0 0.61015625 0.04609375 0.0640625 0.0828125
0 0.6578125 0.04140625 0.08125 0.0828125
0 0.70703125 0.04453125 0.0609375 0.0859375
0 0.76015625 0.03984375 0.0703125 0.0796875
0 0.69140625 0.00703125 0.0546875 0.0140625
0 0.6390625 0.00703125 0.0625 0.0140625
0 0.5953125 0.00859375 0.0625 0.0171875
0 0.55546875 0.00703125 0.0578125 0.0140625
0 0.959375 0.071875 0.025 0.04375
0 0.9328125 0.05859375 0.075 0.0359375
0 0.9078125 0.0359375 0.078125 0.040625
0 0.88515625 0.01875 0.0796875 0.0375
0 0.8421875 0.00859375 0.065625 0.0171875