1 0.3453125 0.659375 0.153125 0.3125
1 0.88671875 0.68125 0.1484375 0.29375
1 0.94140625 0.67890625 0.1171875 0.3296875
0 0.7984375 0.67578125 0.14375 0.2890625
0 0.7046875 0.68125 0.134375 0.328125
0 0.62421875 0.6703125 0.1453125 0.325
0 0.528125 0.67578125 0.15625 0.3359375
0 0.43671875 0.66328125 0.1453125 0.3171875
0 0.246875 0.65625 0.165625 0.35
0 0.13828125 0.66328125 0.1703125 0.3515625
0 0.0640625 0.64296875 0.128125 0.3484375
0 0.01015625 0.63984375 0.0203125 0.3078125
0 0.04453125 0.3828125 0.0890625 0.246875
0 0.115625 0.3765625 0.15 0.259375
0 0.20546875 0.371875 0.1671875 0.275
0 0.296875 0.3828125 0.14375 0.240625
0 0.38671875 0.38984375 0.1421875 0.2734375
0 0.4796875 0.38046875 0.13125 0.2546875
0 0.56171875 0.3984375 0.1265625 0.246875
0 0.64296875 0.4015625 0.1328125 0.246875
0 0.72421875 0.4078125 0.1328125 0.25
0 0.81171875 0.42265625 0.1328125 0.2484375
0 0.8921875 0.42265625 0.146875 0.2640625
0 0.953125 0.425 0.09375 0.25
0 0.99375 0.41953125 0.0125 0.1828125