0 0.7490234375 0.791015625 0.142578125 0.2734375
0 0.634765625 0.78515625 0.150390625 0.251953125
0 0.529296875 0.7783203125 0.1591796875 0.275390625
0 0.42578125 0.7900390625 0.1640625 0.267578125
0 0.3212890625 0.806640625 0.1796875 0.2705078125
0 0.232421875 0.7978515625 0.1611328125 0.248046875
0 0.1455078125 0.814453125 0.1748046875 0.265625
0 0.08984375 0.7802734375 0.1328125 0.251953125
0 0.6865234375 0.408203125 0.1171875 0.177734375
0 0.615234375 0.412109375 0.1064453125 0.171875
0 0.548828125 0.423828125 0.109375 0.1845703125
0 0.47265625 0.4423828125 0.1142578125 0.1689453125
0 0.40234375 0.45703125 0.111328125 0.169921875
0 0.33984375 0.466796875 0.111328125 0.1669921875
0 0.2802734375 0.470703125 0.1015625 0.1640625
0 0.216796875 0.4775390625 0.109375 0.169921875
1 0.158203125 0.4873046875 0.1044921875 0.166015625
0 0.103515625 0.486328125 0.123046875 0.177734375
0 0.052734375 0.48828125 0.10546875 0.1640625
0 0.6650390625 0.26953125 0.0859375 0.123046875
0 0.59375 0.2685546875 0.0908203125 0.125
0 0.5302734375 0.2783203125 0.076171875 0.119140625
0 0.4853515625 0.294921875 0.0859375 0.126953125
0 0.431640625 0.30859375 0.0830078125 0.126953125
0 0.380859375 0.322265625 0.0908203125 0.119140625
0 0.322265625 0.333984375 0.0908203125 0.1220703125
0 0.2744140625 0.341796875 0.0986328125 0.1220703125
0 0.224609375 0.3505859375 0.078125 0.1142578125
0 0.177734375 0.349609375 0.09375 0.125
0 0.130859375 0.3583984375 0.111328125 0.1328125
0 0.087890625 0.361328125 0.0859375 0.1201171875
0 0.0419921875 0.3681640625 0.083984375 0.126953125
0 0.0185546875 0.384765625 0.037109375 0.1298828125
0 0.65234375 0.126953125 0.0732421875 0.103515625
0 0.6025390625 0.1416015625 0.0673828125 0.091796875
0 0.5537109375 0.150390625 0.0703125 0.099609375
0 0.509765625 0.1572265625 0.078125 0.095703125
0 0.46484375 0.173828125 0.0703125 0.0830078125
0 0.4228515625 0.185546875 0.0732421875 0.0986328125
0 0.3779296875 0.1904296875 0.0751953125 0.103515625
0 0.3369140625 0.208984375 0.060546875 0.0732421875
0 0.298828125 0.2177734375 0.060546875 0.0830078125
0 0.255859375 0.228515625 0.0751953125 0.09375
0 0.2177734375 0.234375 0.060546875 0.068359375
0 0.17578125 0.2412109375 0.060546875 0.0830078125
0 0.1357421875 0.251953125 0.0595703125 0.0732421875
0 0.107421875 0.2568359375 0.0517578125 0.0703125
0 0.0703125 0.259765625 0.056640625 0.0703125
0 0.525390625 0.099609375 0.0625 0.0810546875
0 0.478515625 0.103515625 0.0595703125 0.0810546875
0 0.439453125 0.1201171875 0.072265625 0.09375
0 0.3994140625 0.12109375 0.0703125 0.0859375
0 0.3603515625 0.134765625 0.060546875 0.076171875
0 0.330078125 0.146484375 0.0625 0.0810546875
0 0.2890625 0.154296875 0.0625 0.078125
0 0.2548828125 0.169921875 0.0595703125 0.068359375
0 0.2236328125 0.171875 0.0625 0.0810546875
0 0.18359375 0.1826171875 0.076171875 0.083984375
0 0.150390625 0.18359375 0.060546875 0.076171875
0 0.107421875 0.1943359375 0.072265625 0.076171875
1 0.76953125 0.025390625 0.0830078125 0.0498046875
1 0.80859375 0.021484375 0.08203125 0.04296875
0 0.8447265625 0.021484375 0.083984375 0.04296875
0 0.884765625 0.029296875 0.0732421875 0.0576171875
0 0.7421875 0.0224609375 0.0908203125 0.044921875
0 0.701171875 0.017578125 0.0673828125 0.0341796875
0 0.654296875 0.0224609375 0.072265625 0.044921875
0 0.6171875 0.0263671875 0.078125 0.052734375
0 0.583984375 0.0283203125 0.064453125 0.056640625
0 0.5234375 0.037109375 0.0625 0.07421875
0 0.486328125 0.0341796875 0.048828125 0.068359375
0 0.4580078125 0.046875 0.0595703125 0.072265625
0 0.427734375 0.048828125 0.0546875 0.072265625
0 0.388671875 0.0625 0.0546875 0.0751953125
0 0.359375 0.076171875 0.0625 0.0810546875
0 0.3330078125 0.080078125 0.0654296875 0.080078125
0 0.296875 0.087890625 0.0498046875 0.0625
0 0.2705078125 0.095703125 0.0625 0.0703125
0 0.2451171875 0.107421875 0.0625 0.0751953125
0 0.212890625 0.1083984375 0.052734375 0.064453125
0 0.1826171875 0.115234375 0.056640625 0.0732421875
0 0.150390625 0.1298828125 0.0576171875 0.068359375