0 0.9365234375 0.7666015625 0.0576171875 0.158203125
0 0.87109375 0.7705078125 0.0986328125 0.166015625
0 0.79296875 0.7763671875 0.0830078125 0.15625
0 0.7275390625 0.7783203125 0.076171875 0.150390625
0 0.6640625 0.791015625 0.0751953125 0.1611328125
0 0.6044921875 0.7900390625 0.0751953125 0.169921875
0 0.5439453125 0.798828125 0.078125 0.173828125
0 0.4765625 0.8017578125 0.0751953125 0.1533203125
0 0.4072265625 0.7998046875 0.0673828125 0.1689453125
0 0.3515625 0.8125 0.0654296875 0.1533203125
0 0.2880859375 0.8115234375 0.0703125 0.1669921875
0 0.2294921875 0.80859375 0.0654296875 0.158203125
0 0.17578125 0.806640625 0.060546875 0.140625
0 0.1171875 0.8095703125 0.0625 0.1533203125
0 0.0634765625 0.802734375 0.0673828125 0.1435546875
0 0.0234375 0.810546875 0.0185546875 0.1376953125
0 0.0537109375 0.537109375 0.0419921875 0.1328125
1 0.013671875 0.5400390625 0.02734375 0.123046875
1 0.0224609375 0.431640625 0.0390625 0.109375
0 0.07421875 0.41796875 0.0546875 0.1142578125
0 0.1015625 0.529296875 0.046875 0.1201171875
0 0.1162109375 0.4140625 0.0576171875 0.1123046875
0 0.162109375 0.4091796875 0.056640625 0.109375
0 0.1455078125 0.5302734375 0.046875 0.1328125
0 0.19921875 0.521484375 0.0517578125 0.1142578125
0 0.2099609375 0.4033203125 0.0576171875 0.109375
0 0.2626953125 0.4052734375 0.056640625 0.095703125
0 0.2548828125 0.509765625 0.0625 0.1201171875
0 0.310546875 0.513671875 0.046875 0.1220703125
0 0.3212890625 0.4013671875 0.048828125 0.109375
0 0.3720703125 0.388671875 0.052734375 0.1015625
0 0.361328125 0.513671875 0.046875 0.130859375
0 0.4150390625 0.51171875 0.0546875 0.123046875
0 0.4228515625 0.3935546875 0.0546875 0.109375
0 0.4765625 0.3876953125 0.056640625 0.1123046875
0 0.4765625 0.51171875 0.0625 0.1171875
0 0.533203125 0.5 0.064453125 0.115234375
0 0.5263671875 0.3857421875 0.0625 0.1123046875
0 0.583984375 0.380859375 0.0546875 0.1201171875
0 0.58984375 0.5009765625 0.064453125 0.1201171875
0 0.646484375 0.4873046875 0.056640625 0.1123046875
0 0.6328125 0.3740234375 0.0625 0.1201171875
0 0.693359375 0.369140625 0.0576171875 0.1171875
0 0.705078125 0.4892578125 0.0673828125 0.1220703125
0 0.759765625 0.48828125 0.0517578125 0.1142578125
0 0.748046875 0.369140625 0.048828125 0.1015625
0 0.71484375 0.16015625 0.0517578125 0.0888671875
0 0.716796875 0.07421875 0.0498046875 0.0830078125
0 0.662109375 0.0791015625 0.0517578125 0.0830078125
0 0.666015625 0.16796875 0.0517578125 0.0859375
0 0.615234375 0.0791015625 0.052734375 0.0888671875
0 0.62109375 0.1708984375 0.0546875 0.1015625
0 0.572265625 0.1689453125 0.0517578125 0.103515625
0 0.568359375 0.083984375 0.046875 0.0888671875
0 0.517578125 0.0888671875 0.056640625 0.0751953125
0 0.525390625 0.1787109375 0.0625 0.091796875
0 0.4736328125 0.1875 0.052734375 0.103515625
0 0.4736328125 0.0849609375 0.041015625 0.0830078125
0 0.427734375 0.099609375 0.0517578125 0.0888671875
0 0.423828125 0.1923828125 0.052734375 0.103515625
0 0.3818359375 0.103515625 0.044921875 0.09375
0 0.3779296875 0.201171875 0.046875 0.0888671875
0 0.3369140625 0.203125 0.0517578125 0.0966796875
1 0.337890625 0.1123046875 0.0439453125 0.078125
0 0.287109375 0.205078125 0.0625 0.1123046875
0 0.298828125 0.111328125 0.041015625 0.087890625
1 0.2490234375 0.126953125 0.0419921875 0.0732421875
0 0.1962890625 0.2119140625 0.0517578125 0.0859375
0 0.2109375 0.1318359375 0.0439453125 0.080078125
0 0.1669921875 0.130859375 0.0439453125 0.072265625
0 0.15234375 0.2236328125 0.048828125 0.099609375
0 0.1103515625 0.21484375 0.0517578125 0.1015625
0 0.0625 0.224609375 0.0595703125 0.1201171875
0 0.021484375 0.224609375 0.0419921875 0.1044921875
1 0.125 0.1318359375 0.0625 0.0859375