0 0.97890625 0.41953125 0.0421875 0.0734375
0 0.9703125 0.45390625 0.059375 0.0546875
0 0.95703125 0.5015625 0.0828125 0.05625
1 0.9640625 0.47734375 0.071875 0.0578125
1 0.778125 0.8 0.08125 0.06875
1 0.78984375 0.7734375 0.0984375 0.078125
1 0.803125 0.74375 0.1 0.065625
1 0.8234375 0.72265625 0.0875 0.0640625
1 0.7359375 0.86796875 0.103125 0.0859375
1 0.84375 0.690625 0.090625 0.06875
1 0.86328125 0.6640625 0.0828125 0.05625
1 0.88046875 0.6328125 0.0890625 0.065625
1 0.89765625 0.6078125 0.0828125 0.0625
1 0.9140625 0.58203125 0.078125 0.0578125
1 0.925 0.55859375 0.0875 0.0640625
1 0.94140625 0.52890625 0.0890625 0.0546875
0 0.75859375 0.825 0.1015625 0.06875
0 0.803125 0.9140625 0.09375 0.1
0 0.8296875 0.878125 0.09375 0.059375
0 0.8421875 0.84296875 0.078125 0.0515625
0 0.85859375 0.8109375 0.0828125 0.0625
0 0.87734375 0.7859375 0.0890625 0.065625
0 0.896875 0.75234375 0.0875 0.0640625
0 0.91171875 0.7265625 0.0921875 0.065625
0 0.92734375 0.6984375 0.0890625 0.071875
0 0.93828125 0.66328125 0.0828125 0.0609375
0 0.95390625 0.63671875 0.0671875 0.0640625
0 0.7375 0.9875 0.096875 0.025
0 0.96328125 0.61015625 0.0578125 0.0578125
0 0.97421875 0.58125 0.0515625 0.059375
0 0.9828125 0.546875 0.034375 0.05625
0 0.9890625 0.5234375 0.021875 0.05
0 0.99765625 0.49609375 0.0046875 0.0484375
0 0.7546875 0.54140625 0.06875 0.0578125
0 0.77734375 0.51796875 0.0765625 0.0640625
0 0.796875 0.49609375 0.075 0.0671875
0 0.8109375 0.47578125 0.075 0.0671875
1 0.82421875 0.45 0.0796875 0.06875
0 0.840625 0.4265625 0.071875 0.059375
0 0.85859375 0.39921875 0.0765625 0.0578125
0 0.8765625 0.378125 0.071875 0.05625
0 0.80078125 0.365625 0.0765625 0.06875
1 0.7796875 0.39609375 0.0875 0.0578125
1 0.76875 0.4125 0.090625 0.05625
1 0.734375 0.46015625 0.0875 0.0484375
1 0.7 0.50859375 0.0875 0.0515625
1 0.6 0.7828125 0.08125 0.06875
1 0.61796875 0.74765625 0.0953125 0.0734375
1 0.64375 0.71796875 0.084375 0.0703125
1 0.6671875 0.69453125 0.084375 0.0703125
1 0.68359375 0.659375 0.0953125 0.090625
1 0.70625 0.62890625 0.090625 0.0796875
1 0.725 0.6046875 0.1 0.084375
1 0.7390625 0.5828125 0.1 0.078125
1 0.575 0.6734375 0.096875 0.090625
0 0.53359375 0.73125 0.1046875 0.09375
0 0.75234375 0.4390625 0.0796875 0.05625
0 0.71015625 0.48203125 0.0953125 0.0734375
0 0.68359375 0.525 0.0953125 0.078125
0 0.6671875 0.5578125 0.1 0.071875
0 0.646875 0.57890625 0.09375 0.0796875
0 0.62734375 0.6046875 0.0890625 0.071875
0 0.6046875 0.6359375 0.096875 0.08125
0 0.53046875 0.8796875 0.0984375 0.084375
0 0.4796875 0.94921875 0.096875 0.0734375
1 0.5078125 0.92109375 0.103125 0.0859375
1 0.665625 0.96640625 0.10625 0.0671875
1 0.6453125 0.984375 0.103125 0.03125
1 0.45859375 0.9734375 0.1015625 0.053125
1 0.440625 0.98671875 0.090625 0.0265625
1 0.334375 0.73984375 0.090625 0.0828125
1 0.30234375 0.77734375 0.0984375 0.0890625
0 0.45859375 0.82421875 0.0984375 0.0890625
0 0.44921875 0.8578125 0.0984375 0.078125
0 0.41328125 0.88671875 0.1015625 0.0828125
0 0.38828125 0.928125 0.1046875 0.0875
0 0.3625 0.94921875 0.1125 0.0828125
0 0.34375 0.96328125 0.10625 0.0484375
0 0.28515625 0.79609375 0.0921875 0.0828125
0 0.259375 0.83359375 0.09375 0.0859375
0 0.20234375 0.9 0.0953125 0.084375
1 0.22578125 0.87265625 0.1015625 0.0890625
1 0.178125 0.91484375 0.078125 0.0390625
1 0.10625 0.8703125 0.1 0.078125
0 0.0859375 0.8765625 0.1 0.05625
0 0.27265625 0.67578125 0.0953125 0.0734375
0 0.2390625 0.71953125 0.09375 0.0859375
0 0.19296875 0.7765625 0.0953125 0.090625
1 0.21328125 0.74921875 0.1015625 0.0890625
0 0.16015625 0.8078125 0.0953125 0.084375
0 0.134375 0.84453125 0.103125 0.0953125
0 0.40859375 0.6421875 0.0890625 0.084375
0 0.434375 0.6140625 0.1 0.071875
0 0.65078125 0.3359375 0.0765625 0.06875
0 0.63203125 0.3625 0.0890625 0.071875
0 0.6171875 0.38515625 0.084375 0.0703125
0 0.59609375 0.4125 0.0890625 0.084375
1 0.578125 0.43671875 0.084375 0.0765625
1 0.5609375 0.459375 0.0875 0.08125
1 0.5375 0.48125 0.090625 0.075
0 0.51796875 0.50703125 0.0921875 0.0859375
0 0.496875 0.5328125 0.0875 0.08125
1 0.47890625 0.565625 0.0890625 0.075
1 0.45703125 0.596875 0.1015625 0.075
0 0.3453125 0.59921875 0.09375 0.0796875
0 0.36953125 0.565625 0.0859375 0.075
0 0.3921875 0.5390625 0.08125 0.075
0 0.421875 0.515625 0.090625 0.075
0 0.4421875 0.4875 0.090625 0.075
1 0.45703125 0.4671875 0.0796875 0.06875
0 0.48046875 0.440625 0.0890625 0.071875
1 0.49765625 0.42265625 0.0828125 0.0671875
1 0.515625 0.39765625 0.084375 0.0703125
0 0.5359375 0.37421875 0.08125 0.0734375
0 0.5546875 0.35078125 0.084375 0.0703125
0 0.57734375 0.3125 0.0859375 0.075
1 0.5875 0.3078125 0.0875 0.06875
1 0.0234375 0.7625 0.046875 0.075
1 0.04296875 0.72421875 0.0859375 0.0828125
0 0.015625 0.78515625 0.03125 0.0796875
0 0.01484375 0.66953125 0.0296875 0.0765625
1 0.025 0.6453125 0.05 0.078125
0 0.040625 0.6125 0.08125 0.078125
0 0.06171875 0.69453125 0.0953125 0.0734375
0 0.09296875 0.6625 0.0890625 0.071875
0 0.12109375 0.6328125 0.0859375 0.071875
0 0.06484375 0.5796875 0.0859375 0.071875
0 0.09140625 0.55625 0.0890625 0.075
1 0.1484375 0.6046875 0.096875 0.08125
1 0.22890625 0.52421875 0.0953125 0.0734375
1 0.25546875 0.4953125 0.0921875 0.065625
1 0.27734375 0.475 0.0890625 0.075
1 0.1953125 0.4546875 0.08125 0.06875
0 0.171875 0.48125 0.096875 0.08125
0 0.30078125 0.44375 0.0890625 0.065625
1 0.215625 0.4390625 0.08125 0.075
1 0.2421875 0.4109375 0.08125 0.075
1 0.26015625 0.38984375 0.0921875 0.0703125
1 0.284375 0.3609375 0.08125 0.075
1 0.32109375 0.41953125 0.0921875 0.0703125
1 0.3390625 0.4 0.1 0.075
1 0.36640625 0.38125 0.0921875 0.071875
0 0.31171875 0.3375 0.0859375 0.075
0 0.33515625 0.31875 0.0796875 0.06875
0 0.38515625 0.3484375 0.0796875 0.06875
0 0.41015625 0.325 0.0796875 0.06875
1 0.35 0.29296875 0.0875 0.0640625
0 0.37109375 0.271875 0.0765625 0.0625
0 0.39296875 0.253125 0.0734375 0.059375
0 0.4140625 0.23046875 0.06875 0.0546875
1 0.4296875 0.30625 0.08125 0.059375
0 0.44609375 0.28203125 0.0859375 0.0609375
0 0.4671875 0.2546875 0.071875 0.065625
0 0.015625 0.4859375 0.03125 0.059375