0 0.033203125 0.7958984375 0.0517578125 0.1953125
0 0.0546875 0.75 0.0966796875 0.171875
0 0.0908203125 0.697265625 0.15625 0.1923828125
0 0.146484375 0.6513671875 0.138671875 0.181640625
0 0.1884765625 0.607421875 0.1455078125 0.2001953125
0 0.2548828125 0.568359375 0.146484375 0.189453125
0 0.302734375 0.5341796875 0.1455078125 0.1845703125
0 0.361328125 0.474609375 0.142578125 0.1611328125
0 0.4208984375 0.423828125 0.1328125 0.146484375
0 0.474609375 0.3671875 0.126953125 0.150390625
0 0.5244140625 0.3134765625 0.1298828125 0.1669921875
0 0.576171875 0.2724609375 0.142578125 0.158203125
0 0.6298828125 0.2255859375 0.134765625 0.1513671875
0 0.68359375 0.18359375 0.126953125 0.142578125
1 0.716796875 0.154296875 0.125 0.1640625
1 0.0537109375 0.9365234375 0.080078125 0.095703125
0 0.0791015625 0.9208984375 0.111328125 0.1357421875
0 0.134765625 0.8857421875 0.1171875 0.15625
0 0.19140625 0.8310546875 0.1142578125 0.1591796875
0 0.765625 0.10546875 0.1220703125 0.1767578125
0 0.8193359375 0.068359375 0.134765625 0.13671875
0 0.857421875 0.048828125 0.119140625 0.0966796875
0 0.9306640625 0.0302734375 0.107421875 0.060546875
0 0.9443359375 0.146484375 0.095703125 0.185546875
0 0.912109375 0.185546875 0.119140625 0.1796875
0 0.8603515625 0.2255859375 0.111328125 0.1953125
0 0.8154296875 0.26953125 0.115234375 0.201171875
0 0.7666015625 0.3115234375 0.1328125 0.1796875
0 0.712890625 0.353515625 0.130859375 0.173828125
0 0.6591796875 0.400390625 0.1220703125 0.1513671875
0 0.6064453125 0.4443359375 0.125 0.173828125
0 0.5625 0.494140625 0.115234375 0.1533203125
0 0.5068359375 0.533203125 0.1328125 0.185546875
0 0.4443359375 0.580078125 0.1298828125 0.173828125
1 0.4013671875 0.6337890625 0.1123046875 0.1796875
1 0.3466796875 0.69140625 0.115234375 0.1669921875
1 0.30078125 0.7333984375 0.1298828125 0.1669921875
1 0.248046875 0.7880859375 0.1279296875 0.154296875
1 0.404296875 0.9638671875 0.130859375 0.072265625
0 0.4599609375 0.9345703125 0.123046875 0.130859375
1 0.5146484375 0.90234375 0.1298828125 0.169921875
0 0.5791015625 0.8525390625 0.1513671875 0.1611328125
0 0.6318359375 0.7998046875 0.1201171875 0.1689453125
0 0.67578125 0.7392578125 0.1171875 0.166015625
0 0.7265625 0.6884765625 0.1220703125 0.1513671875
0 0.78515625 0.6435546875 0.1171875 0.1845703125
1 0.837890625 0.6171875 0.1171875 0.1845703125
0 0.8857421875 0.5693359375 0.125 0.1640625
1 0.9365234375 0.53125 0.1201171875 0.1748046875
0 0.7490234375 0.9033203125 0.158203125 0.181640625
0 0.6162109375 0.9619140625 0.1484375 0.0732421875
0 0.8828125 0.775390625 0.15625 0.181640625
0 0.03125 0.26171875 0.0625 0.1640625
0 0.056640625 0.228515625 0.1123046875 0.158203125
0 0.107421875 0.1728515625 0.1064453125 0.1669921875
0 0.1494140625 0.1357421875 0.1142578125 0.1435546875
0 0.1982421875 0.07421875 0.103515625 0.1298828125
0 0.240234375 0.072265625 0.1064453125 0.1279296875
0 0.3056640625 0.044921875 0.1015625 0.080078125
0 0.3662109375 0.0302734375 0.1171875 0.0546875