0 0.27421875 0.96015625 0.1484375 0.0546875
0 0.41171875 0.94375 0.1796875 0.1125
0 0.5046875 0.9078125 0.1875 0.184375
0 0.59453125 0.86953125 0.1828125 0.1859375
0 0.6859375 0.82734375 0.18125 0.1984375
1 0.76015625 0.7796875 0.1734375 0.190625
0 0.83125 0.74609375 0.1875 0.1640625
0 0.8984375 0.70625 0.18125 0.1625
0 0.9328125 0.6640625 0.11875 0.146875
0 0.01015625 0.69375 0.0203125 0.165625
0 0.053125 0.64609375 0.10625 0.1421875
0 0.1390625 0.61796875 0.121875 0.1484375
1 0.2296875 0.59296875 0.128125 0.1484375
0 0.30625 0.57421875 0.128125 0.1546875
1 0.38203125 0.54375 0.1234375 0.140625
0 0.4609375 0.51953125 0.11875 0.1484375
0 0.5234375 0.4953125 0.121875 0.13125
1 0.584375 0.47890625 0.103125 0.1234375
1 0.6375 0.4609375 0.109375 0.115625
0 0.690625 0.4296875 0.115625 0.125
0 0.74453125 0.4046875 0.1046875 0.13125
0 0.79921875 0.3921875 0.1109375 0.125
0 0.84375 0.36875 0.1 0.109375
0 0.89375 0.353125 0.1125 0.128125
0 0.0296875 0.51484375 0.059375 0.1515625
0 0.0953125 0.48046875 0.1125 0.1421875
0 0.16953125 0.465625 0.0953125 0.11875
0 0.2453125 0.446875 0.10625 0.125
1 0.30625 0.440625 0.1 0.10625
1 0.38125 0.42109375 0.109375 0.1140625
1 0.4375 0.4015625 0.1 0.1125
0 0.49140625 0.390625 0.1078125 0.1125
0 0.55390625 0.371875 0.1015625 0.10625
1 0.59921875 0.359375 0.1015625 0.125
1 0.6453125 0.3296875 0.109375 0.115625
1 0.69453125 0.3109375 0.1171875 0.121875
1 0.72890625 0.30546875 0.1015625 0.0953125
1 0.7671875 0.296875 0.103125 0.10625
0 0.46796875 0.23359375 0.0859375 0.1015625
0 0.52421875 0.22265625 0.0859375 0.1015625
1 0.56484375 0.22890625 0.0859375 0.0984375
1 0.6203125 0.21328125 0.09375 0.0953125
0 0.6578125 0.18828125 0.09375 0.0859375
0 0.70625 0.17265625 0.090625 0.0796875