0 0.1533203125 0.9228515625 0.146484375 0.154296875
1 0.2587890625 0.89453125 0.1455078125 0.2109375
1 0.34765625 0.8681640625 0.1640625 0.263671875
0 0.4423828125 0.8134765625 0.1591796875 0.345703125
0 0.52734375 0.798828125 0.189453125 0.3515625
0 0.6142578125 0.7490234375 0.21875 0.3544921875
0 0.6904296875 0.697265625 0.166015625 0.326171875
0 0.7734375 0.6826171875 0.171875 0.400390625
1 0.849609375 0.6416015625 0.1796875 0.357421875
0 0.90234375 0.58203125 0.169921875 0.310546875
0 0.9384765625 0.5322265625 0.123046875 0.2919921875
1 0.9765625 0.501953125 0.046875 0.2783203125