0 0.75390625 0.9296875 0.3017578125 0.140625
0 0.513671875 0.8759765625 0.3017578125 0.248046875
0 0.2861328125 0.8466796875 0.291015625 0.2939453125
0 0.1044921875 0.787109375 0.208984375 0.2939453125
0 0.7900390625 0.6337890625 0.216796875 0.205078125
0 0.9296875 0.666015625 0.1279296875 0.1591796875
0 0.5927734375 0.5751953125 0.216796875 0.181640625
0 0.388671875 0.5244140625 0.2470703125 0.1982421875
0 0.201171875 0.4677734375 0.2470703125 0.1826171875
0 0.0576171875 0.423828125 0.115234375 0.1513671875
0 0.0986328125 0.3125 0.166015625 0.1435546875
1 0.263671875 0.3544921875 0.205078125 0.1591796875
1 0.427734375 0.4208984375 0.216796875 0.1640625
1 0.609375 0.458984375 0.2060546875 0.1669921875
1 0.802734375 0.509765625 0.1923828125 0.1640625
1 0.9453125 0.55078125 0.109375 0.126953125
1 0.9453125 0.33203125 0.109375 0.1298828125
1 0.82421875 0.291015625 0.1669921875 0.1357421875
1 0.671875 0.232421875 0.166015625 0.1201171875
1 0.5126953125 0.18359375 0.1748046875 0.1142578125
1 0.3583984375 0.134765625 0.173828125 0.1171875
1 0.1875 0.083984375 0.1748046875 0.1142578125
1 0.2333984375 0.03515625 0.158203125 0.0703125
1 0.3876953125 0.060546875 0.1533203125 0.109375
1 0.544921875 0.111328125 0.1533203125 0.0986328125
1 0.693359375 0.1513671875 0.1591796875 0.1123046875
1 0.83203125 0.197265625 0.1669921875 0.130859375
1 0.9462890625 0.244140625 0.107421875 0.123046875