1 0.8765625 0.728125 0.2 0.196875
0 0.69296875 0.603125 0.1796875 0.2375
0 0.88828125 0.55078125 0.2140625 0.1609375
1 0.715625 0.4375 0.184375 0.11875
1 0.5671875 0.446875 0.146875 0.1875
1 0.6015625 0.32421875 0.165625 0.1015625
0 0.4609375 0.3390625 0.153125 0.203125
1 0.490625 0.221875 0.15625 0.090625
1 0.3578125 0.2421875 0.1375 0.146875
1 0.415625 0.15859375 0.15625 0.0796875
0 0.27421875 0.17265625 0.1203125 0.1390625
1 0.32109375 0.08828125 0.1203125 0.0546875
0 0.06953125 0.55859375 0.1390625 0.2203125
1 0.0421875 0.7859375 0.084375 0.23125
1 0.21484375 0.1203125 0.0984375 0.1375
1 0.16875 0.05859375 0.090625 0.1015625
1 0.23046875 0.0171875 0.1078125 0.034375
1 0.27578125 0.04921875 0.1234375 0.0671875
1 0.6875 0.18515625 0.109375 0.1390625
1 0.7640625 0.2484375 0.10625 0.140625
0 0.8703125 0.32109375 0.140625 0.1578125
1 0.95546875 0.40703125 0.0890625 0.1453125
1 0.99140625 0.38828125 0.0171875 0.0828125
1 0.9546875 0.309375 0.0875 0.071875
1 0.85234375 0.22265625 0.1046875 0.0859375
1 0.7671875 0.1625 0.096875 0.075
1 0.6953125 0.103125 0.1 0.059375
0 0.61015625 0.09453125 0.0859375 0.1140625
1 0.534375 0.06953125 0.075 0.0859375
1 0.54375 0.021875 0.08125 0.04375
1 0.46953125 0.03515625 0.0703125 0.0703125
1 0.4890625 0.003125 0.078125 0.00625
1 0.409375 0.009375 0.065625 0.01875
1 0.98984375 0.23046875 0.0203125 0.1015625
0 0.94375 0.165625 0.090625 0.103125
1 0.871875 0.128125 0.071875 0.096875
0 0.80390625 0.08046875 0.0671875 0.0703125
1 0.7421875 0.05625 0.0625 0.046875
1 0.68359375 0.03671875 0.0609375 0.0296875
1 0.915625 0.07734375 0.065625 0.0234375
0 0.13203125 0.028125 0.1046875 0.05625