0 0.140625 0.9013671875 0.099609375 0.134765625
1 0.21484375 0.904296875 0.1142578125 0.146484375
0 0.275390625 0.8994140625 0.107421875 0.1669921875
0 0.341796875 0.908203125 0.099609375 0.1640625
0 0.3876953125 0.6630859375 0.083984375 0.1328125
0 0.498046875 0.6591796875 0.0810546875 0.1376953125
0 0.0966796875 0.677734375 0.099609375 0.130859375
0 0.4736328125 0.5703125 0.0966796875 0.115234375
1 0.7314453125 0.884765625 0.115234375 0.1767578125
1 0.662109375 0.892578125 0.1142578125 0.1689453125
1 0.595703125 0.892578125 0.123046875 0.177734375
1 0.53515625 0.896484375 0.1171875 0.1796875
1 0.470703125 0.900390625 0.111328125 0.1953125
1 0.400390625 0.9072265625 0.1123046875 0.1796875
1 0.158203125 0.6865234375 0.1015625 0.126953125
1 0.216796875 0.669921875 0.0830078125 0.125
1 0.2724609375 0.671875 0.0830078125 0.1279296875
1 0.326171875 0.6689453125 0.087890625 0.1279296875
1 0.4404296875 0.6728515625 0.083984375 0.1357421875
1 0.552734375 0.6611328125 0.0859375 0.119140625
1 0.662109375 0.5673828125 0.0830078125 0.0966796875
1 0.572265625 0.5703125 0.0810546875 0.099609375
1 0.5205078125 0.5751953125 0.09375 0.1064453125
1 0.4189453125 0.576171875 0.0751953125 0.095703125
1 0.380859375 0.568359375 0.083984375 0.091796875
1 0.3203125 0.5751953125 0.0810546875 0.0908203125
1 0.2705078125 0.5791015625 0.0654296875 0.080078125
1 0.216796875 0.5859375 0.0810546875 0.087890625
1 0.15625 0.583984375 0.083984375 0.076171875