1 0.814453125 0.576171875 0.203125 0.193359375
0 0.7763671875 0.748046875 0.197265625 0.2373046875
0 0.57421875 0.6669921875 0.1513671875 0.2216796875
0 0.6669921875 0.525390625 0.1748046875 0.173828125
0 0.5224609375 0.44921875 0.189453125 0.1455078125
0 0.4140625 0.6025390625 0.203125 0.1982421875
0 0.279296875 0.529296875 0.150390625 0.154296875
0 0.3837890625 0.40625 0.1455078125 0.140625
0 0.2861328125 0.3642578125 0.1533203125 0.146484375
0 0.1728515625 0.5009765625 0.169921875 0.1826171875
0 0.0634765625 0.458984375 0.126953125 0.166015625
0 0.18359375 0.3583984375 0.126953125 0.123046875
0 0.0791015625 0.3056640625 0.1455078125 0.111328125
0 0.0458984375 0.2783203125 0.091796875 0.140625
0 0.880859375 0.3603515625 0.138671875 0.1357421875
0 0.7412109375 0.3203125 0.142578125 0.1279296875
0 0.634765625 0.2666015625 0.1171875 0.1171875
0 0.537109375 0.248046875 0.1171875 0.109375
0 0.4423828125 0.216796875 0.1279296875 0.103515625
0 0.361328125 0.1943359375 0.109375 0.0986328125
0 0.279296875 0.173828125 0.130859375 0.111328125
0 0.1953125 0.1533203125 0.119140625 0.099609375
0 0.119140625 0.140625 0.1357421875 0.109375
0 0.046875 0.123046875 0.09375 0.1142578125
0 0.01953125 0.09375 0.0390625 0.087890625
0 0.91796875 0.283203125 0.123046875 0.0986328125
0 0.798828125 0.232421875 0.142578125 0.103515625
0 0.6748046875 0.2001953125 0.130859375 0.103515625
0 0.583984375 0.1748046875 0.1015625 0.0966796875
0 0.4931640625 0.154296875 0.1044921875 0.111328125
0 0.416015625 0.12890625 0.115234375 0.107421875
0 0.33984375 0.099609375 0.1328125 0.0966796875
0 0.2265625 0.08203125 0.099609375 0.0986328125
0 0.15234375 0.05859375 0.111328125 0.095703125
0 0.943359375 0.1708984375 0.09375 0.095703125
0 0.9560546875 0.107421875 0.0654296875 0.078125
0 0.8818359375 0.080078125 0.091796875 0.095703125
0 0.8369140625 0.126953125 0.1015625 0.0966796875
0 0.802734375 0.060546875 0.0810546875 0.0859375
0 0.73828125 0.109375 0.1015625 0.0966796875
0 0.6728515625 0.087890625 0.1142578125 0.107421875
0 0.5859375 0.076171875 0.103515625 0.107421875
0 0.5146484375 0.052734375 0.095703125 0.1044921875
0 0.4580078125 0.041015625 0.095703125 0.08203125
0 0.396484375 0.03515625 0.087890625 0.064453125
0 0.3330078125 0.03125 0.0966796875 0.052734375
0 0.263671875 0.02734375 0.099609375 0.0419921875
0 0.2138671875 0.017578125 0.087890625 0.0185546875
0 0.1552734375 0.017578125 0.0830078125 0.0126953125
1 0.7353515625 0.060546875 0.0732421875 0.076171875
0 0.6416015625 0.0361328125 0.0732421875 0.072265625
0 0.5693359375 0.0302734375 0.060546875 0.060546875
0 0.521484375 0.01953125 0.072265625 0.0390625
1 0.455078125 0.013671875 0.064453125 0.0234375
0 0.9599609375 0.0498046875 0.0517578125 0.072265625
0 0.896484375 0.0302734375 0.0888671875 0.060546875
0 0.8203125 0.0205078125 0.0810546875 0.041015625
0 0.755859375 0.0166015625 0.0810546875 0.033203125
0 0.6953125 0.013671875 0.0654296875 0.0263671875