0 0.87734375 0.8484375 0.0765625 0.16875
0 0.8078125 0.8390625 0.11875 0.18125
0 0.72578125 0.83203125 0.1015625 0.1703125
0 0.65859375 0.8234375 0.0953125 0.1625
0 0.590625 0.8234375 0.09375 0.175
0 0.5328125 0.81171875 0.096875 0.1828125
0 0.46640625 0.8109375 0.1015625 0.1875
0 0.396875 0.8015625 0.09375 0.165625
0 0.325 0.7859375 0.0875 0.18125
0 0.265625 0.78671875 0.084375 0.1640625
0 0.2015625 0.77578125 0.090625 0.1796875
0 0.14296875 0.76171875 0.0859375 0.1703125
0 0.0875 0.75078125 0.078125 0.1515625
0 0.0359375 0.74296875 0.065625 0.1640625
0 0.01015625 0.7265625 0.0140625 0.15625
0 0.0203125 0.45078125 0.040625 0.1421875
1 0.01171875 0.340625 0.0234375 0.115625
0 0.053125 0.3328125 0.06875 0.125
0 0.0609375 0.4515625 0.0625 0.128125
0 0.096875 0.3375 0.071875 0.121875
0 0.1453125 0.3421875 0.06875 0.11875
0 0.10625 0.4625 0.0625 0.14375
0 0.1625 0.46171875 0.065625 0.1234375
0 0.1953125 0.34375 0.071875 0.11875
0 0.2484375 0.3546875 0.06875 0.103125
0 0.22265625 0.4609375 0.0765625 0.13125
0 0.27890625 0.475 0.0609375 0.13125
0 0.30859375 0.36171875 0.0609375 0.1171875
0 0.3640625 0.35625 0.065625 0.1125
0 0.33125 0.484375 0.0625 0.140625
0 0.3875 0.49140625 0.06875 0.1328125
0 0.415625 0.371875 0.06875 0.11875
0 0.471875 0.3765625 0.06875 0.121875
0 0.44921875 0.503125 0.0765625 0.128125
0 0.51015625 0.5015625 0.0765625 0.125
0 0.5234375 0.38125 0.075 0.121875
0 0.5828125 0.38515625 0.06875 0.1296875
0 0.56875 0.5125 0.078125 0.13125
0 0.6296875 0.509375 0.06875 0.121875
0 0.6359375 0.3890625 0.078125 0.13125
0 0.6984375 0.3953125 0.071875 0.128125
0 0.68828125 0.521875 0.0828125 0.13125
0 0.7453125 0.53046875 0.065625 0.1234375
0 0.7546875 0.40546875 0.0625 0.1109375
0 0.7578125 0.184375 0.0625 0.096875
0 0.77578125 0.0953125 0.0609375 0.090625
0 0.7171875 0.09140625 0.0625 0.0921875
0 0.70625 0.1828125 0.0625 0.09375
0 0.67109375 0.0828125 0.0640625 0.096875
0 0.66015625 0.178125 0.0671875 0.109375
0 0.61171875 0.1671875 0.0640625 0.1125
0 0.62265625 0.078125 0.0578125 0.096875
0 0.56875 0.07578125 0.065625 0.0828125
0 0.559375 0.16953125 0.075 0.1015625
0 0.50625 0.16875 0.065625 0.1125
0 0.52421875 0.06328125 0.0515625 0.0890625
0 0.4734375 0.0703125 0.0625 0.096875
0 0.4515625 0.1640625 0.065625 0.1125
0 0.4265625 0.06484375 0.05625 0.1015625
0 0.40390625 0.165625 0.0578125 0.096875
0 0.3609375 0.159375 0.0625 0.10625
1 0.378125 0.06875 0.053125 0.084375
0 0.3109375 0.153125 0.075 0.121875
0 0.33984375 0.06015625 0.0515625 0.0953125
1 0.28515625 0.0671875 0.0515625 0.08125
0 0.2171875 0.14375 0.0625 0.09375
0 0.24453125 0.06640625 0.0546875 0.0859375
0 0.20234375 0.05625 0.0515625 0.078125
0 0.16953125 0.14765625 0.0609375 0.1078125
0 0.12734375 0.13125 0.0640625 0.1125
0 0.0765625 0.13125 0.075 0.13125
0 0.040625 0.12421875 0.040625 0.1109375
1 0.15703125 0.05234375 0.0734375 0.0921875