0 0.240234375 0.9501953125 0.1953125 0.099609375
0 0.373046875 0.921875 0.2001953125 0.15625
0 0.51171875 0.9052734375 0.1923828125 0.189453125
0 0.638671875 0.884765625 0.1904296875 0.21875
0 0.76171875 0.8564453125 0.2080078125 0.224609375
0 0.884765625 0.810546875 0.2265625 0.267578125
0 0.935546875 0.77734375 0.1279296875 0.2861328125
0 0.9755859375 0.755859375 0.048828125 0.2919921875
0 0.1455078125 0.587890625 0.1435546875 0.205078125
0 0.244140625 0.57421875 0.154296875 0.201171875
0 0.341796875 0.5537109375 0.1669921875 0.2109375
0 0.4169921875 0.529296875 0.162109375 0.1953125
0 0.51171875 0.5078125 0.1669921875 0.193359375
0 0.5986328125 0.482421875 0.146484375 0.1826171875
0 0.6748046875 0.458984375 0.1376953125 0.1767578125
0 0.744140625 0.439453125 0.154296875 0.1767578125
1 0.826171875 0.427734375 0.146484375 0.169921875
0 0.8828125 0.4072265625 0.1689453125 0.1826171875
0 0.943359375 0.384765625 0.1123046875 0.1689453125
0 0.10546875 0.4111328125 0.1142578125 0.1689453125
0 0.060546875 0.255859375 0.087890625 0.115234375
0 0.1220703125 0.236328125 0.087890625 0.123046875
0 0.1865234375 0.234375 0.0888671875 0.119140625
0 0.2470703125 0.2294921875 0.087890625 0.125
0 0.306640625 0.21875 0.0810546875 0.1279296875
0 0.369140625 0.2099609375 0.0986328125 0.1201171875
0 0.4228515625 0.1943359375 0.0703125 0.107421875
0 0.4736328125 0.19140625 0.0810546875 0.1171875
0 0.5263671875 0.1826171875 0.0810546875 0.1123046875
0 0.580078125 0.1748046875 0.0751953125 0.1064453125
0 0.6328125 0.158203125 0.083984375 0.1123046875
0 0.685546875 0.15234375 0.076171875 0.111328125
0 0.732421875 0.142578125 0.076171875 0.115234375
0 0.775390625 0.1279296875 0.0732421875 0.119140625
0 0.8203125 0.111328125 0.0810546875 0.1201171875
0 0.1826171875 0.3935546875 0.115234375 0.1689453125
0 0.267578125 0.3828125 0.107421875 0.1533203125
0 0.34765625 0.369140625 0.107421875 0.1455078125
0 0.4248046875 0.3603515625 0.1064453125 0.1455078125
0 0.4892578125 0.3427734375 0.109375 0.1455078125
0 0.5576171875 0.33203125 0.115234375 0.138671875
0 0.6240234375 0.3154296875 0.1142578125 0.1435546875
0 0.6875 0.306640625 0.1123046875 0.154296875
0 0.751953125 0.283203125 0.134765625 0.162109375
0 0.8154296875 0.2763671875 0.115234375 0.15625
0 0.8720703125 0.259765625 0.109375 0.1533203125
0 0.9208984375 0.251953125 0.1015625 0.146484375
0 0.2021484375 0.15234375 0.0859375 0.0830078125
0 0.2568359375 0.140625 0.0732421875 0.083984375
0 0.3095703125 0.1279296875 0.068359375 0.078125
0 0.3642578125 0.1298828125 0.0751953125 0.0751953125
0 0.412109375 0.1220703125 0.0732421875 0.0810546875
0 0.455078125 0.1123046875 0.0732421875 0.083984375
0 0.505859375 0.1083984375 0.078125 0.0859375
0 0.556640625 0.099609375 0.0673828125 0.080078125
0 0.6005859375 0.0908203125 0.0703125 0.083984375
0 0.64453125 0.0810546875 0.0859375 0.087890625
0 0.69140625 0.076171875 0.0673828125 0.087890625
0 0.73828125 0.0673828125 0.0732421875 0.083984375
0 0.6650390625 0.025390625 0.060546875 0.05078125
0 0.6162109375 0.029296875 0.0703125 0.0576171875
0 0.576171875 0.033203125 0.068359375 0.0654296875
0 0.5380859375 0.033203125 0.064453125 0.06640625
0 0.5048828125 0.0341796875 0.068359375 0.068359375
0 0.4619140625 0.0361328125 0.060546875 0.072265625
0 0.419921875 0.0419921875 0.064453125 0.078125
0 0.376953125 0.046875 0.0654296875 0.072265625
0 0.3349609375 0.0546875 0.0673828125 0.072265625
0 0.2939453125 0.0625 0.0625 0.0654296875
0 0.2548828125 0.068359375 0.0654296875 0.0654296875
0 0.2109375 0.076171875 0.0654296875 0.0576171875
0 0.166015625 0.083984375 0.0673828125 0.0576171875
0 0.0478515625 0.11328125 0.064453125 0.0517578125
0 0.0146484375 0.1171875 0.029296875 0.052734375
0 0.095703125 0.0986328125 0.0595703125 0.052734375
0 0.892578125 0.0654296875 0.0546875 0.037109375
0 0.873046875 0.046875 0.078125 0.0498046875
0 0.8515625 0.03125 0.078125 0.0498046875
0 0.80859375 0.021484375 0.064453125 0.0390625