0 0.82734375 0.95390625 0.1046875 0.0921875
0 0.8203125 0.91171875 0.16875 0.1765625
0 0.803125 0.875 0.171875 0.203125
0 0.77578125 0.803125 0.1953125 0.225
0 0.74140625 0.73515625 0.1765625 0.2109375
0 0.71875 0.67734375 0.1875 0.2296875
0 0.67734375 0.6109375 0.1859375 0.21875
0 0.6421875 0.56015625 0.184375 0.2140625
0 0.61484375 0.48046875 0.1765625 0.1890625
0 0.578125 0.40703125 0.1625 0.1734375
0 0.553125 0.3328125 0.15625 0.175
0 0.528125 0.2609375 0.165625 0.19375
0 0.496875 0.20234375 0.175 0.1859375
0 0.46640625 0.134375 0.1671875 0.178125
0 0.4328125 0.078125 0.15625 0.15625
1 0.4125 0.06328125 0.15625 0.1265625
0 0.69296875 0.9671875 0.1359375 0.065625
0 0.653125 0.93359375 0.15 0.1328125
0 0.62421875 0.88515625 0.1484375 0.1828125
0 0.3765625 0.03359375 0.1375 0.0671875
0 0.196875 0.015625 0.10625 0.03125
0 0.21171875 0.040625 0.1484375 0.08125
0 0.2484375 0.07421875 0.15 0.1484375
0 0.27265625 0.10546875 0.1578125 0.2109375
0 0.30234375 0.15859375 0.1703125 0.2078125
0 0.33515625 0.21953125 0.1671875 0.2015625
0 0.3671875 0.2875 0.153125 0.178125
0 0.39765625 0.35078125 0.1609375 0.1984375
0 0.41796875 0.41328125 0.1484375 0.1765625
0 0.45390625 0.47421875 0.1703125 0.2140625
0 0.49140625 0.54375 0.1640625 0.2
1 0.5109375 0.6125 0.15 0.203125
1 0.53671875 0.68828125 0.1515625 0.1921875
1 0.5625 0.746875 0.165625 0.19375
1 0.58984375 0.8203125 0.1609375 0.18125
1 0.36171875 0.93125 0.1546875 0.125
0 0.321875 0.8875 0.159375 0.190625
1 0.29140625 0.815625 0.1640625 0.196875
0 0.25390625 0.74375 0.1859375 0.19375
0 0.225 0.6734375 0.15625 0.19375
0 0.20859375 0.59765625 0.1515625 0.1890625
0 0.184375 0.5265625 0.153125 0.178125
0 0.146875 0.46328125 0.15625 0.2078125
1 0.1078125 0.41484375 0.15625 0.2078125
0 0.08359375 0.35 0.1546875 0.190625
1 0.07109375 0.30078125 0.1171875 0.1890625
0 0.08359375 0.725 0.1671875 0.225
0 0.16171875 0.8546875 0.1765625 0.153125
0 0.04921875 0.55234375 0.0984375 0.2015625
0 0.990625 0.4859375 0.01875 0.175
0 0.9796875 0.42421875 0.040625 0.1734375
0 0.96328125 0.37578125 0.0734375 0.1765625
0 0.953125 0.30234375 0.09375 0.1890625
0 0.93984375 0.25 0.1203125 0.16875
0 0.9328125 0.18125 0.125 0.1375
0 0.89453125 0.1640625 0.1265625 0.134375
0 0.84375 0.115625 0.103125 0.075