0 0.8876953125 0.7060546875 0.212890625 0.4716796875
0 0.751953125 0.7099609375 0.1357421875 0.451171875
1 0.61328125 0.728515625 0.1455078125 0.4326171875
0 0.4765625 0.7373046875 0.162109375 0.421875
0 0.3427734375 0.755859375 0.189453125 0.478515625
0 0.212890625 0.7568359375 0.1982421875 0.486328125
0 0.0869140625 0.748046875 0.173828125 0.470703125
0 0.9140625 0.322265625 0.1064453125 0.287109375
0 0.80078125 0.314453125 0.142578125 0.2890625
0 0.693359375 0.3203125 0.126953125 0.2998046875
0 0.583984375 0.326171875 0.126953125 0.3203125
0 0.474609375 0.3349609375 0.125 0.3203125
0 0.37109375 0.34765625 0.1201171875 0.3203125
0 0.251953125 0.3447265625 0.1376953125 0.3173828125
0 0.134765625 0.345703125 0.150390625 0.322265625
0 0.048828125 0.333984375 0.0966796875 0.3779296875