0 0.7529296875 0.779296875 0.146484375 0.271484375
0 0.638671875 0.775390625 0.1533203125 0.251953125
0 0.533203125 0.7705078125 0.1640625 0.275390625
0 0.431640625 0.783203125 0.166015625 0.267578125
0 0.328125 0.8037109375 0.181640625 0.2705078125
0 0.23828125 0.794921875 0.1640625 0.248046875
0 0.1533203125 0.8134765625 0.177734375 0.267578125
0 0.095703125 0.7822265625 0.138671875 0.251953125
0 0.685546875 0.400390625 0.1171875 0.177734375
0 0.61328125 0.404296875 0.107421875 0.171875
0 0.5478515625 0.4169921875 0.111328125 0.1845703125
0 0.470703125 0.4375 0.1142578125 0.1689453125
0 0.4013671875 0.4541015625 0.1123046875 0.169921875
0 0.33984375 0.462890625 0.1142578125 0.1669921875
0 0.28125 0.4697265625 0.103515625 0.1640625
0 0.2197265625 0.4765625 0.111328125 0.1689453125
1 0.1611328125 0.4873046875 0.1064453125 0.166015625
0 0.1044921875 0.4873046875 0.125 0.177734375
0 0.0537109375 0.490234375 0.107421875 0.1640625
0 0.6611328125 0.26171875 0.087890625 0.123046875
0 0.5888671875 0.263671875 0.0908203125 0.125
0 0.525390625 0.2724609375 0.078125 0.1171875
0 0.4814453125 0.291015625 0.087890625 0.126953125
0 0.4296875 0.3056640625 0.083984375 0.126953125
0 0.376953125 0.318359375 0.091796875 0.119140625
0 0.3212890625 0.3330078125 0.091796875 0.1220703125
0 0.271484375 0.341796875 0.099609375 0.1220703125
0 0.224609375 0.3505859375 0.080078125 0.1142578125
0 0.177734375 0.3515625 0.09375 0.125
0 0.130859375 0.361328125 0.111328125 0.1328125
0 0.0869140625 0.36328125 0.0859375 0.1201171875
0 0.0419921875 0.37109375 0.083984375 0.126953125
0 0.0185546875 0.388671875 0.037109375 0.1279296875
0 0.6435546875 0.1201171875 0.0751953125 0.103515625
0 0.5947265625 0.134765625 0.0703125 0.091796875
0 0.5478515625 0.1455078125 0.0703125 0.099609375
0 0.5029296875 0.15234375 0.078125 0.095703125
0 0.4599609375 0.1708984375 0.0703125 0.0830078125
0 0.4169921875 0.181640625 0.0751953125 0.0986328125
0 0.3740234375 0.189453125 0.076171875 0.103515625
0 0.33203125 0.2060546875 0.060546875 0.0751953125
0 0.294921875 0.2177734375 0.0625 0.0830078125
0 0.25390625 0.228515625 0.076171875 0.09375
0 0.212890625 0.234375 0.060546875 0.068359375
0 0.1728515625 0.2431640625 0.060546875 0.0830078125
0 0.134765625 0.2548828125 0.0595703125 0.0751953125
0 0.1044921875 0.2607421875 0.052734375 0.072265625
0 0.068359375 0.263671875 0.0576171875 0.0703125
0 0.517578125 0.095703125 0.0625 0.0810546875
0 0.47265625 0.1015625 0.060546875 0.0810546875
0 0.43359375 0.1171875 0.0732421875 0.09375
0 0.392578125 0.119140625 0.0703125 0.0859375
0 0.3544921875 0.1337890625 0.0625 0.076171875
0 0.3232421875 0.1455078125 0.0625 0.0810546875
0 0.283203125 0.154296875 0.064453125 0.078125
0 0.25 0.169921875 0.0595703125 0.068359375
0 0.220703125 0.173828125 0.0625 0.0810546875
0 0.1796875 0.1845703125 0.078125 0.083984375
0 0.146484375 0.1865234375 0.0625 0.076171875
0 0.1044921875 0.1962890625 0.072265625 0.076171875
1 0.7587890625 0.021484375 0.083984375 0.04296875
1 0.798828125 0.017578125 0.0830078125 0.0341796875
0 0.8349609375 0.017578125 0.083984375 0.03515625
0 0.875 0.0244140625 0.0751953125 0.048828125
0 0.732421875 0.0185546875 0.0908203125 0.037109375
0 0.69140625 0.0146484375 0.0673828125 0.029296875
0 0.6474609375 0.01953125 0.0703125 0.0390625
0 0.607421875 0.0244140625 0.078125 0.048828125
0 0.5751953125 0.025390625 0.064453125 0.05078125
0 0.5146484375 0.0361328125 0.064453125 0.072265625
0 0.478515625 0.033203125 0.05078125 0.06640625
0 0.451171875 0.044921875 0.060546875 0.0703125
0 0.419921875 0.0458984375 0.0546875 0.0732421875
0 0.380859375 0.0625 0.056640625 0.0751953125
0 0.353515625 0.076171875 0.0625 0.0810546875
0 0.326171875 0.080078125 0.0673828125 0.080078125
0 0.2900390625 0.087890625 0.0517578125 0.0625
0 0.2646484375 0.0966796875 0.064453125 0.072265625
0 0.2392578125 0.109375 0.0625 0.0751953125
0 0.2060546875 0.1103515625 0.052734375 0.064453125
0 0.177734375 0.1162109375 0.0576171875 0.0732421875
0 0.1455078125 0.130859375 0.0595703125 0.068359375