1 0.85390625 0.64140625 0.2890625 0.2109375
1 0.64296875 0.6203125 0.2171875 0.290625
1 0.34453125 0.53359375 0.1515625 0.2015625
1 0.38515625 0.4171875 0.1859375 0.103125
1 0.36953125 0.25390625 0.0859375 0.0984375
1 0.44765625 0.2578125 0.0921875 0.09375
1 0.5390625 0.27265625 0.103125 0.0921875
1 0.846875 0.35703125 0.115625 0.1390625
1 0.91484375 0.2859375 0.0734375 0.09375
0 0.9640625 0.3359375 0.071875 0.1375
0 0.8171875 0.49453125 0.265625 0.1796875
0 0.6359375 0.4625 0.215625 0.165625
0 0.5 0.40625 0.215625 0.165625
0 0.24296875 0.46875 0.1234375 0.175
0 0.4796875 0.5578125 0.15 0.25625
0 0.15 0.42109375 0.134375 0.1671875
0 0.0953125 0.38828125 0.1 0.1390625
0 0.01953125 0.35859375 0.0296875 0.1140625
1 0.03515625 0.384375 0.0640625 0.125
1 0.31796875 0.36796875 0.1328125 0.0796875
0 0.21875 0.31640625 0.15625 0.0890625
0 0.0515625 0.2671875 0.084375 0.096875
0 0.13671875 0.1953125 0.0609375 0.115625
0 0.23828125 0.20390625 0.0671875 0.1140625
0 0.30078125 0.22578125 0.0828125 0.1328125
1 0.06953125 0.32109375 0.0984375 0.0734375
1 0.83515625 0.26796875 0.1359375 0.0890625
1 0.61953125 0.22109375 0.1234375 0.0796875
1 0.721875 0.234375 0.140625 0.09375
0 0.6375 0.26015625 0.125 0.1671875
0 0.73203125 0.29453125 0.1078125 0.1453125
1 0.5375 0.2171875 0.115625 0.084375
1 0.46328125 0.19921875 0.1171875 0.0640625
1 0.38515625 0.18984375 0.1234375 0.0703125
0 0.325 0.16484375 0.128125 0.0921875
1 0.1859375 0.2015625 0.065625 0.075
1 0.1 0.21171875 0.053125 0.0671875
1 0.96640625 0.1828125 0.0671875 0.0625
1 0.94765625 0.1421875 0.1046875 0.0625
1 0.88125 0.17578125 0.0875 0.0703125
1 0.86484375 0.1375 0.1078125 0.05625
1 0.7828125 0.11640625 0.1 0.0515625
1 0.71171875 0.1046875 0.1203125 0.0625
1 0.64921875 0.10078125 0.1078125 0.0546875
1 0.5765625 0.08828125 0.103125 0.0546875
1 0.29765625 0.115625 0.0578125 0.0625
1 0.3453125 0.1125 0.053125 0.046875
1 0.39296875 0.1140625 0.0578125 0.046875
1 0.44296875 0.1203125 0.0671875 0.0625
1 0.50703125 0.13046875 0.0765625 0.0734375
1 0.571875 0.13125 0.0875 0.065625
1 0.64453125 0.1359375 0.0734375 0.053125
1 0.7171875 0.15 0.09375 0.059375
1 0.80234375 0.16875 0.0859375 0.084375