0 0.89296875 0.6828125 0.2140625 0.50625
0 0.8359375 0.69453125 0.328125 0.5265625
1 0.6765625 0.72265625 0.340625 0.5359375
0 0.51484375 0.73203125 0.3640625 0.5359375
0 0.3546875 0.7203125 0.4 0.559375
0 0.20234375 0.71640625 0.4046875 0.5671875
0 0.121875 0.7171875 0.24375 0.565625
0 0.88515625 0.26328125 0.2203125 0.3859375
0 0.78984375 0.25859375 0.2703125 0.4046875
0 0.66015625 0.26015625 0.2796875 0.4296875
0 0.53203125 0.2671875 0.2765625 0.428125
0 0.40546875 0.27734375 0.2703125 0.4265625
0 0.26328125 0.2703125 0.2890625 0.428125
0 0.13828125 0.265625 0.2765625 0.434375
0 0.07890625 0.2796875 0.1578125 0.41875