1 0.345703125 0.6591796875 0.1533203125 0.3125
1 0.88671875 0.681640625 0.1484375 0.2939453125
1 0.94140625 0.6787109375 0.1171875 0.330078125
0 0.798828125 0.67578125 0.1435546875 0.2890625
0 0.705078125 0.681640625 0.134765625 0.328125
0 0.6240234375 0.669921875 0.1455078125 0.3251953125
0 0.5283203125 0.67578125 0.15625 0.3359375
0 0.4365234375 0.6630859375 0.1455078125 0.3173828125
0 0.2470703125 0.65625 0.166015625 0.349609375
0 0.138671875 0.6630859375 0.169921875 0.3515625
0 0.064453125 0.642578125 0.1279296875 0.3486328125
0 0.009765625 0.638671875 0.01953125 0.30859375
0 0.044921875 0.3828125 0.0888671875 0.2470703125
0 0.115234375 0.376953125 0.150390625 0.259765625
0 0.205078125 0.3720703125 0.1669921875 0.275390625
0 0.296875 0.3828125 0.1435546875 0.240234375
0 0.38671875 0.3896484375 0.142578125 0.2734375
0 0.4794921875 0.380859375 0.130859375 0.2548828125
0 0.5615234375 0.3984375 0.126953125 0.2470703125
0 0.642578125 0.4013671875 0.1328125 0.2470703125
0 0.724609375 0.408203125 0.1328125 0.25
0 0.8115234375 0.4228515625 0.1328125 0.248046875
0 0.892578125 0.4228515625 0.146484375 0.263671875
0 0.953125 0.4248046875 0.09375 0.25
0 0.9931640625 0.4189453125 0.013671875 0.181640625