0 0.8625 0.90078125 0.171875 0.1984375
0 0.72265625 0.88203125 0.1703125 0.2359375
0 0.57734375 0.87890625 0.1609375 0.2421875
0 0.446875 0.86875 0.15625 0.259375
0 0.31875 0.8640625 0.171875 0.265625
0 0.1859375 0.84140625 0.184375 0.3078125
0 0.08515625 0.821875 0.1703125 0.321875
0 0.040625 0.80546875 0.08125 0.3421875
0 0.8890625 0.45390625 0.109375 0.1890625
0 0.7875 0.4578125 0.121875 0.184375
0 0.68671875 0.453125 0.1328125 0.190625
0 0.60625 0.44296875 0.13125 0.1765625
0 0.509375 0.43828125 0.1375 0.1703125
0 0.4171875 0.4265625 0.11875 0.165625
0 0.3359375 0.4171875 0.109375 0.159375
0 0.26328125 0.41171875 0.1265625 0.1578125
1 0.1796875 0.41328125 0.121875 0.1515625
0 0.11875 0.40234375 0.140625 0.1609375
0 0.04921875 0.3921875 0.0953125 0.159375
0 0.89765625 0.2671875 0.0859375 0.15625
0 0.91640625 0.10703125 0.0671875 0.1078125
0 0.85 0.09921875 0.065625 0.1140625
0 0.78515625 0.1078125 0.0703125 0.109375
0 0.725 0.11328125 0.065625 0.1171875
0 0.6640625 0.1109375 0.059375 0.121875
0 0.59921875 0.1140625 0.0796875 0.109375
0 0.54375 0.10859375 0.053125 0.1015625
0 0.490625 0.11328125 0.0625 0.1109375
0 0.4359375 0.115625 0.0625 0.103125
0 0.38203125 0.11796875 0.0578125 0.0984375
0 0.3265625 0.109375 0.065625 0.103125
0 0.271875 0.1125 0.05625 0.103125
0 0.221875 0.1109375 0.05625 0.109375
0 0.17890625 0.10390625 0.0546875 0.1140625
0 0.13046875 0.09609375 0.0609375 0.1140625
0 0.8171875 0.26640625 0.0875 0.1578125
0 0.7296875 0.26875 0.08125 0.140625
0 0.6484375 0.2703125 0.084375 0.134375
0 0.5671875 0.275 0.08125 0.134375
0 0.50078125 0.26875 0.0859375 0.134375
0 0.43125 0.2703125 0.09375 0.125
0 0.3609375 0.265625 0.090625 0.13125
0 0.29765625 0.26796875 0.0859375 0.1421875
0 0.22890625 0.25546875 0.1078125 0.1453125
0 0.16171875 0.2609375 0.0890625 0.14375
0 0.1046875 0.253125 0.084375 0.140625
0 0.0484375 0.2546875 0.090625 0.1375
0 0.01328125 0.2484375 0.0171875 0.13125
0 0.7546875 0.03515625 0.075 0.0609375
0 0.69921875 0.03359375 0.0609375 0.0609375
0 0.64296875 0.03125 0.0578125 0.05625
0 0.58984375 0.03359375 0.0640625 0.0640625
0 0.540625 0.03671875 0.0625 0.0703125
0 0.4953125 0.03671875 0.0625 0.0703125
0 0.44375 0.0375 0.065625 0.075
0 0.39140625 0.03671875 0.0546875 0.0703125
0 0.3453125 0.03671875 0.059375 0.0734375
0 0.3 0.03671875 0.075 0.0703125
0 0.25234375 0.03828125 0.0546875 0.0765625
0 0.203125 0.03671875 0.0625 0.0734375
0 0.01796875 0.078125 0.0203125 0.040625
0 0.04140625 0.0625 0.0671875 0.03125
0 0.0640625 0.03984375 0.071875 0.0359375
0 0.0828125 0.02265625 0.071875 0.0359375
0 0.125 0.00859375 0.0625 0.0171875