0 0.1162109375 0.9375 0.1767578125 0.125
0 0.2578125 0.9150390625 0.1875 0.169921875
0 0.412109375 0.90625 0.1767578125 0.1875
0 0.546875 0.89453125 0.1748046875 0.2109375
0 0.681640625 0.8837890625 0.1904296875 0.220703125
0 0.8193359375 0.849609375 0.2080078125 0.265625
0 0.9150390625 0.8310546875 0.169921875 0.291015625
0 0.9609375 0.8125 0.078125 0.3125
0 0.060546875 0.5166015625 0.12109375 0.205078125
0 0.166015625 0.515625 0.1376953125 0.2001953125
0 0.2734375 0.505859375 0.150390625 0.2080078125
0 0.3564453125 0.48828125 0.146484375 0.1923828125
0 0.4609375 0.4794921875 0.1533203125 0.1875
0 0.556640625 0.4619140625 0.134765625 0.1796875
0 0.642578125 0.447265625 0.125 0.173828125
0 0.7177734375 0.4365234375 0.142578125 0.173828125
1 0.806640625 0.4345703125 0.1357421875 0.166015625
0 0.869140625 0.419921875 0.15625 0.1767578125
0 0.9443359375 0.4052734375 0.111328125 0.173828125
0 0.044921875 0.3212890625 0.08984375 0.169921875
0 0.025390625 0.15234375 0.05078125 0.1171875
0 0.0810546875 0.1416015625 0.0751953125 0.123046875
0 0.150390625 0.146484375 0.080078125 0.119140625
0 0.2138671875 0.1484375 0.0751953125 0.125
0 0.279296875 0.14453125 0.0673828125 0.1298828125
0 0.3466796875 0.142578125 0.0908203125 0.119140625
0 0.40625 0.1357421875 0.0625 0.109375
0 0.4609375 0.1357421875 0.072265625 0.119140625
0 0.5205078125 0.134765625 0.072265625 0.111328125
0 0.5771484375 0.134765625 0.0673828125 0.1064453125
0 0.634765625 0.123046875 0.0751953125 0.1123046875
0 0.6923828125 0.1240234375 0.0654296875 0.111328125
0 0.744140625 0.1181640625 0.0654296875 0.1171875
0 0.791015625 0.109375 0.0625 0.1220703125
0 0.8408203125 0.09765625 0.072265625 0.123046875
0 0.125 0.31640625 0.099609375 0.169921875
0 0.216796875 0.314453125 0.09375 0.1533203125
0 0.3037109375 0.3115234375 0.095703125 0.1455078125
0 0.388671875 0.310546875 0.09375 0.1455078125
0 0.4580078125 0.30078125 0.0966796875 0.1455078125
0 0.533203125 0.298828125 0.1064453125 0.1376953125
0 0.607421875 0.2880859375 0.1015625 0.142578125
0 0.6728515625 0.2880859375 0.0986328125 0.154296875
0 0.7451171875 0.271484375 0.1220703125 0.158203125
0 0.81640625 0.2724609375 0.1015625 0.154296875
0 0.876953125 0.2626953125 0.0966796875 0.1533203125
0 0.9375 0.259765625 0.1064453125 0.1484375
0 0.9736328125 0.2529296875 0.0283203125 0.140625
0 0.1787109375 0.0615234375 0.0830078125 0.080078125
0 0.236328125 0.056640625 0.068359375 0.0810546875
0 0.2958984375 0.048828125 0.064453125 0.076171875
0 0.3515625 0.05859375 0.072265625 0.0703125
0 0.404296875 0.056640625 0.068359375 0.078125
0 0.4521484375 0.0517578125 0.0673828125 0.0810546875
0 0.505859375 0.052734375 0.072265625 0.083984375
0 0.5625 0.0498046875 0.0625 0.078125
0 0.6103515625 0.0458984375 0.064453125 0.0830078125
0 0.6572265625 0.041015625 0.080078125 0.08203125
0 0.70703125 0.044921875 0.060546875 0.0859375
0 0.759765625 0.0400390625 0.0703125 0.080078125
0 0.69140625 0.0068359375 0.0546875 0.013671875
0 0.638671875 0.0068359375 0.0625 0.013671875
0 0.595703125 0.0087890625 0.0625 0.017578125
0 0.5556640625 0.0068359375 0.0576171875 0.013671875
0 0.958984375 0.072265625 0.025390625 0.0439453125
0 0.9326171875 0.05859375 0.0751953125 0.0361328125
0 0.908203125 0.0361328125 0.078125 0.041015625
0 0.884765625 0.0185546875 0.080078125 0.037109375
0 0.841796875 0.0087890625 0.0654296875 0.017578125