1 0.7046875 0.76015625 0.103125 0.2984375
1 0.17578125 0.6703125 0.1015625 0.28125
1 0.090625 0.65546875 0.125 0.3203125
0 0.2625 0.6828125 0.096875 0.278125
0 0.35234375 0.70859375 0.0796875 0.3171875
0 0.43125 0.71328125 0.090625 0.3140625
0 0.52421875 0.73828125 0.1015625 0.3234375
0 0.615625 0.74609375 0.09375 0.3046875
0 0.80078125 0.77734375 0.1078125 0.3359375
0 0.90546875 0.80703125 0.1140625 0.3359375
0 0.9703125 0.80625 0.053125 0.334375
0 0.965625 0.53359375 0.06875 0.2453125
0 0.9 0.509375 0.125 0.25625
0 0.809375 0.5015625 0.10625 0.225
0 0.71953125 0.4890625 0.0984375 0.259375
0 0.6328125 0.46171875 0.090625 0.2421875
0 0.54921875 0.4625 0.0859375 0.234375
0 0.4703125 0.4484375 0.09375 0.234375
0 0.38984375 0.43828125 0.0953125 0.2359375
0 0.3015625 0.43359375 0.09375 0.2359375
0 0.22265625 0.4171875 0.1046875 0.25
0 0.1375 0.403125 0.103125 0.23125
0 0.06640625 0.3875 0.1015625 0.178125
0 0.03203125 0.38671875 0.0640625 0.2046875