0 0.060546875 0.681640625 0.1064453125 0.21875
0 0.0849609375 0.6318359375 0.1611328125 0.2294921875
0 0.1591796875 0.580078125 0.197265625 0.2626953125
0 0.2353515625 0.52734375 0.173828125 0.2421875
0 0.296875 0.478515625 0.1845703125 0.25
0 0.3662109375 0.423828125 0.1640625 0.236328125
0 0.49609375 0.3330078125 0.1923828125 0.2783203125
1 0.435546875 0.400390625 0.1904296875 0.2705078125
1 0.1904296875 0.9580078125 0.154296875 0.083984375
1 0.2607421875 0.919921875 0.21875 0.1591796875
0 0.357421875 0.8837890625 0.2373046875 0.232421875
0 0.447265625 0.8642578125 0.21484375 0.271484375
0 0.533203125 0.8291015625 0.232421875 0.341796875
0 0.623046875 0.7763671875 0.2158203125 0.3310546875
0 0.705078125 0.740234375 0.201171875 0.310546875
0 0.7939453125 0.666015625 0.21875 0.3232421875
1 0.8837890625 0.6201171875 0.232421875 0.34375
0 0.55859375 0.28125 0.1669921875 0.228515625
0 0.625 0.240234375 0.166015625 0.251953125
0 0.6923828125 0.189453125 0.162109375 0.2451171875
0 0.7666015625 0.1494140625 0.169921875 0.251953125
0 0.8310546875 0.103515625 0.166015625 0.20703125
0 0.923828125 0.54296875 0.1513671875 0.345703125
0 0.97265625 0.49609375 0.0546875 0.330078125
0 0.8896484375 0.8251953125 0.1796875 0.181640625
1 0.955078125 0.7626953125 0.0888671875 0.193359375
0 0.6044921875 0.97265625 0.1376953125 0.0546875