0 0.75859375 0.24921875 0.2015625 0.1609375
0 0.75546875 0.39296875 0.2203125 0.1890625
0 0.74453125 0.5296875 0.2265625 0.203125
0 0.7390625 0.67734375 0.234375 0.2140625
0 0.7359375 0.82265625 0.21875 0.1953125
1 0.725 0.9390625 0.228125 0.121875
0 0.47421875 0.24375 0.2109375 0.14375
0 0.46015625 0.3640625 0.2046875 0.15625
0 0.44921875 0.5109375 0.2109375 0.1875
0 0.41328125 0.8140625 0.2265625 0.16875
0 0.3921875 0.93828125 0.21875 0.1234375
0 0.2015625 0.91640625 0.2 0.1078125
0 0.2109375 0.78046875 0.228125 0.1859375
0 0.23671875 0.63046875 0.2234375 0.1640625
0 0.253125 0.4796875 0.215625 0.15
1 0.275 0.36171875 0.2 0.1546875
1 0.43671875 0.653125 0.2265625 0.184375
1 0.28828125 0.228125 0.2015625 0.15