1 0.6203125 0.753125 0.13125 0.28125
1 0.15234375 0.6046875 0.1265625 0.265625
1 0.0765625 0.58046875 0.153125 0.3046875
0 0.22890625 0.6265625 0.1234375 0.2625
0 0.30859375 0.6609375 0.1140625 0.296875
0 0.3796875 0.67734375 0.121875 0.2953125
0 0.45859375 0.71171875 0.1328125 0.3046875
0 0.54140625 0.7296875 0.1234375 0.2875
0 0.70625 0.78203125 0.140625 0.3171875
0 0.79765625 0.82109375 0.1453125 0.3171875
0 0.88359375 0.83359375 0.1453125 0.3140625
0 0.93984375 0.85078125 0.0640625 0.2796875
0 0.9625 0.6125 0.071875 0.225
0 0.9046875 0.5828125 0.13125 0.234375
0 0.82890625 0.5515625 0.1453125 0.246875
0 0.7484375 0.5328125 0.125 0.215625
0 0.66875 0.509375 0.121875 0.246875
0 0.59375 0.4734375 0.1125 0.23125
0 0.51796875 0.46328125 0.1078125 0.2234375
0 0.44765625 0.44140625 0.1140625 0.2234375
0 0.375 0.42265625 0.115625 0.2265625
0 0.29609375 0.40625 0.1140625 0.225
0 0.22734375 0.38203125 0.1265625 0.2390625
0 0.15234375 0.3578125 0.1234375 0.221875
0 0.08984375 0.33515625 0.1140625 0.1734375
0 0.05390625 0.328125 0.0921875 0.19375