1 0.787109375 0.8193359375 0.1640625 0.205078125
0 0.650390625 0.8125 0.125 0.1845703125
0 0.916015625 0.8037109375 0.126953125 0.1953125
0 0.5224609375 0.806640625 0.1298828125 0.212890625
0 0.388671875 0.798828125 0.126953125 0.1953125
0 0.263671875 0.7880859375 0.125 0.189453125
0 0.1328125 0.7705078125 0.125 0.1845703125
0 0.052734375 0.73828125 0.1044921875 0.189453125
0 0.189453125 0.9365234375 0.181640625 0.126953125
0 0.0556640625 0.9375 0.111328125 0.125
0 0.7236328125 0.568359375 0.083984375 0.0986328125
0 0.6318359375 0.5634765625 0.0859375 0.0888671875
0 0.5498046875 0.55859375 0.087890625 0.0888671875
1 0.462890625 0.55859375 0.091796875 0.0888671875
1 0.8017578125 0.5634765625 0.083984375 0.1015625
1 0.884765625 0.568359375 0.09375 0.095703125
0 0.962890625 0.560546875 0.0703125 0.095703125
0 0.376953125 0.55859375 0.091796875 0.1015625
0 0.2958984375 0.556640625 0.0830078125 0.078125
0 0.22265625 0.5478515625 0.0859375 0.0859375
0 0.142578125 0.5380859375 0.095703125 0.0830078125
0 0.0625 0.5322265625 0.103515625 0.0859375
0 0.923828125 0.474609375 0.072265625 0.095703125
1 0.83984375 0.48828125 0.0830078125 0.0986328125
0 0.765625 0.4833984375 0.078125 0.0859375
1 0.6943359375 0.482421875 0.080078125 0.0859375
0 0.62109375 0.470703125 0.0703125 0.080078125
1 0.5517578125 0.4677734375 0.078125 0.0859375
0 0.478515625 0.458984375 0.078125 0.1171875
0 0.408203125 0.4541015625 0.0830078125 0.107421875
1 0.947265625 0.400390625 0.0576171875 0.0732421875
1 0.8916015625 0.3974609375 0.0703125 0.064453125
0 0.8388671875 0.384765625 0.078125 0.078125
1 0.783203125 0.392578125 0.0751953125 0.0859375
0 0.728515625 0.3896484375 0.072265625 0.0859375
1 0.673828125 0.392578125 0.064453125 0.078125
0 0.615234375 0.38671875 0.056640625 0.0703125
0 0.564453125 0.388671875 0.048828125 0.0673828125
0 0.509765625 0.384765625 0.0498046875 0.0498046875
1 0.458984375 0.392578125 0.048828125 0.0419921875
0 0.404296875 0.3876953125 0.056640625 0.0625
1 0.349609375 0.3896484375 0.060546875 0.064453125
0 0.30078125 0.38671875 0.0673828125 0.0703125
1 0.240234375 0.3974609375 0.0654296875 0.0673828125
0 0.1943359375 0.38671875 0.048828125 0.060546875
0 0.90625 0.3447265625 0.0595703125 0.060546875
0 0.765625 0.3369140625 0.046875 0.0673828125
1 0.849609375 0.353515625 0.048828125 0.0576171875
1 0.8046875 0.3623046875 0.041015625 0.0498046875
1 0.619140625 0.345703125 0.046875 0.03125
1 0.5703125 0.345703125 0.046875 0.0263671875
1 0.521484375 0.34765625 0.0439453125 0.0234375
1 0.470703125 0.357421875 0.041015625 0.029296875
0 0.4287109375 0.34375 0.0361328125 0.0498046875
1 0.3818359375 0.3466796875 0.048828125 0.0341796875
1 0.3232421875 0.3486328125 0.0439453125 0.03125
1 0.283203125 0.349609375 0.046875 0.0263671875
0 0.240234375 0.33984375 0.0390625 0.029296875
1 0.322265625 0.2939453125 0.03125 0.021484375
1 0.298828125 0.3173828125 0.0341796875 0.021484375
1 0.3427734375 0.3154296875 0.044921875 0.0185546875
1 0.357421875 0.2900390625 0.041015625 0.0263671875
1 0.376953125 0.3154296875 0.0390625 0.0185546875
1 0.392578125 0.294921875 0.0341796875 0.0234375
1 0.4169921875 0.318359375 0.041015625 0.021484375
1 0.4287109375 0.298828125 0.033203125 0.021484375
1 0.4521484375 0.318359375 0.0361328125 0.021484375
1 0.462890625 0.302734375 0.041015625 0.0234375
1 0.4951171875 0.3212890625 0.041015625 0.0234375
1 0.53125 0.322265625 0.0341796875 0.021484375
1 0.568359375 0.318359375 0.041015625 0.021484375
1 0.501953125 0.298828125 0.0341796875 0.0234375
1 0.5341796875 0.298828125 0.037109375 0.021484375
1 0.5732421875 0.2978515625 0.041015625 0.0234375
1 0.611328125 0.3212890625 0.041015625 0.0234375
1 0.6494140625 0.326171875 0.044921875 0.029296875
1 0.689453125 0.32421875 0.037109375 0.0234375
1 0.728515625 0.3251953125 0.041015625 0.03125
1 0.609375 0.30078125 0.03125 0.0263671875
1 0.646484375 0.3037109375 0.033203125 0.0263671875
1 0.6796875 0.302734375 0.0341796875 0.0234375
1 0.71484375 0.3037109375 0.0390625 0.0263671875
1 0.7509765625 0.3037109375 0.0390625 0.0263671875
1 0.7919921875 0.3251953125 0.0439453125 0.021484375
1 0.8447265625 0.3349609375 0.044921875 0.0263671875
1 0.787109375 0.3076171875 0.041015625 0.0341796875
1 0.8310546875 0.310546875 0.041015625 0.0390625
1 0.419921875 0.2724609375 0.0341796875 0.0107421875
1 0.4521484375 0.275390625 0.0361328125 0.015625
1 0.451171875 0.2626953125 0.03125 0.015625
1 0.4794921875 0.2783203125 0.037109375 0.0185546875
1 0.482421875 0.263671875 0.037109375 0.015625
1 0.5107421875 0.279296875 0.0341796875 0.0234375
1 0.513671875 0.2626953125 0.037109375 0.0185546875
1 0.5419921875 0.2783203125 0.03125 0.0185546875
1 0.546875 0.263671875 0.03125 0.021484375
1 0.57421875 0.2861328125 0.0361328125 0.021484375
1 0.5751953125 0.2685546875 0.0341796875 0.0185546875
1 0.6064453125 0.2783203125 0.03125 0.0185546875
1 0.6044921875 0.265625 0.03125 0.0185546875
1 0.634765625 0.279296875 0.03125 0.021484375
1 0.6337890625 0.265625 0.033203125 0.0185546875
1 0.728515625 0.2783203125 0.03125 0.015625
1 0.755859375 0.279296875 0.03125 0.015625
1 0.787109375 0.2822265625 0.0341796875 0.0234375
1 0.818359375 0.2783203125 0.025390625 0.0185546875
1 0.7138671875 0.267578125 0.0283203125 0.0234375
1 0.7470703125 0.267578125 0.03125 0.0234375
1 0.7802734375 0.271484375 0.0263671875 0.0234375