0 0.689453125 0.9072265625 0.2919921875 0.1796875
0 0.587890625 0.859375 0.3046875 0.25
0 0.5068359375 0.732421875 0.2705078125 0.2138671875
0 0.40625 0.6240234375 0.259765625 0.220703125
0 0.3388671875 0.5185546875 0.208984375 0.1689453125
0 0.9453125 0.537109375 0.109375 0.2294921875
0 0.8984375 0.4658203125 0.203125 0.197265625
0 0.794921875 0.3984375 0.2138671875 0.181640625
1 0.7333984375 0.3603515625 0.205078125 0.173828125
0 0.666015625 0.3046875 0.1904296875 0.1748046875
0 0.568359375 0.2236328125 0.1826171875 0.150390625
1 0.5205078125 0.2119140625 0.1533203125 0.1298828125
1 0.482421875 0.1689453125 0.15625 0.130859375
1 0.431640625 0.130859375 0.1484375 0.126953125
1 0.3935546875 0.1015625 0.15625 0.1279296875
1 0.3525390625 0.080078125 0.1357421875 0.119140625
1 0.322265625 0.056640625 0.138671875 0.0830078125
0 0.244140625 0.44921875 0.21875 0.173828125
0 0.20703125 0.3896484375 0.1826171875 0.126953125
0 0.1728515625 0.333984375 0.1796875 0.1376953125
0 0.1357421875 0.287109375 0.1689453125 0.1044921875
0 0.0986328125 0.2509765625 0.1748046875 0.1171875
0 0.0791015625 0.205078125 0.158203125 0.1171875
1 0.064453125 0.177734375 0.1279296875 0.0966796875
1 0.0517578125 0.1572265625 0.103515625 0.095703125
1 0.7109375 0.1533203125 0.1376953125 0.1123046875
1 0.654296875 0.1044921875 0.1513671875 0.1123046875
1 0.6103515625 0.08203125 0.138671875 0.107421875
1 0.5595703125 0.052734375 0.150390625 0.10546875
1 0.5205078125 0.041015625 0.162109375 0.08203125
1 0.8798828125 0.2607421875 0.166015625 0.125
1 0.8310546875 0.201171875 0.171875 0.130859375
1 0.92578125 0.310546875 0.1044921875 0.119140625
1 0.8427734375 0.015625 0.080078125 0.03125
1 0.0380859375 0.138671875 0.076171875 0.0732421875