1 0.9609375 0.54296875 0.078125 0.263671875
0 0.9765625 0.791015625 0.046875 0.1923828125
1 0.8759765625 0.58984375 0.169921875 0.283203125
0 0.892578125 0.826171875 0.1845703125 0.2060546875
0 0.7451171875 0.615234375 0.171875 0.287109375
0 0.626953125 0.6533203125 0.185546875 0.2939453125
0 0.748046875 0.8623046875 0.1669921875 0.2060546875
0 0.609375 0.8955078125 0.171875 0.208984375
1 0.529296875 0.689453125 0.1796875 0.298828125
0 0.4990234375 0.904296875 0.169921875 0.1904296875
1 0.408203125 0.9130859375 0.1796875 0.173828125
1 0.306640625 0.923828125 0.181640625 0.1513671875
0 0.4423828125 0.703125 0.1748046875 0.259765625
0 0.359375 0.734375 0.1533203125 0.240234375
0 0.267578125 0.7734375 0.154296875 0.2373046875
1 0.203125 0.7685546875 0.150390625 0.193359375
0 0.1923828125 0.9228515625 0.197265625 0.154296875
0 0.1357421875 0.9580078125 0.119140625 0.083984375
0 0.138671875 0.7919921875 0.1689453125 0.228515625
0 0.078125 0.828125 0.103515625 0.2001953125
0 0.93359375 0.1962890625 0.1044921875 0.189453125
0 0.8447265625 0.224609375 0.138671875 0.1826171875
0 0.7509765625 0.271484375 0.142578125 0.169921875
1 0.8505859375 0.08203125 0.205078125 0.1357421875
1 0.6650390625 0.1669921875 0.2138671875 0.1435546875
1 0.576171875 0.3427734375 0.119140625 0.1640625
0 0.6591796875 0.283203125 0.125 0.1796875
0 0.509765625 0.373046875 0.126953125 0.169921875
0 0.431640625 0.4013671875 0.1171875 0.171875
1 0.4912109375 0.267578125 0.1767578125 0.109375
1 0.3515625 0.330078125 0.1533203125 0.095703125
1 0.3701171875 0.443359375 0.109375 0.1640625
0 0.3095703125 0.4560546875 0.119140625 0.166015625
1 0.251953125 0.486328125 0.1123046875 0.1513671875
0 0.1982421875 0.505859375 0.134765625 0.1669921875
1 0.1962890625 0.41015625 0.173828125 0.1201171875
1 0.140625 0.5322265625 0.1435546875 0.189453125
1 0.1005859375 0.5517578125 0.142578125 0.171875
1 0.751953125 0.02734375 0.119140625 0.0546875
0 0.673828125 0.044921875 0.1044921875 0.0888671875
1 0.490234375 0.119140625 0.103515625 0.119140625
1 0.439453125 0.1396484375 0.103515625 0.1328125
1 0.3837890625 0.1708984375 0.091796875 0.107421875
1 0.3310546875 0.2080078125 0.09375 0.1123046875
1 0.2900390625 0.2275390625 0.1015625 0.126953125