0 0.5703125 0.75859375 0.290625 0.1265625
0 0.2921875 0.7765625 0.2875 0.13125
0 0.29765625 0.6921875 0.2703125 0.115625
0 0.56015625 0.671875 0.2796875 0.134375
0 0.56171875 0.5953125 0.2671875 0.121875
1 0.29453125 0.62421875 0.2921875 0.1140625
0 0.55390625 0.52890625 0.2578125 0.1109375
0 0.29609375 0.55390625 0.2578125 0.1109375
0 0.3015625 0.48828125 0.25625 0.1046875
0 0.5453125 0.4703125 0.240625 0.11875
0 0.54765625 0.41015625 0.2328125 0.1015625
0 0.2890625 0.42421875 0.24375 0.0984375
0 0.5375 0.36796875 0.23125 0.0921875
0 0.315625 0.3765625 0.246875 0.090625
0 0.30390625 0.33984375 0.2484375 0.0890625
0 0.52890625 0.309375 0.2140625 0.0875
0 0.31328125 0.2875 0.2265625 0.090625
0 0.31328125 0.246875 0.2140625 0.0875
1 0.52265625 0.26953125 0.2171875 0.0828125
1 0.5171875 0.2296875 0.21875 0.09375
1 0.5203125 0.18984375 0.20625 0.0859375
1 0.30859375 0.20234375 0.2078125 0.0703125
1 0.50703125 0.153125 0.2046875 0.071875
1 0.30625 0.17421875 0.215625 0.0734375
1 0.49765625 0.11953125 0.2015625 0.0765625
1 0.31015625 0.1375 0.2015625 0.075
1 0.4953125 0.08828125 0.18125 0.0734375
1 0.32890625 0.1046875 0.1640625 0.059375
1 0.4859375 0.059375 0.171875 0.065625
1 0.31484375 0.0734375 0.1796875 0.0625
1 0.48984375 0.02890625 0.1703125 0.0578125
1 0.32421875 0.03984375 0.1609375 0.0609375
1 0.4859375 0.009375 0.165625 0.01875
1 0.328125 0.02109375 0.15 0.0265625
1 0.04765625 0.0625 0.0953125 0.034375
1 0.0390625 0.08046875 0.078125 0.0609375
1 0.034375 0.10390625 0.06875 0.0578125
1 0.02578125 0.13671875 0.0515625 0.0546875
1 0.025 0.175 0.05 0.053125
1 0.0109375 0.209375 0.021875 0.046875
1 0.01640625 0.25078125 0.0328125 0.0484375
1 0.8265625 0.01328125 0.159375 0.0265625
1 0.83671875 0.02578125 0.1390625 0.0515625
1 0.85078125 0.04609375 0.1390625 0.0734375
1 0.8640625 0.07578125 0.18125 0.0890625
1 0.8796875 0.1109375 0.15625 0.06875
0 0.88515625 0.14296875 0.1578125 0.0859375
0 0.8859375 0.171875 0.1625 0.09375
0 0.90546875 0.221875 0.1390625 0.1
0 0.9140625 0.27890625 0.13125 0.0734375
0 0.93046875 0.37890625 0.1234375 0.0796875
0 0.92734375 0.3296875 0.1171875 0.078125
0 0.9390625 0.4234375 0.11875 0.084375
0 0.940625 0.48359375 0.11875 0.0953125