1 0.83203125 0.818359375 0.2294921875 0.2236328125
1 0.771484375 0.638671875 0.203125 0.1923828125
1 0.720703125 0.482421875 0.1923828125 0.1826171875
0 0.5166015625 0.8935546875 0.2080078125 0.212890625
1 0.6015625 0.1181640625 0.134765625 0.126953125
1 0.5751953125 0.041015625 0.138671875 0.08203125
1 0.4892578125 0.7060546875 0.2001953125 0.203125
1 0.3564453125 0.9091796875 0.2001953125 0.181640625
0 0.3349609375 0.736328125 0.1796875 0.173828125
0 0.3115234375 0.583984375 0.169921875 0.1591796875
0 0.451171875 0.544921875 0.1767578125 0.1611328125
0 0.4296875 0.4111328125 0.166015625 0.134765625
0 0.294921875 0.4560546875 0.158203125 0.130859375
0 0.4072265625 0.294921875 0.154296875 0.130859375
0 0.28125 0.333984375 0.140625 0.1328125
0 0.3828125 0.1826171875 0.140625 0.109375
1 0.2734375 0.2138671875 0.140625 0.1220703125
1 0.361328125 0.0947265625 0.125 0.111328125
0 0.255859375 0.1162109375 0.1220703125 0.0986328125
1 0.080078125 0.6572265625 0.138671875 0.158203125
0 0.107421875 0.8154296875 0.1201171875 0.171875
1 0.064453125 0.521484375 0.1279296875 0.1357421875
1 0.0625 0.404296875 0.125 0.1298828125
0 0.0576171875 0.29296875 0.115234375 0.1171875
0 0.052734375 0.2041015625 0.10546875 0.099609375
0 0.0419921875 0.1337890625 0.083984375 0.0830078125