1 0.9546875 0.7328125 0.065625 0.2375
0 0.8859375 0.94140625 0.1 0.1171875
1 0.85625 0.728125 0.14375 0.265625
0 0.77109375 0.92421875 0.1703125 0.1515625
0 0.73125 0.696875 0.14375 0.26875
0 0.6109375 0.68125 0.159375 0.275
0 0.62890625 0.9109375 0.1515625 0.178125
0 0.490625 0.89609375 0.15625 0.2078125
1 0.50859375 0.67265625 0.1515625 0.2796875
0 0.38671875 0.88046875 0.1546875 0.2296875
1 0.29765625 0.8609375 0.1640625 0.2375
1 0.19765625 0.84140625 0.1671875 0.2421875
0 0.42734375 0.65 0.1515625 0.240625
0 0.3390625 0.64375 0.13125 0.225
0 0.24296875 0.6390625 0.1328125 0.221875
1 0.1875 0.61015625 0.13125 0.1796875
0 0.09296875 0.80703125 0.1828125 0.2734375
0 0.040625 0.815625 0.08125 0.225
0 0.121875 0.60390625 0.146875 0.2109375
0 0.046875 0.6046875 0.09375 0.19375
0 0.959375 0.39140625 0.08125 0.1671875
0 0.878125 0.39453125 0.125 0.1546875
1 0.97421875 0.26171875 0.0515625 0.1015625
1 0.84375 0.26796875 0.2 0.1234375
1 0.69375 0.38671875 0.103125 0.1515625
0 0.79140625 0.36796875 0.1078125 0.1671875
0 0.621875 0.3859375 0.109375 0.159375
0 0.5421875 0.37890625 0.103125 0.1609375
1 0.64921875 0.284375 0.1671875 0.09375
1 0.49921875 0.284375 0.1453125 0.08125
1 0.4703125 0.38984375 0.09375 0.1515625
0 0.4109375 0.378125 0.103125 0.153125
1 0.346875 0.3796875 0.1 0.140625
0 0.290625 0.37421875 0.11875 0.1546875
1 0.3296875 0.2890625 0.1625 0.103125
1 0.23046875 0.375 0.1265625 0.175
1 0.1859375 0.375 0.125 0.15625
1 0.96953125 0.1390625 0.0609375 0.13125
0 0.91484375 0.13671875 0.0953125 0.1390625
1 0.71015625 0.153125 0.0921875 0.109375
1 0.65625 0.1515625 0.090625 0.121875
1 0.59453125 0.15390625 0.0828125 0.0984375
1 0.53359375 0.1671875 0.0828125 0.103125
1 0.48671875 0.1671875 0.0890625 0.115625