0 0.503125 0.95234375 0.284375 0.0953125
0 0.57734375 0.8875 0.3015625 0.225
0 0.5890625 0.7390625 0.265625 0.203125
0 0.6296875 0.59296875 0.25625 0.2109375
0 0.6390625 0.465625 0.20625 0.1625
0 0.0875 0.78359375 0.115625 0.2203125
0 0.1109375 0.68984375 0.1875 0.1859375
0 0.16640625 0.57734375 0.2078125 0.1734375
1 0.2046875 0.51171875 0.2 0.1671875
0 0.23828125 0.428125 0.1859375 0.16875
0 0.28671875 0.30703125 0.1796875 0.1421875
1 0.3265625 0.27421875 0.15 0.1234375
1 0.3390625 0.2171875 0.153125 0.125
1 0.36640625 0.15859375 0.1453125 0.1203125
1 0.3875 0.1125 0.153125 0.121875
1 0.41484375 0.07421875 0.1328125 0.1140625
1 0.4296875 0.0375 0.140625 0.075
0 0.6921875 0.35703125 0.215625 0.1640625
0 0.696875 0.28515625 0.18125 0.1203125
0 0.7015625 0.21796875 0.178125 0.1296875
0 0.7109375 0.1578125 0.16875 0.096875
0 0.72890625 0.1046875 0.1734375 0.109375
0 0.73203125 0.053125 0.1734375 0.10625
1 0.73984375 0.03046875 0.1609375 0.0609375
1 0.75 0.01484375 0.15625 0.0296875
1 0.125 0.3140625 0.134375 0.10625
1 0.153125 0.2421875 0.15 0.10625
1 0.18125 0.2 0.1375 0.103125
1 0.2109375 0.1484375 0.15 0.10625
1 0.23515625 0.10390625 0.1609375 0.1109375
1 0.053125 0.48984375 0.10625 0.1109375
1 0.0625 0.4140625 0.125 0.125
1 0.02734375 0.55625 0.0546875 0.109375
1 0.0140625 0.13203125 0.028125 0.0796875