0 0.5703125 0.7587890625 0.291015625 0.126953125
0 0.2919921875 0.7763671875 0.287109375 0.130859375
0 0.2978515625 0.6923828125 0.2705078125 0.115234375
0 0.560546875 0.671875 0.279296875 0.134765625
0 0.5615234375 0.595703125 0.267578125 0.1220703125
1 0.294921875 0.6240234375 0.2919921875 0.1142578125
0 0.5537109375 0.529296875 0.2578125 0.111328125
0 0.2958984375 0.5537109375 0.2578125 0.111328125
0 0.3017578125 0.48828125 0.255859375 0.1044921875
0 0.544921875 0.470703125 0.240234375 0.119140625
0 0.5478515625 0.41015625 0.232421875 0.1015625
0 0.2890625 0.423828125 0.244140625 0.0986328125
0 0.537109375 0.3681640625 0.2314453125 0.091796875
0 0.3154296875 0.376953125 0.2470703125 0.0908203125
0 0.3037109375 0.33984375 0.248046875 0.0888671875
0 0.529296875 0.3095703125 0.2138671875 0.087890625
0 0.3134765625 0.287109375 0.2265625 0.0908203125
0 0.3134765625 0.2470703125 0.2138671875 0.087890625
1 0.5224609375 0.26953125 0.216796875 0.0830078125
1 0.517578125 0.2294921875 0.21875 0.09375
1 0.5205078125 0.189453125 0.2060546875 0.0859375
1 0.30859375 0.2021484375 0.2080078125 0.0703125
1 0.5068359375 0.1533203125 0.205078125 0.072265625
1 0.306640625 0.173828125 0.2158203125 0.0732421875
1 0.498046875 0.119140625 0.201171875 0.076171875
1 0.310546875 0.1376953125 0.201171875 0.0751953125
1 0.4951171875 0.087890625 0.181640625 0.0732421875
1 0.3291015625 0.1044921875 0.1640625 0.0595703125
1 0.486328125 0.0595703125 0.171875 0.0654296875
1 0.314453125 0.0732421875 0.1796875 0.0625
1 0.490234375 0.029296875 0.169921875 0.0576171875
1 0.32421875 0.0400390625 0.1611328125 0.060546875
1 0.486328125 0.009765625 0.166015625 0.0185546875
1 0.328125 0.021484375 0.150390625 0.0263671875
1 0.0478515625 0.0625 0.095703125 0.0341796875
1 0.0390625 0.080078125 0.078125 0.060546875
1 0.0341796875 0.103515625 0.068359375 0.0576171875
1 0.025390625 0.13671875 0.05078125 0.0546875
1 0.025390625 0.1748046875 0.0498046875 0.052734375
1 0.0107421875 0.208984375 0.021484375 0.046875
1 0.0166015625 0.2509765625 0.033203125 0.048828125
1 0.826171875 0.013671875 0.1591796875 0.0263671875
1 0.8369140625 0.025390625 0.138671875 0.05078125
1 0.8505859375 0.0458984375 0.138671875 0.0732421875
1 0.8642578125 0.076171875 0.181640625 0.0888671875
1 0.8798828125 0.111328125 0.15625 0.068359375
0 0.884765625 0.142578125 0.158203125 0.0859375
0 0.8857421875 0.171875 0.162109375 0.09375
0 0.9052734375 0.2216796875 0.138671875 0.099609375
0 0.9140625 0.279296875 0.130859375 0.0732421875
0 0.9306640625 0.37890625 0.123046875 0.080078125
0 0.927734375 0.330078125 0.1171875 0.078125
0 0.939453125 0.423828125 0.119140625 0.083984375
0 0.9404296875 0.4833984375 0.119140625 0.095703125