0 0.5029296875 0.9521484375 0.2841796875 0.095703125
0 0.5771484375 0.8876953125 0.3017578125 0.224609375
0 0.5888671875 0.7392578125 0.265625 0.203125
0 0.6298828125 0.5927734375 0.255859375 0.2109375
0 0.638671875 0.4658203125 0.2060546875 0.162109375
0 0.087890625 0.783203125 0.115234375 0.220703125
0 0.111328125 0.689453125 0.1875 0.185546875
0 0.166015625 0.5771484375 0.2080078125 0.173828125
1 0.205078125 0.51171875 0.2001953125 0.1669921875
0 0.23828125 0.427734375 0.185546875 0.1689453125
0 0.287109375 0.306640625 0.1796875 0.142578125
1 0.326171875 0.2744140625 0.150390625 0.123046875
1 0.3388671875 0.216796875 0.1533203125 0.125
1 0.3662109375 0.158203125 0.1455078125 0.1201171875
1 0.3876953125 0.1123046875 0.1533203125 0.1220703125
1 0.4150390625 0.07421875 0.1328125 0.1142578125
1 0.4296875 0.037109375 0.140625 0.07421875
0 0.6923828125 0.357421875 0.2158203125 0.1640625
0 0.697265625 0.28515625 0.181640625 0.1201171875
0 0.701171875 0.2177734375 0.177734375 0.1298828125
0 0.7109375 0.158203125 0.1689453125 0.0966796875
0 0.728515625 0.1044921875 0.173828125 0.109375
0 0.7314453125 0.052734375 0.173828125 0.10546875
1 0.740234375 0.0302734375 0.1611328125 0.060546875
1 0.75 0.0146484375 0.15625 0.029296875
1 0.125 0.314453125 0.134765625 0.1064453125
1 0.1533203125 0.2421875 0.150390625 0.1064453125
1 0.181640625 0.2001953125 0.1376953125 0.103515625
1 0.2109375 0.1484375 0.150390625 0.1064453125
1 0.2353515625 0.103515625 0.1611328125 0.111328125
1 0.052734375 0.4892578125 0.10546875 0.111328125
1 0.0625 0.4140625 0.125 0.125
1 0.02734375 0.556640625 0.0546875 0.109375
1 0.013671875 0.1318359375 0.02734375 0.080078125