0 0.9130859375 0.931640625 0.0888671875 0.1357421875
0 0.8056640625 0.9287109375 0.169921875 0.142578125
0 0.63671875 0.9150390625 0.1953125 0.169921875
0 0.494140625 0.912109375 0.177734375 0.1748046875
0 0.3642578125 0.9091796875 0.1533203125 0.171875
1 0.216796875 0.8916015625 0.1669921875 0.169921875
0 0.080078125 0.8857421875 0.16015625 0.146484375
0 0.1416015625 0.7060546875 0.1484375 0.2001953125
0 0.044921875 0.7060546875 0.0888671875 0.212890625
0 0.302734375 0.7275390625 0.1591796875 0.2138671875
0 0.4208984375 0.734375 0.1455078125 0.1904296875
1 0.5478515625 0.75 0.1455078125 0.203125
1 0.666015625 0.751953125 0.1328125 0.2001953125
0 0.791015625 0.7607421875 0.1591796875 0.193359375
1 0.927734375 0.7705078125 0.109375 0.212890625
0 0.97265625 0.4208984375 0.0546875 0.142578125
1 0.89453125 0.4169921875 0.123046875 0.1376953125
1 0.0419921875 0.365234375 0.072265625 0.134765625
0 0.1162109375 0.3642578125 0.111328125 0.146484375
0 0.794921875 0.4072265625 0.099609375 0.1484375
0 0.2333984375 0.3798828125 0.138671875 0.1591796875
0 0.3515625 0.388671875 0.134765625 0.154296875
0 0.4580078125 0.3955078125 0.125 0.150390625
1 0.5615234375 0.3984375 0.1484375 0.1533203125
1 0.6923828125 0.4091796875 0.130859375 0.162109375
1 0.994140625 0.2958984375 0.0107421875 0.1328125
0 0.9423828125 0.279296875 0.115234375 0.140625
1 0.8349609375 0.279296875 0.1357421875 0.140625
1 0.7255859375 0.279296875 0.1298828125 0.138671875
0 0.623046875 0.267578125 0.1142578125 0.15625
0 0.5341796875 0.2607421875 0.1220703125 0.1376953125
0 0.4365234375 0.255859375 0.111328125 0.1357421875
1 0.345703125 0.259765625 0.109375 0.130859375
1 0.2431640625 0.2529296875 0.1328125 0.130859375
1 0.1396484375 0.240234375 0.1171875 0.1298828125
0 0.05859375 0.240234375 0.0732421875 0.125
1 0.0703125 0.044921875 0.046875 0.0888671875
0 0.125 0.044921875 0.103515625 0.0888671875
0 0.212890625 0.044921875 0.10546875 0.08984375
0 0.302734375 0.05078125 0.095703125 0.1015625
0 0.380859375 0.052734375 0.0908203125 0.1044921875
0 0.458984375 0.0576171875 0.1064453125 0.115234375
1 0.5458984375 0.064453125 0.1015625 0.107421875
1 0.64453125 0.064453125 0.107421875 0.1044921875
0 0.728515625 0.0732421875 0.091796875 0.1064453125
0 0.8095703125 0.076171875 0.1123046875 0.091796875
1 0.8955078125 0.0927734375 0.1123046875 0.1044921875
1 0.962890625 0.0966796875 0.0732421875 0.09375