1 0.7841796875 0.9658203125 0.193359375 0.068359375
0 0.6474609375 0.8994140625 0.224609375 0.201171875
0 0.5283203125 0.845703125 0.25 0.3076171875
0 0.4404296875 0.7978515625 0.275390625 0.404296875
0 0.353515625 0.697265625 0.2607421875 0.3515625
0 0.271484375 0.6513671875 0.2373046875 0.349609375
0 0.21484375 0.5654296875 0.236328125 0.369140625
0 0.1826171875 0.48828125 0.2158203125 0.298828125
0 0.1181640625 0.458984375 0.1826171875 0.263671875
0 0.0888671875 0.365234375 0.177734375 0.275390625
1 0.4150390625 0.205078125 0.095703125 0.123046875
0 0.5009765625 0.228515625 0.1201171875 0.169921875
0 0.603515625 0.302734375 0.107421875 0.1826171875
1 0.5458984375 0.283203125 0.1142578125 0.1826171875
1 0.6591796875 0.3291015625 0.109375 0.1669921875
1 0.7158203125 0.390625 0.0908203125 0.134765625
0 0.7802734375 0.396484375 0.123046875 0.1767578125
0 0.845703125 0.4267578125 0.103515625 0.162109375
1 0.91015625 0.515625 0.1015625 0.150390625
1 0.9580078125 0.548828125 0.083984375 0.1875
1 0.9892578125 0.4111328125 0.021484375 0.099609375
1 0.947265625 0.408203125 0.095703125 0.115234375
1 0.8896484375 0.3466796875 0.0888671875 0.0966796875
1 0.77734375 0.298828125 0.0830078125 0.107421875
1 0.8349609375 0.3125 0.0673828125 0.0751953125
1 0.724609375 0.2646484375 0.087890625 0.1171875
0 0.67578125 0.224609375 0.095703125 0.115234375
0 0.6005859375 0.1630859375 0.107421875 0.123046875
0 0.5498046875 0.1357421875 0.099609375 0.099609375
0 0.9755859375 0.234375 0.048828125 0.103515625
0 0.935546875 0.2177734375 0.0732421875 0.1015625
1 0.8896484375 0.203125 0.0576171875 0.068359375
1 0.853515625 0.1845703125 0.0546875 0.0595703125
0 0.822265625 0.162109375 0.0576171875 0.0732421875
1 0.7802734375 0.150390625 0.0673828125 0.080078125
0 0.73828125 0.123046875 0.0673828125 0.0986328125
0 0.6923828125 0.1103515625 0.0654296875 0.080078125
0 0.6533203125 0.087890625 0.0810546875 0.103515625