0 0.943359375 0.8798828125 0.09375 0.240234375
0 0.8203125 0.8818359375 0.1533203125 0.236328125
0 0.646484375 0.8642578125 0.1767578125 0.240234375
0 0.4970703125 0.8603515625 0.1591796875 0.236328125
0 0.361328125 0.859375 0.134765625 0.2314453125
1 0.208984375 0.8505859375 0.1513671875 0.236328125
0 0.0712890625 0.849609375 0.142578125 0.21875
0 0.1279296875 0.62109375 0.1279296875 0.189453125
0 0.0302734375 0.625 0.060546875 0.203125
0 0.294921875 0.634765625 0.1376953125 0.205078125
0 0.4169921875 0.638671875 0.125 0.181640625
1 0.5458984375 0.6494140625 0.123046875 0.1953125
1 0.669921875 0.6484375 0.111328125 0.193359375
0 0.7998046875 0.6513671875 0.140625 0.181640625
1 0.947265625 0.66015625 0.0986328125 0.2080078125
0 0.9775390625 0.294921875 0.044921875 0.140625
1 0.8935546875 0.294921875 0.109375 0.1298828125
1 0.0234375 0.2724609375 0.0341796875 0.126953125
0 0.087890625 0.267578125 0.095703125 0.140625
0 0.79296875 0.2890625 0.0830078125 0.1435546875
0 0.2109375 0.279296875 0.125 0.150390625
0 0.333984375 0.28515625 0.1171875 0.1455078125
0 0.4423828125 0.287109375 0.109375 0.140625
1 0.5498046875 0.287109375 0.134765625 0.140625
1 0.685546875 0.2939453125 0.1142578125 0.1533203125
0 0.9443359375 0.150390625 0.111328125 0.1298828125
1 0.8271484375 0.154296875 0.123046875 0.1298828125
1 0.71484375 0.1572265625 0.1171875 0.1298828125
0 0.607421875 0.1494140625 0.0986328125 0.1484375
0 0.517578125 0.1474609375 0.109375 0.126953125
0 0.416015625 0.1435546875 0.0966796875 0.1279296875
1 0.322265625 0.1513671875 0.0966796875 0.125
1 0.216796875 0.1474609375 0.1220703125 0.1201171875
1 0.1083984375 0.138671875 0.1044921875 0.119140625
0 0.033203125 0.140625 0.044921875 0.119140625