1 0.916015625 0.658203125 0.1640625 0.244140625
0 0.8857421875 0.8876953125 0.146484375 0.224609375
1 0.7978515625 0.6787109375 0.169921875 0.251953125
0 0.7744140625 0.8916015625 0.1923828125 0.216796875
0 0.685546875 0.6796875 0.173828125 0.255859375
0 0.580078125 0.69140625 0.185546875 0.263671875
0 0.6484375 0.8955078125 0.177734375 0.208984375
0 0.52734375 0.8974609375 0.1796875 0.205078125
1 0.4912109375 0.7060546875 0.1796875 0.265625
0 0.435546875 0.896484375 0.1767578125 0.2060546875
1 0.357421875 0.8935546875 0.1826171875 0.2001953125
1 0.2705078125 0.88671875 0.1845703125 0.185546875
0 0.416015625 0.7021484375 0.173828125 0.232421875
0 0.3408203125 0.716796875 0.1533203125 0.2158203125
0 0.259765625 0.732421875 0.1533203125 0.212890625
1 0.205078125 0.720703125 0.1455078125 0.1767578125
0 0.17578125 0.87109375 0.1982421875 0.1923828125
0 0.103515625 0.8876953125 0.166015625 0.130859375
0 0.1474609375 0.7294921875 0.1640625 0.2060546875
0 0.072265625 0.7490234375 0.138671875 0.189453125
0 0.9296875 0.357421875 0.140625 0.1826171875
0 0.8330078125 0.369140625 0.134765625 0.166015625
0 0.7470703125 0.3916015625 0.134765625 0.154296875
1 0.880859375 0.248046875 0.224609375 0.146484375
1 0.6904296875 0.2919921875 0.193359375 0.140625
1 0.5888671875 0.423828125 0.115234375 0.146484375
0 0.666015625 0.3876953125 0.1220703125 0.162109375
0 0.52734375 0.4375 0.123046875 0.15625
0 0.4580078125 0.44921875 0.115234375 0.154296875
1 0.529296875 0.3466796875 0.158203125 0.109375
1 0.4013671875 0.3779296875 0.1376953125 0.09375
1 0.3994140625 0.474609375 0.107421875 0.146484375
0 0.345703125 0.4755859375 0.115234375 0.1484375
1 0.2939453125 0.490234375 0.109375 0.1376953125
0 0.244140625 0.498046875 0.1279296875 0.1533203125
1 0.2578125 0.41796875 0.15625 0.1171875
1 0.193359375 0.5126953125 0.138671875 0.171875
1 0.1552734375 0.521484375 0.1357421875 0.158203125
0 0.9384765625 0.1083984375 0.1142578125 0.1044921875
1 0.861328125 0.119140625 0.111328125 0.1298828125
1 0.791015625 0.1494140625 0.1171875 0.1357421875
0 0.7216796875 0.166015625 0.1064453125 0.1357421875
1 0.552734375 0.22265625 0.0966796875 0.111328125
1 0.505859375 0.2333984375 0.0986328125 0.1201171875
1 0.455078125 0.2490234375 0.087890625 0.0986328125
1 0.4052734375 0.271484375 0.0888671875 0.103515625
1 0.365234375 0.28125 0.0966796875 0.115234375