0 0.8740234375 0.90234375 0.142578125 0.1953125
0 0.7421875 0.8984375 0.150390625 0.203125
0 0.587890625 0.87890625 0.171875 0.2236328125
0 0.455078125 0.8671875 0.15625 0.21875
0 0.3349609375 0.8564453125 0.1328125 0.212890625
1 0.19921875 0.8388671875 0.1484375 0.21875
0 0.0732421875 0.830078125 0.146484375 0.2001953125
0 0.142578125 0.630859375 0.125 0.1748046875
0 0.0439453125 0.626953125 0.087890625 0.1875
0 0.291015625 0.654296875 0.134765625 0.1875
0 0.3984375 0.666015625 0.1220703125 0.1689453125
1 0.5126953125 0.68359375 0.1220703125 0.1796875
1 0.6220703125 0.689453125 0.109375 0.1767578125
0 0.736328125 0.701171875 0.1357421875 0.1689453125
1 0.888671875 0.7177734375 0.1357421875 0.1923828125
0 0.947265625 0.400390625 0.1044921875 0.1328125
1 0.8427734375 0.3896484375 0.1044921875 0.1201171875
1 0.0498046875 0.314453125 0.078125 0.1171875
0 0.1298828125 0.31640625 0.09375 0.1298828125
0 0.751953125 0.3779296875 0.0830078125 0.130859375
0 0.23828125 0.333984375 0.1171875 0.140625
0 0.345703125 0.345703125 0.1142578125 0.134765625
0 0.4423828125 0.3564453125 0.1064453125 0.130859375
1 0.5390625 0.36328125 0.1279296875 0.1328125
1 0.658203125 0.376953125 0.109375 0.142578125
1 0.96875 0.2861328125 0.0625 0.125
0 0.900390625 0.267578125 0.1123046875 0.1220703125
1 0.79296875 0.2626953125 0.1171875 0.1220703125
1 0.6923828125 0.2578125 0.109375 0.1220703125
0 0.59765625 0.244140625 0.095703125 0.1376953125
0 0.517578125 0.236328125 0.103515625 0.119140625
0 0.427734375 0.228515625 0.09375 0.119140625
1 0.34375 0.228515625 0.09375 0.115234375
1 0.2509765625 0.2177734375 0.1142578125 0.1142578125
1 0.154296875 0.2021484375 0.099609375 0.111328125
0 0.068359375 0.19921875 0.087890625 0.1142578125
1 0.0791015625 0.029296875 0.072265625 0.05859375
0 0.1484375 0.03125 0.087890625 0.0625
0 0.23046875 0.033203125 0.09375 0.06640625
0 0.3115234375 0.041015625 0.0830078125 0.0810546875
0 0.384765625 0.044921875 0.078125 0.0859375
0 0.455078125 0.048828125 0.0908203125 0.0966796875
1 0.533203125 0.056640625 0.087890625 0.09375
1 0.625 0.0595703125 0.09375 0.0908203125
0 0.701171875 0.0693359375 0.078125 0.091796875
0 0.77734375 0.068359375 0.0986328125 0.0908203125
1 0.85546875 0.0859375 0.0986328125 0.103515625
1 0.939453125 0.08984375 0.1064453125 0.0986328125
1 0.9931640625 0.0986328125 0.013671875 0.0966796875