1 0.90078125 0.26875 0.1828125 0.33125
1 0.7953125 0.30859375 0.253125 0.3109375
1 0.6453125 0.33046875 0.246875 0.3296875
1 0.5 0.36171875 0.2375 0.3203125
1 0.35 0.3921875 0.225 0.34375
1 0.88125 0.64609375 0.2375 0.4890625
1 0.75234375 0.67265625 0.3046875 0.4890625
1 0.55703125 0.703125 0.3171875 0.46875
1 0.3796875 0.75 0.328125 0.5
1 0.18515625 0.75859375 0.3640625 0.4828125
1 0.1015625 0.7765625 0.19375 0.446875
0 0.06953125 0.43203125 0.1390625 0.2828125
0 0.1921875 0.40390625 0.225 0.3421875
1 0.653125 0.01875 0.125 0.0375
1 0.5484375 0.025 0.11875 0.05
1 0.453125 0.03515625 0.125 0.0703125
1 0.34453125 0.05 0.1171875 0.075
1 0.25546875 0.0703125 0.1203125 0.078125
1 0.1484375 0.0921875 0.1375 0.08125
1 0.059375 0.11640625 0.11875 0.0890625