0 0.9501953125 0.654296875 0.099609375 0.19921875
1 0.9130859375 0.630859375 0.1455078125 0.1923828125
0 0.8369140625 0.59765625 0.1640625 0.2109375
1 0.7626953125 0.564453125 0.1435546875 0.203125
0 0.693359375 0.5283203125 0.1640625 0.2158203125
0 0.6220703125 0.49609375 0.130859375 0.185546875
0 0.5537109375 0.4697265625 0.138671875 0.1982421875
1 0.4892578125 0.4453125 0.140625 0.1845703125
0 0.4150390625 0.412109375 0.1357421875 0.177734375
0 0.34375 0.384765625 0.1376953125 0.181640625
0 0.2724609375 0.3388671875 0.1484375 0.1875
0 0.2001953125 0.306640625 0.146484375 0.1953125
1 0.125 0.283203125 0.146484375 0.1923828125