0 0.931640625 0.7734375 0.1015625 0.2470703125
1 0.845703125 0.826171875 0.259765625 0.2392578125
1 0.701171875 0.814453125 0.306640625 0.265625
1 0.5302734375 0.810546875 0.3203125 0.2548828125
1 0.36328125 0.798828125 0.283203125 0.2548828125
1 0.201171875 0.8056640625 0.291015625 0.2548828125
1 0.078125 0.8037109375 0.15625 0.2705078125
0 0.962890625 0.310546875 0.0732421875 0.2470703125
0 0.892578125 0.3056640625 0.162109375 0.2607421875
0 0.763671875 0.2763671875 0.166015625 0.259765625
0 0.630859375 0.294921875 0.1845703125 0.2607421875
1 0.50390625 0.275390625 0.1923828125 0.255859375
0 0.3798828125 0.2626953125 0.197265625 0.287109375
0 0.2646484375 0.2451171875 0.189453125 0.3095703125
0 0.115234375 0.240234375 0.203125 0.2783203125