1 0.91015625 0.37890625 0.1796875 0.341796875
1 0.8232421875 0.388671875 0.28125 0.328125
1 0.677734375 0.380859375 0.2783203125 0.345703125
1 0.53515625 0.380859375 0.267578125 0.333984375
1 0.3876953125 0.37890625 0.259765625 0.3544921875
1 0.8447265625 0.71875 0.310546875 0.484375
1 0.708984375 0.7236328125 0.353515625 0.5029296875
1 0.521484375 0.7138671875 0.3623046875 0.484375
1 0.3447265625 0.728515625 0.376953125 0.525390625
1 0.181640625 0.7177734375 0.3623046875 0.560546875
1 0.0986328125 0.703125 0.197265625 0.4873046875
0 0.099609375 0.3564453125 0.1982421875 0.296875
0 0.236328125 0.357421875 0.259765625 0.353515625
1 0.8984375 0.0595703125 0.078125 0.119140625
1 0.83984375 0.056640625 0.14453125 0.11328125
1 0.7529296875 0.056640625 0.146484375 0.11328125
1 0.650390625 0.0517578125 0.142578125 0.103515625
1 0.55859375 0.0517578125 0.1455078125 0.103515625
1 0.4541015625 0.048828125 0.134765625 0.09765625
1 0.3681640625 0.0537109375 0.1357421875 0.095703125
1 0.267578125 0.0615234375 0.150390625 0.080078125
1 0.173828125 0.076171875 0.142578125 0.0732421875
1 0.0830078125 0.07421875 0.1376953125 0.0390625