1 0.0869140625 0.267578125 0.1640625 0.3359375
1 0.173828125 0.3173828125 0.2685546875 0.3251953125
1 0.322265625 0.3564453125 0.2626953125 0.34375
1 0.466796875 0.4033203125 0.2529296875 0.333984375
1 0.6162109375 0.44921875 0.2421875 0.357421875
1 0.0888671875 0.654296875 0.177734375 0.498046875
1 0.177734375 0.69140625 0.326171875 0.5078125
1 0.37109375 0.744140625 0.3388671875 0.486328125
1 0.548828125 0.775390625 0.345703125 0.4482421875
1 0.7548828125 0.7939453125 0.396484375 0.412109375
1 0.859375 0.8203125 0.265625 0.359375
0 0.9111328125 0.5244140625 0.177734375 0.294921875
0 0.775390625 0.478515625 0.2421875 0.3564453125
1 0.2666015625 0.015625 0.138671875 0.03125
1 0.3564453125 0.029296875 0.142578125 0.05859375
1 0.462890625 0.041015625 0.140625 0.08203125
1 0.5595703125 0.0576171875 0.150390625 0.115234375
1 0.66796875 0.072265625 0.138671875 0.1357421875
1 0.7607421875 0.091796875 0.1435546875 0.162109375
1 0.865234375 0.123046875 0.1640625 0.171875
1 0.9404296875 0.15625 0.119140625 0.181640625
1 0.9892578125 0.173828125 0.021484375 0.162109375