1 0.0927734375 0.947265625 0.185546875 0.056640625
0 0.2548828125 0.896484375 0.2158203125 0.185546875
0 0.3935546875 0.8564453125 0.2373046875 0.287109375
0 0.49609375 0.8134765625 0.26171875 0.373046875
0 0.6083984375 0.75390625 0.2578125 0.3701171875
0 0.705078125 0.720703125 0.2294921875 0.3701171875
0 0.783203125 0.642578125 0.228515625 0.392578125
0 0.83203125 0.5654296875 0.2109375 0.3154296875
0 0.908203125 0.5478515625 0.1767578125 0.279296875
0 0.9326171875 0.45703125 0.134765625 0.294921875
1 0.6455078125 0.2197265625 0.09375 0.1298828125
0 0.55078125 0.224609375 0.1171875 0.181640625
0 0.427734375 0.283203125 0.1015625 0.197265625
1 0.490234375 0.2744140625 0.109375 0.1923828125
1 0.3623046875 0.298828125 0.1064453125 0.1796875
1 0.291015625 0.353515625 0.087890625 0.142578125
0 0.220703125 0.3447265625 0.1201171875 0.185546875
0 0.146484375 0.365234375 0.099609375 0.171875
1 0.0595703125 0.443359375 0.099609375 0.1591796875
1 0.01953125 0.4736328125 0.0390625 0.2001953125
1 0.0498046875 0.3251953125 0.0810546875 0.119140625
1 0.115234375 0.26953125 0.0908203125 0.1015625
1 0.244140625 0.2431640625 0.0810546875 0.1142578125
1 0.1806640625 0.244140625 0.0673828125 0.078125
1 0.306640625 0.2177734375 0.083984375 0.123046875
0 0.3681640625 0.185546875 0.095703125 0.1201171875
0 0.458984375 0.134765625 0.107421875 0.1279296875
0 0.517578125 0.1171875 0.103515625 0.103515625
0 0.048828125 0.1328125 0.044921875 0.109375
0 0.095703125 0.125 0.072265625 0.1064453125
1 0.146484375 0.119140625 0.0576171875 0.072265625
1 0.1865234375 0.1064453125 0.0546875 0.0625
0 0.2255859375 0.087890625 0.0576171875 0.076171875
1 0.271484375 0.0849609375 0.0654296875 0.0830078125
0 0.322265625 0.0654296875 0.064453125 0.1064453125
0 0.3720703125 0.060546875 0.0654296875 0.0830078125
0 0.419921875 0.048828125 0.080078125 0.0966796875