1 0.900390625 0.2685546875 0.1826171875 0.3310546875
1 0.794921875 0.30859375 0.2529296875 0.310546875
1 0.6455078125 0.330078125 0.2470703125 0.330078125
1 0.5 0.361328125 0.2373046875 0.3203125
1 0.349609375 0.392578125 0.224609375 0.34375
1 0.880859375 0.646484375 0.2373046875 0.4892578125
1 0.751953125 0.6728515625 0.3046875 0.4892578125
1 0.556640625 0.703125 0.3173828125 0.46875
1 0.3798828125 0.75 0.328125 0.5
1 0.185546875 0.7587890625 0.3642578125 0.482421875
1 0.1015625 0.7763671875 0.193359375 0.447265625
0 0.0693359375 0.431640625 0.138671875 0.283203125
0 0.1923828125 0.404296875 0.224609375 0.341796875
1 0.6533203125 0.0185546875 0.125 0.037109375
1 0.548828125 0.025390625 0.119140625 0.0498046875
1 0.453125 0.03515625 0.125 0.0703125
1 0.3447265625 0.0498046875 0.1171875 0.0751953125
1 0.255859375 0.0703125 0.1201171875 0.078125
1 0.1484375 0.091796875 0.1376953125 0.0810546875
1 0.0595703125 0.1162109375 0.119140625 0.0888671875