1 0.052734375 0.5693359375 0.10546875 0.185546875
0 0.125 0.55078125 0.146484375 0.205078125
1 0.2021484375 0.525390625 0.126953125 0.1982421875
0 0.27734375 0.498046875 0.1455078125 0.208984375
0 0.353515625 0.474609375 0.115234375 0.1826171875
0 0.427734375 0.4560546875 0.123046875 0.193359375
1 0.494140625 0.439453125 0.125 0.1796875
0 0.572265625 0.4150390625 0.1220703125 0.173828125
0 0.6474609375 0.3955078125 0.123046875 0.1748046875
0 0.724609375 0.357421875 0.130859375 0.181640625
0 0.80078125 0.3369140625 0.1298828125 0.189453125
1 0.880859375 0.3212890625 0.130859375 0.185546875