1 0.044921875 0.6669921875 0.08984375 0.373046875
0 0.0966796875 0.6845703125 0.193359375 0.3876953125
0 0.1923828125 0.716796875 0.193359375 0.3642578125
0 0.287109375 0.7412109375 0.1923828125 0.4013671875
1 0.3740234375 0.771484375 0.1767578125 0.365234375
1 0.466796875 0.8056640625 0.1875 0.3857421875
1 0.5556640625 0.8203125 0.1796875 0.359375
1 0.654296875 0.82421875 0.189453125 0.3515625
1 0.7392578125 0.8369140625 0.1875 0.326171875
0 0.8349609375 0.8388671875 0.201171875 0.322265625
1 0.2939453125 0.1826171875 0.1533203125 0.2529296875
1 0.3681640625 0.205078125 0.126953125 0.259765625
1 0.439453125 0.2109375 0.126953125 0.240234375
0 0.5087890625 0.24609375 0.1298828125 0.251953125
0 0.568359375 0.2705078125 0.1376953125 0.255859375
0 0.646484375 0.2763671875 0.130859375 0.240234375
0 0.7119140625 0.2998046875 0.1455078125 0.28125
1 0.7763671875 0.3251953125 0.146484375 0.2529296875
0 0.857421875 0.3388671875 0.1533203125 0.2783203125
1 0.359375 0.037109375 0.09375 0.0732421875
0 0.419921875 0.052734375 0.1015625 0.1044921875
0 0.486328125 0.0595703125 0.103515625 0.119140625
0 0.5517578125 0.06640625 0.099609375 0.1328125
1 0.60546875 0.083984375 0.095703125 0.1533203125
0 0.6767578125 0.099609375 0.09375 0.1455078125
0 0.732421875 0.11328125 0.091796875 0.142578125
1 0.798828125 0.1279296875 0.103515625 0.140625
1 0.8544921875 0.142578125 0.1123046875 0.140625