0 0.875 0.021484375 0.0859375 0.04296875
0 0.8994140625 0.0654296875 0.0703125 0.130859375
0 0.9189453125 0.15234375 0.0751953125 0.1669921875
1 0.9482421875 0.2685546875 0.0654296875 0.181640625
1 0.9658203125 0.3447265625 0.0595703125 0.1767578125
0 0.83203125 0.8642578125 0.1796875 0.1845703125
1 0.673828125 0.92578125 0.1904296875 0.1298828125
0 0.669921875 0.806640625 0.166015625 0.197265625
0 0.818359375 0.720703125 0.1953125 0.197265625
0 0.642578125 0.685546875 0.158203125 0.171875
0 0.638671875 0.5634765625 0.1796875 0.1767578125
0 0.787109375 0.583984375 0.173828125 0.1689453125
0 0.7607421875 0.4638671875 0.1689453125 0.162109375
1 0.6259765625 0.4599609375 0.1953125 0.205078125
0 0.75390625 0.3671875 0.1767578125 0.1875
0 0.595703125 0.36328125 0.166015625 0.154296875
0 0.5966796875 0.2724609375 0.162109375 0.1611328125
1 0.740234375 0.271484375 0.181640625 0.1640625
0 0.5927734375 0.1689453125 0.1455078125 0.140625
0 0.7373046875 0.1787109375 0.1689453125 0.142578125
0 0.708984375 0.103515625 0.154296875 0.119140625
0 0.701171875 0.041015625 0.1513671875 0.0810546875
1 0.580078125 0.08203125 0.1484375 0.1328125
1 0.5751953125 0.048828125 0.125 0.09375
0 0.392578125 0.9580078125 0.1875 0.083984375
0 0.240234375 0.9365234375 0.1953125 0.126953125
0 0.244140625 0.8310546875 0.1455078125 0.1689453125
1 0.3837890625 0.861328125 0.1826171875 0.158203125
1 0.2568359375 0.7099609375 0.1796875 0.1982421875
1 0.380859375 0.7587890625 0.1845703125 0.2236328125
1 0.2509765625 0.603515625 0.189453125 0.205078125
1 0.388671875 0.6650390625 0.166015625 0.2109375
1 0.3779296875 0.544921875 0.171875 0.212890625
0 0.2470703125 0.486328125 0.1748046875 0.15625
0 0.3935546875 0.4375 0.1533203125 0.1689453125
0 0.263671875 0.3876953125 0.1455078125 0.1220703125
0 0.384765625 0.326171875 0.146484375 0.140625
1 0.2529296875 0.3037109375 0.140625 0.142578125
1 0.3837890625 0.251953125 0.1611328125 0.140625
1 0.263671875 0.228515625 0.1533203125 0.1455078125
1 0.3779296875 0.1640625 0.1591796875 0.134765625
1 0.2568359375 0.1494140625 0.1513671875 0.142578125
0 0.376953125 0.07421875 0.1376953125 0.1357421875
0 0.26171875 0.0810546875 0.1357421875 0.1064453125
0 0.3779296875 0.0361328125 0.125 0.0625
0 0.044921875 0.654296875 0.078125 0.173828125
1 0.0498046875 0.55859375 0.099609375 0.1611328125
1 0.0498046875 0.470703125 0.099609375 0.1533203125
1 0.0546875 0.373046875 0.1064453125 0.140625
1 0.072265625 0.294921875 0.109375 0.1328125
0 0.0791015625 0.205078125 0.1142578125 0.123046875
0 0.0849609375 0.125 0.1171875 0.1220703125
1 0.1025390625 0.0888671875 0.107421875 0.0595703125
1 0.025390625 0.1298828125 0.0498046875 0.0966796875
1 0.0205078125 0.185546875 0.041015625 0.1220703125
0 0.0205078125 0.2373046875 0.041015625 0.109375
0 0.01171875 0.32421875 0.0234375 0.1171875