0 0.84921875 0.86484375 0.3015625 0.2578125
0 0.7515625 0.72265625 0.284375 0.2671875
0 0.65703125 0.6046875 0.2109375 0.234375
0 0.5953125 0.48046875 0.2 0.2078125
0 0.53125 0.3734375 0.20625 0.16875
0 0.4828125 0.2921875 0.18125 0.165625
0 0.43671875 0.24765625 0.1609375 0.1359375
0 0.4 0.196875 0.153125 0.1125
0 0.38125 0.15859375 0.159375 0.0921875
0 0.36328125 0.11953125 0.1578125 0.0953125
0 0.33984375 0.08046875 0.1515625 0.0890625
0 0.3109375 0.0484375 0.13125 0.078125
0 0.290625 0.02890625 0.128125 0.0484375
1 0.27890625 0.01484375 0.1328125 0.0171875
0 0.953125 0.63359375 0.09375 0.1546875
1 0.90703125 0.53671875 0.1859375 0.1484375
1 0.8390625 0.44609375 0.209375 0.1296875
1 0.7546875 0.3328125 0.15625 0.1125
1 0.6921875 0.27265625 0.140625 0.1015625
0 0.65234375 0.2046875 0.1328125 0.090625
0 0.60390625 0.16484375 0.1203125 0.0796875
0 0.56171875 0.13515625 0.1140625 0.0765625
1 0.5203125 0.1015625 0.096875 0.0625
1 0.484375 0.06796875 0.10625 0.0546875
1 0.4609375 0.0375 0.125 0.053125
1 0.42890625 0.01875 0.1109375 0.0375
1 0.95703125 0.15078125 0.0640625 0.0796875
1 0.93203125 0.1171875 0.1109375 0.08125
0 0.8828125 0.08203125 0.10625 0.0703125
0 0.83203125 0.053125 0.1109375 0.05625
1 0.78125 0.0234375 0.096875 0.046875
1 0.746875 0.0125 0.10625 0.025
1 0.9671875 0.06015625 0.0375 0.0703125
1 0.9390625 0.03125 0.09375 0.0625
1 0.9078125 0.01171875 0.1125 0.0234375
1 0.85234375 0.0046875 0.1140625 0.009375
0 0.0875 0.9390625 0.15 0.11875
0 0.0734375 0.79921875 0.13125 0.1484375
0 0.05703125 0.6625 0.1078125 0.1125
0 0.05 0.51328125 0.1 0.1140625
0 0.04375 0.41640625 0.0875 0.0890625
0 0.03828125 0.3328125 0.0765625 0.05625
0 0.0359375 0.265625 0.071875 0.0375
0 0.03203125 0.22890625 0.0640625 0.0546875
0 0.0296875 0.178125 0.059375 0.046875
0 0.028125 0.14140625 0.05625 0.0421875
0 0.02578125 0.10390625 0.0515625 0.0453125
0 0.02265625 0.06640625 0.0453125 0.0390625