0 0.1591796875 0.8134765625 0.265625 0.341796875
0 0.255859375 0.69140625 0.255859375 0.2919921875
0 0.37109375 0.5625 0.2265625 0.2783203125
0 0.4501953125 0.44921875 0.234375 0.2734375
0 0.544921875 0.3408203125 0.1904296875 0.25
0 0.62109375 0.2607421875 0.201171875 0.287109375
1 0.7041015625 0.162109375 0.1767578125 0.2685546875
0 0.599609375 0.67578125 0.181640625 0.267578125
0 0.67578125 0.576171875 0.2080078125 0.302734375
0 0.767578125 0.462890625 0.1923828125 0.283203125
0 0.8447265625 0.37109375 0.1982421875 0.2705078125
0 0.904296875 0.26953125 0.171875 0.220703125
0 0.9423828125 0.2080078125 0.115234375 0.220703125
0 0.9658203125 0.1171875 0.068359375 0.17578125
0 0.765625 0.1005859375 0.177734375 0.1767578125
0 0.8408203125 0.05859375 0.146484375 0.080078125