0 0.9345703125 0.619140625 0.130859375 0.3779296875
0 0.8642578125 0.5068359375 0.271484375 0.341796875
0 0.7255859375 0.423828125 0.2763671875 0.3203125
0 0.60546875 0.345703125 0.283203125 0.3173828125
0 0.470703125 0.2724609375 0.236328125 0.2861328125
0 0.3662109375 0.2236328125 0.251953125 0.3251953125
1 0.255859375 0.1767578125 0.2158203125 0.271484375
0 0.5439453125 0.623046875 0.228515625 0.3017578125
0 0.431640625 0.5537109375 0.2626953125 0.341796875
0 0.298828125 0.478515625 0.2421875 0.318359375
0 0.189453125 0.416015625 0.2470703125 0.3076171875
0 0.0986328125 0.337890625 0.197265625 0.2529296875
0 0.052734375 0.3017578125 0.10546875 0.251953125
0 0.1708984375 0.14453125 0.189453125 0.1611328125