0 0.23828125 0.5830078125 0.3330078125 0.396484375
0 0.107421875 0.599609375 0.21484375 0.359375
1 0.439453125 0.576171875 0.283203125 0.333984375
1 0.6337890625 0.580078125 0.3232421875 0.373046875
0 0.8203125 0.5517578125 0.2998046875 0.3466796875
0 0.744140625 0.35546875 0.2265625 0.220703125
1 0.5849609375 0.3681640625 0.2138671875 0.2138671875
1 0.443359375 0.3740234375 0.220703125 0.2421875
0 0.2890625 0.3662109375 0.2158203125 0.232421875
0 0.1552734375 0.35546875 0.185546875 0.2109375
1 0.548828125 0.1826171875 0.142578125 0.1279296875
1 0.447265625 0.181640625 0.140625 0.1376953125
0 0.654296875 0.1708984375 0.1455078125 0.1455078125
1 0.349609375 0.1875 0.142578125 0.1279296875
0 0.248046875 0.181640625 0.1328125 0.1298828125