0 0.19765625 0.0453125 0.1484375 0.090625
0 0.175 0.10078125 0.134375 0.1453125
0 0.1578125 0.18984375 0.14375 0.1640625
1 0.1421875 0.29765625 0.11875 0.1765625
1 0.121875 0.36640625 0.128125 0.1734375
0 0.09765625 0.4625 0.1265625 0.203125
0 0.06484375 0.5640625 0.1171875 0.19375
0 0.0515625 0.69140625 0.103125 0.1921875
0 0.03515625 0.80234375 0.0703125 0.2140625
0 0.296875 0.8640625 0.165625 0.196875
1 0.44453125 0.92109375 0.1828125 0.1578125
0 0.44765625 0.78984375 0.1484375 0.1796875
0 0.30859375 0.71484375 0.1765625 0.1765625
0 0.46875 0.678125 0.140625 0.15625
0 0.46953125 0.56484375 0.1609375 0.1578125
0 0.3328125 0.5890625 0.15625 0.15
0 0.35390625 0.47734375 0.1515625 0.1453125
1 0.47734375 0.4703125 0.1734375 0.184375
0 0.35703125 0.3875 0.1578125 0.16875
0 0.5015625 0.37890625 0.15 0.1390625
0 0.49765625 0.29609375 0.1453125 0.1453125
1 0.36484375 0.29921875 0.1640625 0.1484375
0 0.49921875 0.19921875 0.1296875 0.1265625
0 0.365625 0.21328125 0.153125 0.1265625
0 0.390625 0.1421875 0.140625 0.10625
0 0.3953125 0.059375 0.1375 0.11875
1 0.50703125 0.11875 0.1328125 0.11875
1 0.5109375 0.06640625 0.1125 0.1265625
0 0.84375 0.9765625 0.175 0.046875
0 0.70546875 0.94296875 0.1796875 0.1140625
0 0.84921875 0.91328125 0.1765625 0.1484375
0 0.83984375 0.8 0.1296875 0.153125
1 0.7125 0.83125 0.165625 0.140625
1 0.82421875 0.68671875 0.1609375 0.1796875
1 0.71171875 0.73671875 0.1640625 0.2015625
1 0.8265625 0.590625 0.16875 0.184375
1 0.7015625 0.65078125 0.146875 0.1921875
1 0.7078125 0.53984375 0.153125 0.1921875
0 0.82734375 0.48125 0.1578125 0.140625
0 0.690625 0.440625 0.1375 0.153125
0 0.81015625 0.390625 0.1296875 0.109375
0 0.69609375 0.3390625 0.1328125 0.125
1 0.81484375 0.3140625 0.1265625 0.128125
1 0.69453125 0.2703125 0.1453125 0.125
1 0.80390625 0.24453125 0.1390625 0.1296875
1 0.696875 0.18828125 0.14375 0.1203125
1 0.8078125 0.171875 0.1375 0.128125
0 0.69453125 0.1046875 0.1234375 0.121875
0 0.8015625 0.09921875 0.125 0.1109375
0 0.6953125 0.05703125 0.11875 0.0796875
1 0.8046875 0.0625 0.125 0.05625
1 0.9828125 0.5390625 0.034375 0.1375
1 0.98203125 0.45703125 0.0359375 0.1328125
1 0.9765625 0.3703125 0.046875 0.128125
1 0.96640625 0.29921875 0.0671875 0.1203125
0 0.9609375 0.2171875 0.078125 0.1125
0 0.9546875 0.14296875 0.0875 0.1109375
1 0.94921875 0.0984375 0.1015625 0.078125