0 0.2158203125 0.576171875 0.212890625 0.310546875
0 0.072265625 0.5986328125 0.14453125 0.291015625
1 0.40625 0.560546875 0.181640625 0.2607421875
1 0.58984375 0.5537109375 0.2109375 0.2890625
0 0.7646484375 0.517578125 0.1953125 0.2685546875
0 0.6826171875 0.333984375 0.166015625 0.15625
1 0.533203125 0.35546875 0.1533203125 0.154296875
1 0.400390625 0.3681640625 0.146484375 0.1826171875
0 0.251953125 0.3681640625 0.1484375 0.173828125
0 0.1259765625 0.3662109375 0.123046875 0.1611328125
1 0.490234375 0.1826171875 0.107421875 0.087890625
1 0.3916015625 0.1845703125 0.1015625 0.0966796875
0 0.5869140625 0.1650390625 0.1044921875 0.1044921875
1 0.30078125 0.197265625 0.107421875 0.087890625
0 0.2041015625 0.1962890625 0.0986328125 0.091796875