0 0.934375 0.61875 0.13125 0.378125
0 0.86484375 0.50703125 0.2703125 0.3421875
0 0.72578125 0.42421875 0.2765625 0.3203125
0 0.60546875 0.34609375 0.2828125 0.3171875
0 0.47109375 0.27265625 0.2359375 0.2859375
0 0.36640625 0.2234375 0.2515625 0.325
1 0.25625 0.1765625 0.215625 0.271875
0 0.54375 0.62265625 0.228125 0.3015625
0 0.43125 0.55390625 0.2625 0.3421875
0 0.29921875 0.478125 0.2421875 0.31875
0 0.1890625 0.41640625 0.246875 0.3078125
0 0.0984375 0.3375 0.196875 0.253125
0 0.053125 0.30234375 0.10625 0.2515625
0 0.17109375 0.14453125 0.1890625 0.1609375