0 0.08828125 0.1765625 0.0765625 0.14375
0 0.02578125 0.4375 0.0515625 0.159375
0 0.08046875 0.31640625 0.1234375 0.1421875
0 0.1875 0.19921875 0.10625 0.1359375
0 0.3546875 0.1671875 0.11875 0.125
0 0.3078125 0.1953125 0.115625 0.109375
0 0.26640625 0.24375 0.1265625 0.14375
0 0.21953125 0.309375 0.1453125 0.1875
0 0.1796875 0.36875 0.153125 0.1875
0 0.11171875 0.44765625 0.1609375 0.2015625
0 0.0625 0.53515625 0.125 0.2515625
0 0.03671875 0.6171875 0.0734375 0.25625
0 0.159375 0.8390625 0.196875 0.190625
0 0.21171875 0.721875 0.2359375 0.228125
0 0.27890625 0.62109375 0.1796875 0.1828125
0 0.30546875 0.54609375 0.1734375 0.1734375
0 0.3421875 0.471875 0.15625 0.15
0 0.3875 0.4078125 0.1375 0.125
0 0.41015625 0.3515625 0.1234375 0.1125
0 0.45078125 0.29140625 0.1140625 0.1046875
0 0.471875 0.24140625 0.121875 0.0984375
0 0.29765625 0.9265625 0.1796875 0.1125
0 0.3234375 0.84921875 0.16875 0.1421875
0 0.3640625 0.76484375 0.16875 0.1328125
0 0.39453125 0.684375 0.1640625 0.13125
0 0.4203125 0.61484375 0.153125 0.1234375
0 0.45078125 0.54453125 0.1453125 0.1140625
0 0.46796875 0.48671875 0.1359375 0.1078125
0 0.4984375 0.4296875 0.134375 0.09375
1 0.51015625 0.39765625 0.1171875 0.0796875
0 0.584375 0.9578125 0.184375 0.084375
0 0.60859375 0.8953125 0.1703125 0.1375
0 0.63203125 0.81875 0.1640625 0.134375
0 0.646875 0.734375 0.15 0.121875
0 0.6640625 0.6640625 0.134375 0.103125
0 0.678125 0.60859375 0.1375 0.0953125
0 0.69765625 0.55546875 0.1296875 0.1015625
0 0.71640625 0.5 0.1203125 0.09375
0 0.71796875 0.45234375 0.1109375 0.0859375
0 0.72890625 0.4078125 0.1140625 0.08125
0 0.74140625 0.365625 0.1078125 0.078125
0 0.7484375 0.9484375 0.171875 0.103125
1 0.75234375 0.88203125 0.1484375 0.1078125
0 0.7640625 0.79921875 0.125 0.1109375
0 0.76796875 0.7234375 0.1328125 0.096875
0 0.78125 0.66328125 0.125 0.0953125
0 0.79296875 0.603125 0.1203125 0.09375
0 0.80390625 0.54296875 0.1078125 0.0765625
0 0.81171875 0.4953125 0.1046875 0.075
0 0.81796875 0.45234375 0.1046875 0.0765625
0 0.83203125 0.4046875 0.0984375 0.078125
0 0.96015625 0.490625 0.0796875 0.078125
0 0.95859375 0.53984375 0.0828125 0.0796875
0 0.96015625 0.58125 0.0796875 0.084375
0 0.95625 0.62734375 0.071875 0.0859375