0 0.0484375 0.55859375 0.096875 0.1578125
0 0.04453125 0.6875 0.0609375 0.15
0 0.1546875 0.9609375 0.121875 0.078125
0 0.14453125 0.8296875 0.1515625 0.184375
0 0.15078125 0.6671875 0.1265625 0.146875
0 0.15546875 0.4953125 0.1078125 0.140625
0 0.2671875 0.3515625 0.121875 0.13125
0 0.2484375 0.40703125 0.11875 0.1109375
0 0.2484375 0.47578125 0.128125 0.1484375
0 0.25859375 0.5625 0.1453125 0.19375
0 0.2671875 0.63828125 0.15625 0.1953125
0 0.2671875 0.7515625 0.1625 0.209375
0 0.26640625 0.87109375 0.1796875 0.2578125
0 0.26484375 0.91953125 0.1921875 0.1609375
0 0.56484375 0.96796875 0.1734375 0.0640625
0 0.54140625 0.8921875 0.2421875 0.215625
0 0.5265625 0.77265625 0.184375 0.1890625
0 0.49375 0.69453125 0.178125 0.1765625
0 0.471875 0.60859375 0.1625 0.1546875
0 0.4625 0.5234375 0.140625 0.128125
0 0.44140625 0.4625 0.1296875 0.115625
0 0.4328125 0.384375 0.11875 0.10625
0 0.41484375 0.33125 0.1265625 0.1
0 0.71953125 0.91484375 0.1703125 0.1234375
0 0.69375 0.828125 0.175 0.134375
0 0.66328125 0.74296875 0.1703125 0.1328125
0 0.6359375 0.66875 0.159375 0.125
0 0.61015625 0.59140625 0.1515625 0.1140625
0 0.584375 0.5296875 0.140625 0.109375
0 0.56796875 0.46484375 0.1421875 0.0953125
1 0.5546875 0.4296875 0.121875 0.08125
0 0.96640625 0.8421875 0.0671875 0.11875
0 0.94765625 0.76328125 0.1046875 0.1390625
0 0.93203125 0.684375 0.1359375 0.1375
0 0.9015625 0.60625 0.15625 0.125
0 0.86796875 0.53671875 0.1421875 0.1046875
0 0.83828125 0.48203125 0.1453125 0.0953125
0 0.81640625 0.42578125 0.1359375 0.1015625
0 0.79375 0.36875 0.125 0.09375
0 0.7625 0.328125 0.115625 0.0875
0 0.73828125 0.284375 0.1203125 0.08125
0 0.71796875 0.24140625 0.1140625 0.0796875
0 0.98828125 0.58359375 0.0234375 0.1015625
0 0.9609375 0.515625 0.078125 0.090625
0 0.946875 0.45625 0.10625 0.09375
0 0.928125 0.396875 0.125 0.09375
0 0.89453125 0.33984375 0.1109375 0.0765625
0 0.86796875 0.29765625 0.1078125 0.0765625
0 0.8421875 0.25703125 0.109375 0.0765625
0 0.8203125 0.20859375 0.103125 0.0796875