1 0.16328125 0.696875 0.1765625 0.140625
0 0.22890625 0.72265625 0.1546875 0.1640625
0 0.340625 0.73828125 0.1625 0.1671875
0 0.4671875 0.76171875 0.190625 0.1765625
0 0.58046875 0.77890625 0.1609375 0.1640625
0 0.69375 0.8015625 0.184375 0.171875
0 0.8203125 0.8140625 0.165625 0.16875
1 0.23515625 0.4796875 0.1703125 0.15625
0 0.33515625 0.4953125 0.1546875 0.159375
0 0.44921875 0.51328125 0.1484375 0.1484375
0 0.54140625 0.50703125 0.1609375 0.1359375
0 0.65 0.53125 0.1375 0.125
0 0.75 0.55859375 0.1375 0.1140625
0 0.80859375 0.45546875 0.0953125 0.1328125
1 0.73828125 0.45 0.0828125 0.109375
1 0.68515625 0.44921875 0.0859375 0.1109375
1 0.63046875 0.43515625 0.0984375 0.1140625
0 0.575 0.41328125 0.09375 0.1203125
1 0.5203125 0.415625 0.084375 0.121875
1 0.4625 0.4109375 0.08125 0.109375
0 0.39921875 0.396875 0.0859375 0.13125
1 0.35390625 0.39140625 0.0859375 0.1234375
1 0.2953125 0.38359375 0.084375 0.1203125
0 0.2328125 0.36640625 0.090625 0.1296875
0 0.31015625 0.18046875 0.0703125 0.1109375
0 0.36171875 0.18515625 0.0734375 0.1046875
0 0.41328125 0.18984375 0.0671875 0.1015625
1 0.4625 0.20546875 0.08125 0.1015625
0 0.5203125 0.215625 0.075 0.096875
0 0.56796875 0.22265625 0.0734375 0.1109375
0 0.6265625 0.22578125 0.078125 0.1078125