0 0.048828125 0.55859375 0.0966796875 0.158203125
0 0.044921875 0.6875 0.060546875 0.150390625
0 0.154296875 0.9609375 0.1220703125 0.078125
0 0.14453125 0.830078125 0.1513671875 0.1845703125
0 0.150390625 0.6669921875 0.126953125 0.146484375
0 0.1552734375 0.4951171875 0.107421875 0.140625
0 0.267578125 0.3515625 0.1220703125 0.130859375
0 0.248046875 0.4072265625 0.119140625 0.111328125
0 0.248046875 0.4755859375 0.1279296875 0.1484375
0 0.2587890625 0.5625 0.1455078125 0.193359375
0 0.267578125 0.638671875 0.15625 0.1953125
0 0.267578125 0.751953125 0.162109375 0.208984375
0 0.2666015625 0.87109375 0.1796875 0.2578125
0 0.263671875 0.9189453125 0.19140625 0.162109375
0 0.564453125 0.9677734375 0.173828125 0.064453125
0 0.541015625 0.8916015625 0.2421875 0.216796875
0 0.5263671875 0.7724609375 0.1845703125 0.189453125
0 0.494140625 0.6943359375 0.177734375 0.1767578125
0 0.4716796875 0.6083984375 0.162109375 0.154296875
0 0.462890625 0.5234375 0.140625 0.1279296875
0 0.44140625 0.462890625 0.1298828125 0.115234375
0 0.4326171875 0.384765625 0.119140625 0.1064453125
0 0.4150390625 0.3310546875 0.126953125 0.099609375
0 0.7197265625 0.9150390625 0.169921875 0.123046875
0 0.693359375 0.828125 0.1748046875 0.134765625
0 0.6630859375 0.7431640625 0.169921875 0.1328125
0 0.6357421875 0.6689453125 0.1591796875 0.125
0 0.6103515625 0.591796875 0.1513671875 0.1142578125
0 0.583984375 0.529296875 0.140625 0.109375
0 0.568359375 0.46484375 0.142578125 0.095703125
1 0.5546875 0.4296875 0.1220703125 0.0810546875
0 0.9658203125 0.8408203125 0.068359375 0.119140625
0 0.947265625 0.763671875 0.1044921875 0.138671875
0 0.931640625 0.6845703125 0.1357421875 0.1376953125
0 0.9013671875 0.6064453125 0.15625 0.125
0 0.8681640625 0.537109375 0.142578125 0.1044921875
0 0.837890625 0.482421875 0.1455078125 0.095703125
0 0.81640625 0.42578125 0.1357421875 0.1015625
0 0.7939453125 0.369140625 0.125 0.09375
0 0.7626953125 0.328125 0.115234375 0.087890625
0 0.73828125 0.2841796875 0.1201171875 0.0810546875
0 0.7177734375 0.2412109375 0.1142578125 0.080078125
0 0.98828125 0.583984375 0.0234375 0.1015625
0 0.9609375 0.515625 0.078125 0.0908203125
0 0.9462890625 0.455078125 0.107421875 0.09375
0 0.927734375 0.396484375 0.125 0.09375
0 0.89453125 0.33984375 0.111328125 0.076171875
0 0.8681640625 0.2978515625 0.107421875 0.076171875
0 0.841796875 0.2568359375 0.109375 0.076171875
0 0.8203125 0.208984375 0.103515625 0.080078125