0 0.1513671875 0.818359375 0.302734375 0.2841796875
0 0.2587890625 0.705078125 0.3017578125 0.2890625
0 0.365234375 0.6083984375 0.2294921875 0.248046875
0 0.439453125 0.5009765625 0.2158203125 0.220703125
0 0.515625 0.412109375 0.2158203125 0.185546875
0 0.572265625 0.3427734375 0.1923828125 0.1796875
0 0.623046875 0.3076171875 0.1689453125 0.150390625
0 0.6640625 0.2666015625 0.15625 0.126953125
0 0.6884765625 0.232421875 0.1611328125 0.109375
0 0.7109375 0.19921875 0.1591796875 0.111328125
0 0.7373046875 0.166015625 0.1533203125 0.1044921875
0 0.76953125 0.142578125 0.1328125 0.0908203125
0 0.79296875 0.1171875 0.126953125 0.078125
1 0.8076171875 0.09765625 0.130859375 0.0673828125
1 0.830078125 0.0732421875 0.1220703125 0.056640625
0 0.068359375 0.5849609375 0.13671875 0.169921875
1 0.134765625 0.5068359375 0.2060546875 0.1640625
1 0.216796875 0.4345703125 0.212890625 0.150390625
1 0.3134765625 0.33984375 0.1611328125 0.126953125
1 0.3798828125 0.294921875 0.1435546875 0.1142578125
0 0.427734375 0.236328125 0.1376953125 0.103515625
0 0.478515625 0.2060546875 0.1220703125 0.0908203125
0 0.5234375 0.185546875 0.115234375 0.087890625
1 0.56640625 0.1591796875 0.0986328125 0.072265625
1 0.6044921875 0.1337890625 0.1064453125 0.0673828125
1 0.630859375 0.1083984375 0.1220703125 0.0673828125
1 0.666015625 0.0888671875 0.109375 0.0625
1 0.6904296875 0.064453125 0.1064453125 0.048828125
1 0.7158203125 0.046875 0.1064453125 0.046875
1 0.123046875 0.134765625 0.1298828125 0.09375
1 0.1767578125 0.111328125 0.119140625 0.0908203125
0 0.23046875 0.0869140625 0.107421875 0.080078125
0 0.2822265625 0.068359375 0.111328125 0.0673828125
1 0.3349609375 0.048828125 0.095703125 0.0576171875
1 0.3720703125 0.0302734375 0.1064453125 0.060546875
1 0.408203125 0.0185546875 0.099609375 0.037109375
1 0.4375 0.009765625 0.1064453125 0.0185546875
1 0.126953125 0.048828125 0.103515625 0.0830078125
1 0.1767578125 0.033203125 0.111328125 0.06640625
1 0.220703125 0.0185546875 0.109375 0.037109375
1 0.275390625 0.015625 0.1123046875 0.03125
1 0.302734375 0.0068359375 0.1044921875 0.013671875
0 0.8427734375 0.9697265625 0.154296875 0.060546875
0 0.876953125 0.8759765625 0.138671875 0.154296875
0 0.9130859375 0.751953125 0.111328125 0.119140625
0 0.943359375 0.61328125 0.1064453125 0.1171875
0 0.9580078125 0.5234375 0.083984375 0.09375
0 0.970703125 0.447265625 0.056640625 0.064453125
0 0.978515625 0.384765625 0.041015625 0.046875
0 0.9853515625 0.3505859375 0.029296875 0.060546875
0 0.9912109375 0.302734375 0.017578125 0.052734375