0 0.8486328125 0.865234375 0.302734375 0.2578125
0 0.751953125 0.72265625 0.2841796875 0.267578125
0 0.6572265625 0.6044921875 0.2109375 0.234375
0 0.595703125 0.48046875 0.2001953125 0.2080078125
0 0.53125 0.373046875 0.2060546875 0.1689453125
0 0.482421875 0.2919921875 0.181640625 0.166015625
0 0.4365234375 0.248046875 0.1611328125 0.1357421875
0 0.400390625 0.197265625 0.1533203125 0.1123046875
0 0.380859375 0.158203125 0.1591796875 0.091796875
0 0.36328125 0.119140625 0.158203125 0.095703125
0 0.33984375 0.080078125 0.1513671875 0.0888671875
0 0.310546875 0.048828125 0.130859375 0.078125
0 0.291015625 0.029296875 0.1279296875 0.048828125
1 0.279296875 0.0146484375 0.1328125 0.017578125
0 0.953125 0.6337890625 0.09375 0.154296875
1 0.9072265625 0.537109375 0.185546875 0.1484375
1 0.8388671875 0.4462890625 0.208984375 0.1298828125
1 0.7548828125 0.3330078125 0.15625 0.1123046875
1 0.6923828125 0.2724609375 0.140625 0.1015625
0 0.65234375 0.205078125 0.1328125 0.0908203125
0 0.603515625 0.1650390625 0.1201171875 0.080078125
0 0.5615234375 0.134765625 0.1142578125 0.076171875
1 0.5205078125 0.1015625 0.0966796875 0.0625
1 0.484375 0.068359375 0.1064453125 0.0546875
1 0.4609375 0.037109375 0.125 0.052734375
1 0.4287109375 0.0185546875 0.111328125 0.037109375
1 0.95703125 0.150390625 0.064453125 0.080078125
1 0.931640625 0.1171875 0.111328125 0.0810546875
0 0.8828125 0.08203125 0.1064453125 0.0703125
0 0.83203125 0.052734375 0.111328125 0.056640625
1 0.78125 0.0234375 0.0966796875 0.046875
1 0.7470703125 0.0126953125 0.1064453125 0.025390625
1 0.966796875 0.060546875 0.037109375 0.0703125
1 0.939453125 0.03125 0.09375 0.0625
1 0.908203125 0.01171875 0.1123046875 0.0234375
1 0.8525390625 0.0048828125 0.1142578125 0.009765625
0 0.087890625 0.939453125 0.150390625 0.119140625
0 0.0732421875 0.798828125 0.130859375 0.1484375
0 0.056640625 0.662109375 0.107421875 0.1123046875
0 0.0498046875 0.513671875 0.099609375 0.1142578125
0 0.0439453125 0.416015625 0.087890625 0.0888671875
0 0.0380859375 0.3330078125 0.076171875 0.056640625
0 0.0361328125 0.265625 0.072265625 0.037109375
0 0.0322265625 0.228515625 0.064453125 0.0546875
0 0.029296875 0.177734375 0.05859375 0.046875
0 0.0283203125 0.1416015625 0.056640625 0.0419921875
0 0.025390625 0.1025390625 0.05078125 0.044921875
0 0.0224609375 0.06640625 0.044921875 0.0390625