1 0.857421875 0.220703125 0.1767578125 0.263671875
1 0.826171875 0.37109375 0.171875 0.2392578125
0 0.943359375 0.2705078125 0.1123046875 0.212890625
0 0.9287109375 0.4423828125 0.142578125 0.2529296875
0 0.779296875 0.517578125 0.171875 0.2705078125
0 0.9091796875 0.6435546875 0.171875 0.28125
0 0.7275390625 0.7001953125 0.2080078125 0.259765625
0 0.6904296875 0.8740234375 0.177734375 0.251953125
1 0.87109375 0.8115234375 0.1982421875 0.3076171875
0 0.8310546875 0.9150390625 0.193359375 0.169921875
1 0.685546875 0.9638671875 0.1689453125 0.072265625
1 0.591796875 0.0341796875 0.142578125 0.068359375
0 0.69140625 0.05078125 0.1455078125 0.0986328125
0 0.5361328125 0.1376953125 0.150390625 0.234375
0 0.64453125 0.201171875 0.1455078125 0.234375
1 0.5068359375 0.2705078125 0.1640625 0.2470703125
1 0.5986328125 0.3623046875 0.134765625 0.2470703125
1 0.4755859375 0.4091796875 0.1669921875 0.2529296875
1 0.556640625 0.5205078125 0.1640625 0.275390625
1 0.443359375 0.5458984375 0.193359375 0.2861328125
0 0.5126953125 0.669921875 0.166015625 0.2919921875
0 0.37109375 0.7451171875 0.173828125 0.291015625
0 0.46484375 0.841796875 0.158203125 0.3154296875
0 0.326171875 0.87890625 0.169921875 0.232421875
1 0.427734375 0.9345703125 0.16015625 0.130859375
1 0.0947265625 0.8486328125 0.138671875 0.208984375
0 0.013671875 0.8828125 0.0263671875 0.0966796875
0 0.0419921875 0.7890625 0.083984375 0.271484375
1 0.1416015625 0.7421875 0.1669921875 0.255859375
1 0.0703125 0.6337890625 0.140625 0.2294921875
1 0.19921875 0.572265625 0.1640625 0.279296875
0 0.1181640625 0.4638671875 0.169921875 0.244140625
1 0.251953125 0.4365234375 0.1533203125 0.2734375
0 0.1884765625 0.310546875 0.1611328125 0.232421875
0 0.30859375 0.2626953125 0.1513671875 0.25
1 0.21875 0.193359375 0.1845703125 0.265625
0 0.3525390625 0.12109375 0.1669921875 0.2294921875
1 0.267578125 0.087890625 0.154296875 0.1748046875
1 0.390625 0.046875 0.1533203125 0.09375
0 0.306640625 0.0107421875 0.1328125 0.021484375
1 0.1103515625 0.0478515625 0.111328125 0.095703125
0 0.0771484375 0.1162109375 0.095703125 0.232421875