1 0.7890625 0.83515625 0.2125 0.1796875
0 0.71328125 0.84375 0.1921875 0.2
0 0.590625 0.8328125 0.203125 0.20625
0 0.45 0.8234375 0.234375 0.221875
0 0.325 0.8125 0.2 0.203125
0 0.19921875 0.80703125 0.2265625 0.2140625
0 0.08203125 0.78359375 0.1640625 0.2078125
1 0.7703125 0.58671875 0.209375 0.1953125
0 0.66015625 0.5765625 0.1921875 0.196875
0 0.53515625 0.5640625 0.1828125 0.18125
0 0.4390625 0.5328125 0.19375 0.171875
0 0.315625 0.53046875 0.16875 0.1578125
0 0.203125 0.5328125 0.165625 0.14375
0 0.16953125 0.4078125 0.1234375 0.159375
1 0.24453125 0.42265625 0.1078125 0.1328125
1 0.303125 0.43515625 0.109375 0.1328125
1 0.3640625 0.43515625 0.125 0.1390625
0 0.428125 0.42578125 0.121875 0.1453125
1 0.484375 0.44296875 0.109375 0.1453125
1 0.5484375 0.4546875 0.10625 0.13125
0 0.61875 0.45546875 0.1125 0.1546875
1 0.66796875 0.4625 0.1109375 0.146875
1 0.73125 0.46875 0.109375 0.14375
0 0.80234375 0.46796875 0.1171875 0.1546875
0 0.77109375 0.25 0.0921875 0.13125
0 0.71484375 0.240625 0.0953125 0.125
0 0.659375 0.23125 0.0875 0.11875
1 0.60234375 0.2359375 0.1046875 0.121875
0 0.53828125 0.23046875 0.0953125 0.1171875
0 0.4859375 0.22578125 0.096875 0.1328125
0 0.421875 0.2140625 0.1 0.128125