0 0.087890625 0.1767578125 0.076171875 0.1435546875
0 0.025390625 0.4365234375 0.05078125 0.158203125
0 0.080078125 0.31640625 0.123046875 0.142578125
0 0.1875 0.19921875 0.1064453125 0.1357421875
0 0.3544921875 0.1669921875 0.119140625 0.125
0 0.3076171875 0.1953125 0.115234375 0.109375
0 0.2666015625 0.244140625 0.126953125 0.1435546875
0 0.2197265625 0.3095703125 0.1455078125 0.1875
0 0.1796875 0.369140625 0.1533203125 0.1875
0 0.111328125 0.447265625 0.1611328125 0.201171875
0 0.0625 0.53515625 0.125 0.251953125
0 0.037109375 0.6171875 0.0732421875 0.255859375
0 0.1591796875 0.8388671875 0.197265625 0.1904296875
0 0.2119140625 0.7216796875 0.236328125 0.228515625
0 0.279296875 0.62109375 0.1796875 0.1826171875
0 0.3056640625 0.5458984375 0.173828125 0.173828125
0 0.341796875 0.4716796875 0.15625 0.150390625
0 0.3876953125 0.408203125 0.1376953125 0.125
0 0.41015625 0.3515625 0.123046875 0.1123046875
0 0.451171875 0.291015625 0.1142578125 0.1044921875
0 0.4716796875 0.2412109375 0.1220703125 0.0986328125
0 0.2978515625 0.9267578125 0.1796875 0.1123046875
0 0.3232421875 0.849609375 0.1689453125 0.142578125
0 0.3642578125 0.7646484375 0.1689453125 0.1328125
0 0.39453125 0.6845703125 0.1640625 0.130859375
0 0.419921875 0.615234375 0.1533203125 0.123046875
0 0.451171875 0.544921875 0.1455078125 0.1142578125
0 0.4677734375 0.486328125 0.1357421875 0.107421875
0 0.498046875 0.4296875 0.134765625 0.09375
1 0.509765625 0.3974609375 0.1171875 0.080078125
0 0.583984375 0.9580078125 0.1845703125 0.083984375
0 0.6083984375 0.8955078125 0.169921875 0.1376953125
0 0.6318359375 0.818359375 0.1640625 0.134765625
0 0.646484375 0.734375 0.150390625 0.1220703125
0 0.6640625 0.6640625 0.134765625 0.103515625
0 0.677734375 0.6083984375 0.1376953125 0.095703125
0 0.697265625 0.5556640625 0.1298828125 0.1015625
0 0.716796875 0.5 0.1201171875 0.09375
0 0.7177734375 0.4521484375 0.111328125 0.0859375
0 0.728515625 0.408203125 0.1142578125 0.0810546875
0 0.7412109375 0.365234375 0.107421875 0.078125
0 0.748046875 0.9482421875 0.171875 0.103515625
1 0.751953125 0.8818359375 0.1484375 0.107421875
0 0.763671875 0.798828125 0.125 0.111328125
0 0.767578125 0.7236328125 0.1328125 0.0966796875
0 0.78125 0.6630859375 0.125 0.095703125
0 0.79296875 0.603515625 0.1201171875 0.09375
0 0.8037109375 0.54296875 0.107421875 0.076171875
0 0.8115234375 0.4951171875 0.1044921875 0.0751953125
0 0.818359375 0.4521484375 0.1044921875 0.076171875
0 0.83203125 0.404296875 0.0986328125 0.078125
0 0.9599609375 0.490234375 0.080078125 0.078125
0 0.9580078125 0.5400390625 0.083984375 0.080078125
0 0.9599609375 0.5810546875 0.080078125 0.083984375
0 0.9560546875 0.626953125 0.072265625 0.0859375