1 0.7890625 0.8349609375 0.212890625 0.1796875
0 0.712890625 0.84375 0.1923828125 0.2001953125
0 0.5908203125 0.8330078125 0.203125 0.2060546875
0 0.4501953125 0.8232421875 0.234375 0.2216796875
0 0.3251953125 0.8125 0.2001953125 0.203125
0 0.19921875 0.806640625 0.2265625 0.2138671875
0 0.08203125 0.783203125 0.1640625 0.2080078125
1 0.7705078125 0.5869140625 0.208984375 0.1953125
0 0.66015625 0.576171875 0.1923828125 0.197265625
0 0.53515625 0.564453125 0.1826171875 0.181640625
0 0.439453125 0.533203125 0.193359375 0.171875
0 0.3154296875 0.5302734375 0.1689453125 0.158203125
0 0.203125 0.533203125 0.166015625 0.1435546875
0 0.169921875 0.408203125 0.123046875 0.1591796875
1 0.244140625 0.4228515625 0.107421875 0.1328125
1 0.302734375 0.435546875 0.109375 0.1328125
1 0.3642578125 0.435546875 0.125 0.138671875
0 0.427734375 0.42578125 0.1220703125 0.1455078125
1 0.484375 0.443359375 0.109375 0.1455078125
1 0.548828125 0.455078125 0.1064453125 0.130859375
0 0.619140625 0.455078125 0.1123046875 0.154296875
1 0.66796875 0.462890625 0.111328125 0.146484375
1 0.7314453125 0.46875 0.109375 0.1435546875
0 0.802734375 0.4677734375 0.1171875 0.154296875
0 0.771484375 0.25 0.091796875 0.130859375
0 0.71484375 0.240234375 0.095703125 0.125
0 0.6591796875 0.2314453125 0.087890625 0.119140625
1 0.6025390625 0.236328125 0.1044921875 0.1220703125
0 0.5380859375 0.23046875 0.095703125 0.1171875
0 0.486328125 0.2255859375 0.0966796875 0.1328125
0 0.421875 0.2138671875 0.099609375 0.1279296875