0 0.87578125 0.82734375 0.1953125 0.3046875
0 0.7671875 0.79765625 0.228125 0.2921875
0 0.6609375 0.7703125 0.234375 0.29375
0 0.521875 0.7359375 0.25 0.26875
0 0.40234375 0.69609375 0.2703125 0.2828125
0 0.2984375 0.66796875 0.240625 0.2703125
0 0.18984375 0.6296875 0.2484375 0.278125
0 0.1015625 0.58984375 0.203125 0.2671875
0 0.934375 0.8421875 0.071875 0.26875
0 0.9234375 0.60546875 0.153125 0.2265625
0 0.828125 0.56796875 0.165625 0.2109375
0 0.7140625 0.5609375 0.184375 0.23125
0 0.61328125 0.5359375 0.1890625 0.225
0 0.5015625 0.5015625 0.1875 0.221875
0 0.40234375 0.4703125 0.1890625 0.228125
0 0.30703125 0.44140625 0.1859375 0.2390625
0 0.215625 0.415625 0.184375 0.225
0 0.121875 0.39921875 0.175 0.2171875
0 0.071875 0.378125 0.14375 0.2
0 0.9703125 0.31796875 0.059375 0.1671875
1 0.92265625 0.31015625 0.1359375 0.1703125
0 0.82890625 0.29140625 0.1453125 0.1828125
0 0.7453125 0.2546875 0.153125 0.196875
0 0.65546875 0.24296875 0.1578125 0.1921875
0 0.575 0.2203125 0.14375 0.1875
0 0.48828125 0.2125 0.1515625 0.190625
0 0.415625 0.18046875 0.15625 0.1953125
0 0.33125 0.17265625 0.16875 0.1890625
0 0.25625 0.16796875 0.171875 0.2203125
1 0.18203125 0.1640625 0.1609375 0.184375
0 0.1265625 0.13984375 0.165625 0.1828125
0 0.10390625 0.1078125 0.1109375 0.184375