1 0.6787109375 0.8564453125 0.1953125 0.162109375
0 0.609375 0.8369140625 0.1748046875 0.1826171875
0 0.5068359375 0.783203125 0.185546875 0.189453125
0 0.388671875 0.7265625 0.2138671875 0.2001953125
0 0.2841796875 0.673828125 0.181640625 0.1845703125
0 0.177734375 0.623046875 0.2080078125 0.193359375
0 0.078125 0.5556640625 0.15625 0.189453125
1 0.748046875 0.6337890625 0.1904296875 0.1767578125
0 0.658203125 0.5869140625 0.1748046875 0.1796875
0 0.552734375 0.53125 0.1669921875 0.166015625
0 0.4814453125 0.470703125 0.177734375 0.15625
0 0.3740234375 0.4248046875 0.154296875 0.1435546875
0 0.275390625 0.38671875 0.1513671875 0.1298828125
0 0.2900390625 0.2666015625 0.111328125 0.1455078125
1 0.349609375 0.3056640625 0.0966796875 0.1201171875
1 0.396484375 0.337890625 0.0986328125 0.1220703125
1 0.4501953125 0.3583984375 0.1123046875 0.126953125
0 0.5078125 0.373046875 0.109375 0.1328125
1 0.552734375 0.4072265625 0.0986328125 0.1328125
1 0.603515625 0.439453125 0.09375 0.1201171875
0 0.6640625 0.46484375 0.099609375 0.142578125
1 0.705078125 0.4892578125 0.099609375 0.134765625
1 0.7578125 0.5166015625 0.099609375 0.1328125
0 0.8203125 0.5400390625 0.1064453125 0.142578125
0 0.8681640625 0.341796875 0.0830078125 0.1201171875
0 0.822265625 0.3125 0.0859375 0.115234375
0 0.7783203125 0.2861328125 0.078125 0.109375
1 0.7265625 0.26953125 0.09375 0.111328125
0 0.6728515625 0.2421875 0.0859375 0.1064453125
0 0.6279296875 0.220703125 0.087890625 0.1220703125
0 0.578125 0.1875 0.0908203125 0.119140625