0 0.159375 0.81328125 0.265625 0.3421875
0 0.25625 0.69140625 0.25625 0.2921875
0 0.37109375 0.5625 0.2265625 0.278125
0 0.45 0.44921875 0.234375 0.2734375
0 0.5453125 0.340625 0.190625 0.25
0 0.62109375 0.2609375 0.2015625 0.2875
1 0.70390625 0.1625 0.1765625 0.26875
0 0.6 0.67578125 0.18125 0.2671875
0 0.67578125 0.5765625 0.2078125 0.303125
0 0.76796875 0.46328125 0.1921875 0.2828125
0 0.84453125 0.37109375 0.1984375 0.2703125
0 0.9046875 0.26953125 0.171875 0.2203125
0 0.94296875 0.209375 0.1140625 0.221875
0 0.96640625 0.11796875 0.0671875 0.1765625
0 0.765625 0.10078125 0.178125 0.1765625
0 0.840625 0.05859375 0.146875 0.0796875