0 0.197265625 0.044921875 0.1484375 0.08984375
0 0.1748046875 0.1005859375 0.134765625 0.1455078125
0 0.158203125 0.189453125 0.1435546875 0.1640625
1 0.142578125 0.2978515625 0.119140625 0.1767578125
1 0.1220703125 0.3662109375 0.1279296875 0.173828125
0 0.09765625 0.462890625 0.126953125 0.203125
0 0.064453125 0.564453125 0.1171875 0.193359375
0 0.0517578125 0.69140625 0.103515625 0.1923828125
0 0.03515625 0.802734375 0.0703125 0.2138671875
0 0.296875 0.8642578125 0.166015625 0.197265625
1 0.4443359375 0.9208984375 0.1826171875 0.158203125
0 0.447265625 0.7900390625 0.1484375 0.1796875
0 0.30859375 0.71484375 0.1767578125 0.1767578125
0 0.46875 0.677734375 0.140625 0.15625
0 0.4697265625 0.564453125 0.1611328125 0.158203125
0 0.3330078125 0.5888671875 0.15625 0.150390625
0 0.353515625 0.4775390625 0.1513671875 0.1455078125
1 0.4775390625 0.470703125 0.173828125 0.1845703125
0 0.357421875 0.3876953125 0.158203125 0.1689453125
0 0.501953125 0.37890625 0.150390625 0.138671875
0 0.498046875 0.2958984375 0.1455078125 0.1455078125
1 0.365234375 0.298828125 0.1640625 0.1484375
0 0.4990234375 0.19921875 0.1298828125 0.126953125
0 0.365234375 0.212890625 0.1533203125 0.126953125
0 0.390625 0.142578125 0.140625 0.1064453125
0 0.3955078125 0.0595703125 0.1376953125 0.119140625
1 0.5068359375 0.119140625 0.1328125 0.119140625
1 0.5107421875 0.06640625 0.1123046875 0.126953125
0 0.84375 0.9765625 0.1748046875 0.046875
0 0.705078125 0.9423828125 0.1796875 0.115234375
0 0.849609375 0.9130859375 0.1767578125 0.1484375
0 0.83984375 0.7998046875 0.1298828125 0.1533203125
1 0.712890625 0.8310546875 0.166015625 0.140625
1 0.82421875 0.6865234375 0.1611328125 0.1796875
1 0.7119140625 0.736328125 0.1640625 0.201171875
1 0.826171875 0.5908203125 0.1689453125 0.1845703125
1 0.701171875 0.650390625 0.146484375 0.1923828125
1 0.7080078125 0.5400390625 0.1533203125 0.1923828125
0 0.8271484375 0.4814453125 0.158203125 0.140625
0 0.6904296875 0.4404296875 0.1376953125 0.1533203125
0 0.810546875 0.390625 0.1298828125 0.109375
0 0.6962890625 0.3388671875 0.1328125 0.125
1 0.814453125 0.314453125 0.126953125 0.1279296875
1 0.6943359375 0.2705078125 0.1455078125 0.125
1 0.8037109375 0.244140625 0.138671875 0.1298828125
1 0.697265625 0.1884765625 0.1435546875 0.1201171875
1 0.8076171875 0.171875 0.1376953125 0.1279296875
0 0.6943359375 0.1044921875 0.123046875 0.1220703125
0 0.8017578125 0.099609375 0.125 0.111328125
0 0.6953125 0.056640625 0.119140625 0.080078125
1 0.8046875 0.0625 0.125 0.056640625
1 0.982421875 0.5390625 0.0341796875 0.1376953125
1 0.9814453125 0.45703125 0.037109375 0.1328125
1 0.9765625 0.3701171875 0.046875 0.1279296875
1 0.9658203125 0.2978515625 0.068359375 0.119140625
0 0.9609375 0.216796875 0.078125 0.1123046875
0 0.955078125 0.142578125 0.087890625 0.111328125
1 0.94921875 0.0986328125 0.1015625 0.078125