0 0.1515625 0.81875 0.303125 0.284375
0 0.25859375 0.70546875 0.3015625 0.2890625
0 0.36484375 0.60859375 0.2296875 0.2484375
0 0.4390625 0.50078125 0.215625 0.2203125
0 0.515625 0.41171875 0.215625 0.1859375
0 0.57265625 0.34296875 0.1921875 0.1796875
0 0.6234375 0.3078125 0.16875 0.15
0 0.6640625 0.26640625 0.15625 0.1265625
0 0.68828125 0.2328125 0.1609375 0.109375
0 0.7109375 0.19921875 0.159375 0.1109375
0 0.7375 0.16640625 0.153125 0.1046875
0 0.76953125 0.1421875 0.1328125 0.090625
0 0.79296875 0.1171875 0.1265625 0.078125
1 0.8078125 0.09765625 0.13125 0.0671875
1 0.8296875 0.0734375 0.121875 0.05625
0 0.06875 0.5859375 0.1375 0.16875
1 0.134375 0.50703125 0.20625 0.1640625
1 0.2171875 0.434375 0.2125 0.15
1 0.31328125 0.33984375 0.1609375 0.1265625
1 0.3796875 0.29453125 0.14375 0.1140625
0 0.428125 0.2359375 0.1375 0.103125
0 0.478125 0.20625 0.121875 0.090625
0 0.5234375 0.1859375 0.115625 0.0875
1 0.56640625 0.159375 0.0984375 0.071875
1 0.6046875 0.13359375 0.10625 0.0671875
1 0.63125 0.10859375 0.121875 0.0671875
1 0.665625 0.0890625 0.109375 0.0625
1 0.690625 0.06484375 0.10625 0.0484375
1 0.715625 0.046875 0.10625 0.046875
1 0.12265625 0.134375 0.1296875 0.09375
1 0.1765625 0.1109375 0.11875 0.090625
0 0.23046875 0.08671875 0.1078125 0.0796875
0 0.28203125 0.06796875 0.1109375 0.0671875
1 0.33515625 0.04921875 0.0953125 0.0578125
1 0.371875 0.03046875 0.10625 0.0609375
1 0.4078125 0.01875 0.1 0.0375
1 0.4375 0.009375 0.10625 0.01875
1 0.1265625 0.04921875 0.103125 0.0828125
1 0.178125 0.03359375 0.1125 0.0671875
1 0.2203125 0.01875 0.109375 0.0375
1 0.275 0.015625 0.1125 0.03125
1 0.30234375 0.00703125 0.1046875 0.0140625
0 0.84375 0.9703125 0.153125 0.059375
0 0.87734375 0.87578125 0.1390625 0.1546875
0 0.91328125 0.7515625 0.1109375 0.11875
0 0.94375 0.61328125 0.10625 0.1171875
0 0.95859375 0.5234375 0.0828125 0.09375
0 0.9703125 0.44765625 0.05625 0.0640625
0 0.978125 0.384375 0.040625 0.046875
0 0.98515625 0.35078125 0.0296875 0.0609375
0 0.99140625 0.303125 0.0171875 0.053125