0 0.87890625 0.11796875 0.1359375 0.2265625
0 0.9140625 0.25625 0.14375 0.284375
0 0.934375 0.4078125 0.13125 0.29375
1 0.9515625 0.60703125 0.096875 0.3703125
1 0.984375 0.75390625 0.03125 0.2765625
1 0.6078125 0.1734375 0.159375 0.228125
1 0.6328125 0.3 0.153125 0.20625
0 0.709375 0.175 0.140625 0.184375
0 0.746875 0.3171875 0.153125 0.21875
0 0.64375 0.4296875 0.15625 0.234375
0 0.7859375 0.48515625 0.15625 0.2421875
0 0.6640625 0.58828125 0.184375 0.2265625
0 0.70078125 0.75390625 0.1609375 0.2546875
1 0.8125 0.62734375 0.178125 0.2671875
0 0.834375 0.7765625 0.18125 0.25625
1 0.73828125 0.871875 0.1640625 0.19375
1 0.32578125 0.0828125 0.1265625 0.13125
0 0.4109375 0.07109375 0.13125 0.1421875
0 0.33046875 0.2140625 0.1359375 0.203125
0 0.43515625 0.22890625 0.1328125 0.2015625
1 0.35078125 0.32734375 0.1484375 0.2140625
1 0.45234375 0.36875 0.1234375 0.2125
1 0.371875 0.446875 0.15 0.21875
1 0.471875 0.50546875 0.15 0.2359375
1 0.39375 0.5625 0.175 0.246875
0 0.48828125 0.63671875 0.1515625 0.2515625
0 0.403125 0.74140625 0.159375 0.2515625
0 0.51171875 0.7984375 0.1484375 0.290625
0 0.41796875 0.87890625 0.1671875 0.2421875
1 0.52109375 0.90625 0.1578125 0.1875
1 0.2265625 0.91015625 0.140625 0.1796875
0 0.14375 0.96875 0.109375 0.0625
0 0.1296875 0.88984375 0.146875 0.2203125
1 0.221875 0.8140625 0.15 0.221875
1 0.12265625 0.75703125 0.1453125 0.1984375
1 0.21171875 0.66484375 0.1484375 0.2421875
0 0.1125 0.60703125 0.153125 0.2109375
1 0.2078125 0.540625 0.140625 0.234375
0 0.1171875 0.46328125 0.14375 0.2015625
0 0.19375 0.38671875 0.1375 0.2140625
1 0.10078125 0.36171875 0.1671875 0.2296875
0 0.1828125 0.26171875 0.15 0.1984375
1 0.096875 0.24140625 0.140625 0.2015625
1 0.171875 0.14921875 0.1375 0.1734375
0 0.0890625 0.13984375 0.121875 0.1328125