1 0.87890625 0.64375 0.1984375 0.2625
0 0.79765625 0.90546875 0.2359375 0.1890625
0 0.6 0.89296875 0.175 0.2140625
1 0.70390625 0.6484375 0.1640625 0.328125
0 0.4390625 0.8875 0.171875 0.225
0 0.5609375 0.6125 0.153125 0.2875
0 0.42265625 0.603125 0.1296875 0.26875
1 0.26171875 0.8515625 0.1921875 0.253125
1 0.309375 0.6046875 0.153125 0.26875
0 0.14296875 0.83125 0.1890625 0.25625
0 0.20390625 0.5828125 0.1546875 0.278125
0 0.0859375 0.55234375 0.146875 0.2765625
0 0.03046875 0.54765625 0.0609375 0.2609375
1 0.05703125 0.81015625 0.1140625 0.2578125
1 0.02421875 0.784375 0.0484375 0.284375
0 0.9515625 0.28671875 0.096875 0.2484375
0 0.8359375 0.27734375 0.1625 0.2421875
0 0.71875 0.27734375 0.14375 0.2078125
0 0.61171875 0.26875 0.1359375 0.20625
1 0.50703125 0.27265625 0.1265625 0.1796875
0 0.41796875 0.25703125 0.1328125 0.1921875
0 0.32109375 0.26171875 0.1109375 0.1890625
1 0.2453125 0.26796875 0.1125 0.1890625
0 0.16875 0.2625 0.134375 0.175
1 0.1015625 0.24609375 0.125 0.1640625
0 0.059375 0.2484375 0.071875 0.146875
1 0.90234375 0.1296875 0.1953125 0.146875
1 0.66875 0.1484375 0.25 0.15625
1 0.45 0.1515625 0.18125 0.1
1 0.26640625 0.1578125 0.1640625 0.0625
1 0.5109375 0.03515625 0.090625 0.0703125
1 0.440625 0.04296875 0.109375 0.0859375
1 0.371875 0.04375 0.1125 0.0875
1 0.30859375 0.0453125 0.1109375 0.090625
1 0.1171875 0.15859375 0.14375 0.0890625
1 0.246875 0.0453125 0.11875 0.090625