1 0.9208984375 0.1220703125 0.0986328125 0.244140625
0 0.8349609375 0.1298828125 0.1171875 0.259765625
0 0.751953125 0.134765625 0.109375 0.26953125
1 0.662109375 0.142578125 0.1015625 0.28515625
0 0.5810546875 0.142578125 0.107421875 0.28515625
0 0.4892578125 0.1494140625 0.103515625 0.298828125
0 0.4052734375 0.1474609375 0.107421875 0.2890625
0 0.318359375 0.158203125 0.107421875 0.296875
0 0.232421875 0.166015625 0.111328125 0.3017578125
0 0.140625 0.166015625 0.109375 0.2890625
0 0.052734375 0.1728515625 0.10546875 0.291015625
0 0.0830078125 0.8525390625 0.119140625 0.294921875
0 0.181640625 0.8466796875 0.119140625 0.306640625
0 0.267578125 0.841796875 0.111328125 0.310546875
0 0.3583984375 0.8310546875 0.1201171875 0.318359375
0 0.4443359375 0.8212890625 0.1171875 0.3203125
1 0.53515625 0.810546875 0.111328125 0.322265625
0 0.6220703125 0.806640625 0.103515625 0.3125
0 0.7099609375 0.802734375 0.1142578125 0.330078125
0 0.7958984375 0.7890625 0.1142578125 0.328125
0 0.884765625 0.775390625 0.1220703125 0.318359375
0 0.9580078125 0.759765625 0.083984375 0.328125