1 0.0537109375 0.681640625 0.107421875 0.140625
0 0.1845703125 0.7548828125 0.197265625 0.1591796875
0 0.3388671875 0.857421875 0.212890625 0.166015625
0 0.5126953125 0.927734375 0.2470703125 0.1435546875
0 0.720703125 0.98828125 0.2236328125 0.0234375
0 0.7978515625 0.9306640625 0.134765625 0.138671875
1 0.705078125 0.9091796875 0.125 0.1591796875
0 0.88671875 0.9580078125 0.1015625 0.083984375
0 0.6240234375 0.8564453125 0.1142578125 0.1689453125
0 0.55078125 0.8154296875 0.1201171875 0.166015625
1 0.478515625 0.7705078125 0.119140625 0.162109375
0 0.4033203125 0.7412109375 0.115234375 0.1640625
0 0.3349609375 0.7109375 0.0986328125 0.171875
1 0.259765625 0.6669921875 0.1171875 0.1533203125
0 0.201171875 0.62890625 0.125 0.1484375
1 0.3623046875 0.5068359375 0.130859375 0.107421875
0 0.490234375 0.560546875 0.2080078125 0.1123046875
1 0.634765625 0.6357421875 0.1875 0.1123046875
1 0.7802734375 0.7060546875 0.201171875 0.109375
0 0.4375 0.384765625 0.115234375 0.107421875
1 0.50390625 0.423828125 0.091796875 0.1044921875
0 0.5615234375 0.4375 0.0859375 0.1279296875
1 0.6142578125 0.4609375 0.0908203125 0.125
0 0.673828125 0.486328125 0.0830078125 0.1279296875
0 0.7421875 0.5087890625 0.0908203125 0.1328125
0 0.8056640625 0.537109375 0.1015625 0.142578125
1 0.8564453125 0.572265625 0.09375 0.1357421875
0 0.9287109375 0.595703125 0.0888671875 0.1484375
1 0.40625 0.263671875 0.0810546875 0.099609375
0 0.443359375 0.283203125 0.09375 0.09375
0 0.4951171875 0.298828125 0.078125 0.091796875
0 0.55078125 0.3232421875 0.095703125 0.09375
0 0.591796875 0.341796875 0.1044921875 0.0986328125
0 0.6513671875 0.3623046875 0.09375 0.09375
0 0.69921875 0.3828125 0.1044921875 0.1123046875
0 0.755859375 0.408203125 0.0966796875 0.0986328125
0 0.8154296875 0.423828125 0.1123046875 0.09375
0 0.8662109375 0.4501953125 0.095703125 0.09375
0 0.927734375 0.4765625 0.0966796875 0.109375
0 0.97265625 0.5 0.0546875 0.1220703125
1 0.408203125 0.1513671875 0.0966796875 0.0810546875
0 0.4541015625 0.16796875 0.0830078125 0.0888671875
0 0.4892578125 0.1904296875 0.099609375 0.0810546875
1 0.5302734375 0.212890625 0.091796875 0.078125
0 0.57421875 0.23046875 0.091796875 0.0830078125
1 0.6181640625 0.2421875 0.095703125 0.078125
1 0.6728515625 0.259765625 0.076171875 0.0703125
0 0.71484375 0.27734375 0.0888671875 0.0830078125
1 0.767578125 0.2998046875 0.0810546875 0.0810546875
0 0.8173828125 0.314453125 0.0810546875 0.0830078125
0 0.8681640625 0.333984375 0.076171875 0.087890625
0 0.9228515625 0.3525390625 0.0888671875 0.0859375
0 0.96875 0.37109375 0.0625 0.0859375
1 0.5263671875 0.125 0.068359375 0.0595703125
1 0.564453125 0.1396484375 0.064453125 0.0576171875
1 0.6005859375 0.154296875 0.0732421875 0.0673828125
1 0.64453125 0.1689453125 0.060546875 0.056640625
1 0.6875 0.18359375 0.068359375 0.0576171875
1 0.728515625 0.193359375 0.068359375 0.0576171875
1 0.771484375 0.2099609375 0.0810546875 0.060546875
0 0.8193359375 0.220703125 0.0732421875 0.0732421875
1 0.861328125 0.2412109375 0.076171875 0.0673828125
1 0.908203125 0.2626953125 0.0810546875 0.0625
1 0.958984375 0.279296875 0.076171875 0.064453125
1 0.572265625 0.0849609375 0.072265625 0.060546875
1 0.603515625 0.0947265625 0.064453125 0.0576171875
0 0.646484375 0.1064453125 0.0654296875 0.068359375
0 0.685546875 0.119140625 0.0732421875 0.068359375
1 0.72265625 0.1416015625 0.076171875 0.064453125
0 0.8984375 0.1943359375 0.072265625 0.0673828125
0 0.9404296875 0.2119140625 0.0654296875 0.060546875
1 0.97265625 0.2216796875 0.0546875 0.068359375