0 0.7515625 0.35 0.103125 0.084375
0 0.65390625 0.37421875 0.1328125 0.0859375
0 0.53828125 0.40234375 0.1265625 0.0765625
0 0.4125 0.42421875 0.121875 0.0890625
0 0.3015625 0.4359375 0.109375 0.08125
0 0.21015625 0.4484375 0.0859375 0.05625
0 0.13203125 0.459375 0.0796875 0.071875
0 0.07734375 0.46484375 0.0578125 0.0484375
0 0.92109375 0.5078125 0.0640625 0.15625
1 0.88671875 0.51796875 0.0828125 0.1421875
1 0.84375 0.5265625 0.090625 0.15625
0 0.81015625 0.546875 0.1015625 0.178125
0 0.75390625 0.559375 0.1015625 0.184375
1 0.7125 0.58203125 0.09375 0.1546875
0 0.65625 0.596875 0.090625 0.171875
1 0.596875 0.6046875 0.090625 0.178125
0 0.53046875 0.6140625 0.0984375 0.184375
0 0.47421875 0.62578125 0.0953125 0.1796875
0 0.4109375 0.63125 0.109375 0.16875
1 0.35546875 0.6296875 0.0984375 0.15625
1 0.30625 0.6265625 0.09375 0.146875
1 0.25859375 0.62578125 0.0953125 0.1421875
0 0.21953125 0.6328125 0.1015625 0.140625
1 0.1765625 0.62265625 0.071875 0.1296875
1 0.146875 0.63046875 0.090625 0.1390625
0 0.11484375 0.62421875 0.0734375 0.1296875
1 0.090625 0.6234375 0.0625 0.128125
1 0.06875 0.61484375 0.059375 0.1046875
0 0.05625 0.6046875 0.075 0.125
1 0.0359375 0.60078125 0.071875 0.1265625
1 0.02421875 0.596875 0.0484375 0.121875