1 0.845703125 0.8193359375 0.142578125 0.142578125
0 0.6845703125 0.833984375 0.2001953125 0.1611328125
0 0.501953125 0.875 0.2138671875 0.1689453125
0 0.306640625 0.8974609375 0.25 0.185546875
0 0.09765625 0.896484375 0.1953125 0.103515625
0 0.0517578125 0.8017578125 0.103515625 0.1904296875
1 0.1396484375 0.791015625 0.126953125 0.1611328125
0 0.2333984375 0.771484375 0.1171875 0.1689453125
0 0.3193359375 0.759765625 0.123046875 0.166015625
1 0.404296875 0.7412109375 0.1201171875 0.1640625
0 0.482421875 0.7421875 0.119140625 0.166015625
0 0.556640625 0.7373046875 0.1015625 0.171875
1 0.6455078125 0.724609375 0.119140625 0.154296875
0 0.712890625 0.708984375 0.126953125 0.150390625
1 0.60546875 0.537109375 0.1328125 0.109375
0 0.466796875 0.5419921875 0.208984375 0.115234375
1 0.3037109375 0.5595703125 0.189453125 0.115234375
1 0.142578125 0.57421875 0.203125 0.111328125
0 0.5791015625 0.3955078125 0.1171875 0.109375
1 0.501953125 0.4072265625 0.09375 0.1044921875
0 0.443359375 0.400390625 0.0888671875 0.1298828125
1 0.3876953125 0.404296875 0.09375 0.126953125
0 0.3203125 0.4052734375 0.083984375 0.1298828125
0 0.2490234375 0.4013671875 0.091796875 0.134765625
0 0.1806640625 0.4052734375 0.1044921875 0.142578125
1 0.1181640625 0.419921875 0.095703125 0.1376953125
0 0.0439453125 0.41796875 0.087890625 0.1513671875
1 0.65234375 0.294921875 0.0830078125 0.1015625
0 0.611328125 0.298828125 0.095703125 0.09375
0 0.5556640625 0.294921875 0.080078125 0.095703125
0 0.49609375 0.2978515625 0.0986328125 0.095703125
0 0.4501953125 0.298828125 0.1064453125 0.099609375
0 0.38671875 0.296875 0.095703125 0.09375
0 0.3359375 0.298828125 0.1064453125 0.1142578125
0 0.2724609375 0.302734375 0.0986328125 0.1015625
0 0.2099609375 0.2958984375 0.1142578125 0.095703125
0 0.154296875 0.302734375 0.0986328125 0.095703125
0 0.0849609375 0.3046875 0.0986328125 0.109375
0 0.0400390625 0.310546875 0.044921875 0.1171875
1 0.69140625 0.1865234375 0.0986328125 0.0830078125
0 0.642578125 0.185546875 0.083984375 0.0908203125
0 0.6005859375 0.1943359375 0.1015625 0.0830078125
1 0.5537109375 0.201171875 0.095703125 0.080078125
0 0.505859375 0.2001953125 0.09375 0.083984375
1 0.4609375 0.1962890625 0.0966796875 0.080078125
1 0.404296875 0.193359375 0.078125 0.072265625
0 0.357421875 0.193359375 0.0908203125 0.083984375
1 0.298828125 0.1962890625 0.0830078125 0.0830078125
0 0.2490234375 0.1923828125 0.0830078125 0.083984375
0 0.193359375 0.1923828125 0.078125 0.087890625
0 0.134765625 0.1904296875 0.0908203125 0.087890625
0 0.0810546875 0.189453125 0.072265625 0.0859375
1 0.58984375 0.119140625 0.0703125 0.060546875
1 0.5478515625 0.1201171875 0.064453125 0.0595703125
1 0.509765625 0.1181640625 0.0751953125 0.0673828125
1 0.462890625 0.119140625 0.0625 0.056640625
1 0.41796875 0.1171875 0.0703125 0.0595703125
1 0.3740234375 0.111328125 0.0703125 0.0595703125
1 0.3271484375 0.1103515625 0.0830078125 0.060546875
0 0.2802734375 0.10546875 0.0732421875 0.0732421875
1 0.2314453125 0.1083984375 0.078125 0.0673828125
1 0.181640625 0.1103515625 0.0830078125 0.064453125
1 0.126953125 0.1083984375 0.078125 0.064453125
1 0.5615234375 0.0654296875 0.0732421875 0.0625
1 0.52734375 0.064453125 0.064453125 0.0595703125
0 0.482421875 0.05859375 0.0673828125 0.0703125
0 0.4423828125 0.0556640625 0.0751953125 0.0703125
1 0.400390625 0.064453125 0.078125 0.0654296875
0 0.2138671875 0.05078125 0.072265625 0.0703125
0 0.169921875 0.0498046875 0.0673828125 0.0625
1 0.125 0.0458984375 0.0751953125 0.0703125
1 0.0888671875 0.0458984375 0.03125 0.0703125