1 0.1484375 0.041015625 0.125 0.08203125
1 0.0478515625 0.037109375 0.083984375 0.07421875
0 0.0478515625 0.130859375 0.0830078125 0.095703125
1 0.150390625 0.134765625 0.115234375 0.0908203125
1 0.0478515625 0.224609375 0.0859375 0.09375
1 0.14453125 0.2265625 0.126953125 0.09375
0 0.0439453125 0.322265625 0.0810546875 0.083984375
1 0.1416015625 0.3310546875 0.1201171875 0.099609375
1 0.041015625 0.4248046875 0.080078125 0.083984375
1 0.142578125 0.427734375 0.1220703125 0.1064453125
0 0.0419921875 0.5302734375 0.083984375 0.107421875
1 0.142578125 0.533203125 0.115234375 0.099609375
1 0.041015625 0.62890625 0.08203125 0.1015625
0 0.138671875 0.626953125 0.109375 0.0908203125
0 0.0390625 0.7265625 0.078125 0.0966796875
0 0.13671875 0.7294921875 0.111328125 0.1064453125
1 0.037109375 0.859375 0.07421875 0.14453125
1 0.134765625 0.85546875 0.1171875 0.1484375
1 0.037109375 0.9638671875 0.0732421875 0.056640625
1 0.12890625 0.9658203125 0.1142578125 0.056640625
0 0.40234375 0.97265625 0.1171875 0.0546875
1 0.5205078125 0.9775390625 0.123046875 0.044921875
0 0.5205078125 0.8671875 0.119140625 0.146484375
0 0.4052734375 0.86328125 0.111328125 0.1484375
0 0.51953125 0.740234375 0.123046875 0.0859375
1 0.404296875 0.740234375 0.111328125 0.09375
1 0.521484375 0.6376953125 0.1201171875 0.0908203125
0 0.4052734375 0.6357421875 0.1171875 0.0966796875
0 0.5224609375 0.5390625 0.1171875 0.099609375
1 0.412109375 0.53125 0.111328125 0.1064453125
0 0.525390625 0.431640625 0.119140625 0.09375
0 0.4140625 0.4248046875 0.109375 0.078125
0 0.525390625 0.3359375 0.115234375 0.0908203125
0 0.4130859375 0.3291015625 0.1171875 0.0859375
1 0.529296875 0.2294921875 0.119140625 0.0908203125
0 0.4130859375 0.224609375 0.1171875 0.087890625
1 0.5302734375 0.13671875 0.1201171875 0.091796875
1 0.41796875 0.1298828125 0.1142578125 0.103515625
1 0.537109375 0.037109375 0.123046875 0.0703125
1 0.416015625 0.0341796875 0.1142578125 0.068359375
1 0.783203125 0.048828125 0.119140625 0.0908203125
0 0.900390625 0.044921875 0.119140625 0.078125
1 0.8974609375 0.138671875 0.107421875 0.095703125
1 0.783203125 0.14453125 0.1123046875 0.080078125
1 0.8984375 0.2451171875 0.109375 0.0908203125
1 0.779296875 0.2373046875 0.119140625 0.1064453125
1 0.900390625 0.33984375 0.119140625 0.1015625
1 0.779296875 0.3427734375 0.125 0.1015625
0 0.8994140625 0.4404296875 0.111328125 0.09375
1 0.78125 0.4345703125 0.125 0.0966796875
1 0.8994140625 0.5400390625 0.1142578125 0.095703125
0 0.7802734375 0.5341796875 0.1201171875 0.109375
0 0.896484375 0.6513671875 0.115234375 0.099609375
1 0.7783203125 0.650390625 0.115234375 0.099609375
1 0.890625 0.751953125 0.115234375 0.09375
1 0.892578125 0.85546875 0.109375 0.111328125
1 0.8876953125 0.953125 0.119140625 0.09375
0 0.7724609375 0.740234375 0.1142578125 0.095703125
0 0.7744140625 0.8466796875 0.1171875 0.0966796875
0 0.76953125 0.947265625 0.1142578125 0.0986328125