1 0.93828125 0.73359375 0.1234375 0.1765625
0 0.7890625 0.80703125 0.24375 0.2015625
0 0.5953125 0.9046875 0.259375 0.190625
0 0.38046875 0.9453125 0.2921875 0.109375
0 0.09609375 0.93828125 0.0734375 0.1234375
1 0.16328125 0.92421875 0.1578125 0.1515625
0 0.2640625 0.8921875 0.146875 0.20625
0 0.35390625 0.8484375 0.1546875 0.203125
1 0.44296875 0.8015625 0.1515625 0.2
0 0.53046875 0.77421875 0.1484375 0.2015625
0 0.61484375 0.74296875 0.1296875 0.2078125
1 0.70703125 0.69921875 0.1484375 0.1890625
0 0.78046875 0.6578125 0.1578125 0.184375
1 0.59921875 0.50234375 0.1609375 0.1359375
0 0.446875 0.55546875 0.253125 0.1484375
1 0.26875 0.6296875 0.228125 0.146875
1 0.1171875 0.696875 0.19375 0.134375
0 0.521875 0.3515625 0.14375 0.134375
1 0.4390625 0.39140625 0.115625 0.1296875
0 0.36875 0.40390625 0.1125 0.1578125
1 0.309375 0.42578125 0.115625 0.1546875
0 0.234375 0.45 0.10625 0.15625
0 0.153125 0.471875 0.115625 0.1625
0 0.078125 0.5 0.13125 0.175
1 0.03515625 0.534375 0.0703125 0.159375
1 0.56875 0.2125 0.103125 0.121875
0 0.52421875 0.23203125 0.1171875 0.1171875
0 0.459375 0.246875 0.1 0.115625
0 0.39296875 0.2703125 0.1203125 0.11875
0 0.34375 0.28828125 0.13125 0.1234375
0 0.27265625 0.30703125 0.1171875 0.1171875
0 0.2140625 0.3265625 0.13125 0.140625
0 0.14453125 0.35390625 0.1203125 0.1234375
0 0.07265625 0.36640625 0.1390625 0.1171875
0 0.0359375 0.390625 0.071875 0.115625
1 0.57578125 0.0796875 0.1203125 0.103125
0 0.5203125 0.09453125 0.103125 0.1109375
0 0.4765625 0.1203125 0.121875 0.103125
1 0.425 0.1421875 0.115625 0.1
0 0.37265625 0.15859375 0.1140625 0.1046875
1 0.321875 0.16875 0.11875 0.1
1 0.25546875 0.1859375 0.0953125 0.090625
0 0.20390625 0.2015625 0.1109375 0.103125
1 0.140625 0.225 0.1 0.1
0 0.08046875 0.2375 0.1015625 0.103125
0 0.03359375 0.25703125 0.0671875 0.1078125
1 0.4390625 0.0390625 0.084375 0.075
1 0.39296875 0.0546875 0.0796875 0.075
1 0.34765625 0.065625 0.0921875 0.084375
1 0.29609375 0.08203125 0.0765625 0.0703125
1 0.24375 0.09453125 0.0875 0.0734375
1 0.1953125 0.10234375 0.0875 0.0734375
1 0.1421875 0.11796875 0.1 0.0765625
0 0.0859375 0.128125 0.090625 0.090625
1 0.03984375 0.1484375 0.0796875 0.084375
1 0.0140625 0.1671875 0.028125 0.078125
1 0.39375 0.01640625 0.08125 0.0234375
1 0.3546875 0.02421875 0.071875 0.0234375
0 0.30078125 0.0375 0.0734375 0.03125
0 0.25625 0.0453125 0.084375 0.034375
1 0.21015625 0.0609375 0.0921875 0.046875
0 0.0203125 0.1046875 0.040625 0.059375