1 0.8994140625 0.630859375 0.201171875 0.3828125
0 0.8056640625 0.576171875 0.388671875 0.416015625
0 0.6220703125 0.556640625 0.5439453125 0.466796875
0 0.4013671875 0.533203125 0.5625 0.451171875
0 0.2255859375 0.5078125 0.451171875 0.3876953125
1 0.1357421875 0.443359375 0.271484375 0.341796875
0 0.955078125 0.3173828125 0.0830078125 0.2216796875
0 0.833984375 0.2578125 0.294921875 0.328125
0 0.708984375 0.234375 0.4921875 0.369140625
0 0.4912109375 0.22265625 0.5205078125 0.373046875
0 0.3173828125 0.169921875 0.474609375 0.337890625
0 0.177734375 0.166015625 0.3544921875 0.267578125
0 0.080078125 0.1494140625 0.1591796875 0.138671875