1 0.05390625 0.68125 0.1078125 0.140625
0 0.184375 0.7546875 0.196875 0.159375
0 0.3390625 0.8578125 0.2125 0.165625
0 0.5125 0.928125 0.246875 0.14375
0 0.72109375 0.98828125 0.2234375 0.0234375
0 0.7984375 0.93125 0.134375 0.1375
1 0.7046875 0.909375 0.125 0.159375
0 0.88671875 0.95859375 0.1015625 0.0828125
0 0.62421875 0.85625 0.1140625 0.16875
0 0.55078125 0.815625 0.1203125 0.165625
1 0.478125 0.7703125 0.11875 0.1625
0 0.403125 0.74140625 0.115625 0.1640625
0 0.33515625 0.7109375 0.0984375 0.171875
1 0.26015625 0.6671875 0.1171875 0.153125
0 0.2015625 0.62890625 0.125 0.1484375
1 0.3625 0.50703125 0.13125 0.1078125
0 0.48984375 0.5609375 0.2078125 0.1125
1 0.634375 0.6359375 0.1875 0.1125
1 0.78046875 0.70625 0.2015625 0.109375
0 0.4375 0.38515625 0.115625 0.1078125
1 0.50390625 0.42421875 0.0921875 0.1046875
0 0.56171875 0.4375 0.0859375 0.128125
1 0.6140625 0.4609375 0.090625 0.125
0 0.67421875 0.4859375 0.0828125 0.128125
0 0.7421875 0.50859375 0.090625 0.1328125
0 0.80546875 0.53671875 0.1015625 0.1421875
1 0.85625 0.57265625 0.09375 0.1359375
0 0.92890625 0.59609375 0.0890625 0.1484375
1 0.40625 0.2640625 0.08125 0.1
0 0.44375 0.2828125 0.09375 0.09375
0 0.4953125 0.29921875 0.078125 0.0921875
0 0.55078125 0.3234375 0.0953125 0.09375
0 0.59140625 0.34140625 0.1046875 0.0984375
0 0.6515625 0.3625 0.09375 0.09375
0 0.69921875 0.3828125 0.1046875 0.1125
0 0.75625 0.40859375 0.096875 0.0984375
0 0.815625 0.4234375 0.1125 0.09375
0 0.86640625 0.45 0.0953125 0.09375
0 0.928125 0.4765625 0.096875 0.109375
0 0.97265625 0.5 0.0546875 0.121875
1 0.4078125 0.1515625 0.096875 0.08125
0 0.45390625 0.16796875 0.0828125 0.0890625
0 0.4890625 0.190625 0.1 0.08125
1 0.53046875 0.2125 0.0921875 0.078125
0 0.57421875 0.23046875 0.0921875 0.0828125
1 0.61796875 0.2421875 0.0953125 0.078125
1 0.67265625 0.26015625 0.0765625 0.0703125
0 0.71484375 0.27734375 0.0890625 0.0828125
1 0.7671875 0.3 0.08125 0.08125
0 0.8171875 0.31484375 0.08125 0.0828125
0 0.86796875 0.334375 0.0765625 0.0875
0 0.92265625 0.35234375 0.0890625 0.0859375
0 0.96875 0.37109375 0.0625 0.0859375
1 0.5265625 0.125 0.06875 0.059375
1 0.56484375 0.13984375 0.0640625 0.0578125
1 0.60078125 0.15390625 0.0734375 0.0671875
1 0.64453125 0.16875 0.0609375 0.05625
1 0.6875 0.18359375 0.06875 0.0578125
1 0.728125 0.19296875 0.06875 0.0578125
1 0.771875 0.21015625 0.08125 0.0609375
0 0.81953125 0.22109375 0.0734375 0.0734375
1 0.86171875 0.24140625 0.0765625 0.0671875
1 0.9078125 0.2625 0.08125 0.0625
1 0.95859375 0.27890625 0.0765625 0.0640625
1 0.571875 0.08515625 0.071875 0.0609375
1 0.60390625 0.09453125 0.0640625 0.0578125
0 0.646875 0.10625 0.065625 0.06875
0 0.68515625 0.11875 0.0734375 0.06875
1 0.72265625 0.14140625 0.0765625 0.0640625
0 0.8984375 0.19453125 0.071875 0.0671875
0 0.940625 0.21171875 0.065625 0.0609375
1 0.97265625 0.221875 0.0546875 0.06875