1 0.890625 0.138671875 0.1376953125 0.125
1 0.9658203125 0.162109375 0.068359375 0.11328125
0 0.9501953125 0.2578125 0.099609375 0.1171875
1 0.861328125 0.232421875 0.1279296875 0.111328125
1 0.9384765625 0.3427734375 0.123046875 0.1142578125
1 0.841796875 0.314453125 0.138671875 0.1171875
0 0.9169921875 0.4296875 0.1220703125 0.103515625
1 0.814453125 0.408203125 0.134765625 0.1220703125
1 0.89453125 0.5244140625 0.126953125 0.1044921875
1 0.787109375 0.4951171875 0.138671875 0.1279296875
0 0.8623046875 0.6171875 0.130859375 0.125
1 0.759765625 0.587890625 0.130859375 0.119140625
1 0.83984375 0.7041015625 0.1328125 0.1201171875
0 0.736328125 0.673828125 0.123046875 0.109375
0 0.81640625 0.79296875 0.1298828125 0.1171875
0 0.712890625 0.765625 0.1279296875 0.125
1 0.78125 0.9140625 0.1376953125 0.1591796875
1 0.677734375 0.876953125 0.1435546875 0.1669921875
1 0.74609375 0.9814453125 0.12890625 0.037109375
1 0.646484375 0.966796875 0.134765625 0.0654296875
0 0.3984375 0.93359375 0.140625 0.1298828125
1 0.2890625 0.9140625 0.1435546875 0.140625
0 0.33203125 0.7822265625 0.1455078125 0.1640625
0 0.435546875 0.810546875 0.1376953125 0.166015625
0 0.3671875 0.669921875 0.134765625 0.111328125
1 0.470703125 0.701171875 0.125 0.1123046875
1 0.39453125 0.578125 0.1328125 0.1123046875
0 0.498046875 0.6083984375 0.1298828125 0.1171875
0 0.4189453125 0.4892578125 0.130859375 0.119140625
1 0.5205078125 0.5126953125 0.1279296875 0.125
0 0.4453125 0.392578125 0.130859375 0.1142578125
0 0.5458984375 0.41796875 0.1201171875 0.0986328125
0 0.4736328125 0.30859375 0.1279296875 0.111328125
0 0.5732421875 0.33203125 0.1279296875 0.107421875
1 0.498046875 0.2119140625 0.130859375 0.111328125
0 0.6015625 0.240234375 0.1279296875 0.107421875
1 0.5224609375 0.1298828125 0.1328125 0.115234375
1 0.6240234375 0.154296875 0.1298828125 0.1220703125
1 0.544921875 0.0419921875 0.1328125 0.083984375
1 0.654296875 0.0615234375 0.126953125 0.1044921875
1 0.318359375 0.01953125 0.130859375 0.0390625
1 0.193359375 0.0439453125 0.1220703125 0.087890625
1 0.2958984375 0.068359375 0.123046875 0.1015625
1 0.1650390625 0.125 0.123046875 0.109375
1 0.271484375 0.15234375 0.134765625 0.126953125
1 0.1376953125 0.2099609375 0.134765625 0.123046875
1 0.244140625 0.2451171875 0.140625 0.125
0 0.109375 0.2998046875 0.125 0.1123046875
1 0.216796875 0.326171875 0.138671875 0.119140625
1 0.083984375 0.388671875 0.126953125 0.1171875
0 0.1904296875 0.416015625 0.1376953125 0.1298828125
0 0.060546875 0.4892578125 0.12109375 0.119140625
1 0.162109375 0.5185546875 0.1298828125 0.119140625
1 0.048828125 0.580078125 0.0966796875 0.1123046875
1 0.03515625 0.671875 0.0703125 0.1279296875
1 0.0244140625 0.7646484375 0.048828125 0.1171875
1 0.0107421875 0.8466796875 0.021484375 0.099609375
0 0.142578125 0.6005859375 0.126953125 0.1171875
0 0.111328125 0.6943359375 0.1298828125 0.1171875
0 0.087890625 0.7861328125 0.1279296875 0.119140625
1 0.0615234375 0.875 0.123046875 0.103515625