0 0.7666015625 0.390625 0.142578125 0.1279296875
0 0.6552734375 0.396484375 0.173828125 0.140625
0 0.521484375 0.40625 0.1640625 0.1279296875
0 0.3798828125 0.40625 0.162109375 0.140625
0 0.255859375 0.396484375 0.146484375 0.1279296875
0 0.15234375 0.3935546875 0.1142578125 0.09375
0 0.064453125 0.388671875 0.1123046875 0.1064453125
0 0.0234375 0.392578125 0.037109375 0.0625
0 0.923828125 0.595703125 0.1279296875 0.1904296875
1 0.884765625 0.6005859375 0.1435546875 0.1826171875
1 0.8349609375 0.6015625 0.154296875 0.2001953125
0 0.794921875 0.619140625 0.1767578125 0.228515625
0 0.73046875 0.6201171875 0.1796875 0.234375
1 0.6806640625 0.6376953125 0.158203125 0.2001953125
0 0.6162109375 0.642578125 0.1611328125 0.216796875
1 0.548828125 0.6396484375 0.1640625 0.2236328125
0 0.4736328125 0.6357421875 0.1748046875 0.234375
0 0.4091796875 0.6396484375 0.1689453125 0.2265625
0 0.337890625 0.6328125 0.181640625 0.2216796875
1 0.275390625 0.6201171875 0.1640625 0.203125
1 0.2216796875 0.6083984375 0.15625 0.1923828125
1 0.171875 0.599609375 0.15625 0.189453125
0 0.126953125 0.59765625 0.162109375 0.189453125
1 0.080078125 0.578125 0.126953125 0.166015625
1 0.060546875 0.580078125 0.1201171875 0.1826171875
0 0.037109375 0.5673828125 0.07421875 0.166015625
1 0.021484375 0.5634765625 0.0419921875 0.154296875
1 0.0068359375 0.552734375 0.013671875 0.123046875
0 0.0068359375 0.5439453125 0.013671875 0.1435546875