1 0.83984375 0.7841796875 0.279296875 0.3876953125
0 0.7626953125 0.724609375 0.447265625 0.408203125
0 0.5654296875 0.666015625 0.521484375 0.4560546875
0 0.3720703125 0.59765625 0.537109375 0.4423828125
0 0.216796875 0.53515625 0.4326171875 0.3798828125
1 0.142578125 0.458984375 0.2841796875 0.330078125
0 0.9365234375 0.505859375 0.126953125 0.251953125
0 0.8388671875 0.4296875 0.322265625 0.3623046875
0 0.7099609375 0.3916015625 0.470703125 0.3642578125
0 0.5166015625 0.3359375 0.4951171875 0.369140625
0 0.37109375 0.251953125 0.451171875 0.3330078125
0 0.2333984375 0.2021484375 0.373046875 0.2890625
0 0.158203125 0.1298828125 0.1923828125 0.224609375