0 0.751953125 0.349609375 0.103515625 0.083984375
0 0.654296875 0.3740234375 0.1328125 0.0859375
0 0.5380859375 0.40234375 0.126953125 0.076171875
0 0.412109375 0.423828125 0.1220703125 0.0888671875
0 0.3017578125 0.435546875 0.109375 0.0810546875
0 0.2099609375 0.4482421875 0.0859375 0.056640625
0 0.1318359375 0.458984375 0.080078125 0.072265625
0 0.0771484375 0.46484375 0.0576171875 0.048828125
0 0.9208984375 0.5078125 0.064453125 0.15625
1 0.88671875 0.517578125 0.0830078125 0.142578125
1 0.84375 0.5263671875 0.0908203125 0.15625
0 0.810546875 0.546875 0.1015625 0.177734375
0 0.75390625 0.5595703125 0.1015625 0.1845703125
1 0.712890625 0.58203125 0.09375 0.154296875
0 0.65625 0.5966796875 0.0908203125 0.171875
1 0.5966796875 0.6044921875 0.0908203125 0.177734375
0 0.5302734375 0.6142578125 0.0986328125 0.1845703125
0 0.474609375 0.6259765625 0.095703125 0.1796875
0 0.4111328125 0.630859375 0.109375 0.1689453125
1 0.35546875 0.6298828125 0.0986328125 0.15625
1 0.306640625 0.626953125 0.09375 0.146484375
1 0.2587890625 0.6259765625 0.095703125 0.142578125
0 0.2197265625 0.6328125 0.1015625 0.140625
1 0.1767578125 0.623046875 0.072265625 0.1298828125
1 0.146484375 0.630859375 0.0908203125 0.138671875
0 0.115234375 0.6240234375 0.0732421875 0.1298828125
1 0.0908203125 0.623046875 0.0625 0.1279296875
1 0.068359375 0.615234375 0.0595703125 0.1044921875
0 0.056640625 0.6044921875 0.0751953125 0.125
1 0.0361328125 0.6005859375 0.072265625 0.126953125
1 0.0244140625 0.5966796875 0.048828125 0.1220703125