1 0.1171875 0.56640625 0.165625 0.2328125
0 0.16484375 0.8703125 0.2046875 0.259375
0 0.35390625 0.8671875 0.1484375 0.265625
1 0.28046875 0.58984375 0.1265625 0.3015625
0 0.5078125 0.8703125 0.146875 0.259375
0 0.41875 0.56875 0.11875 0.2625
0 0.54765625 0.575 0.0984375 0.246875
1 0.67734375 0.85234375 0.1640625 0.2828125
1 0.65546875 0.5875 0.1203125 0.24375
0 0.790625 0.84375 0.159375 0.284375
0 0.75625 0.578125 0.121875 0.253125
0 0.86953125 0.559375 0.1140625 0.253125
0 0.953125 0.5640625 0.09375 0.246875
1 0.903125 0.83515625 0.153125 0.2828125
1 0.94609375 0.815625 0.1078125 0.325
0 0.0609375 0.22421875 0.115625 0.2265625
0 0.19453125 0.228125 0.1328125 0.21875
0 0.303125 0.23984375 0.11875 0.1859375
0 0.403125 0.24296875 0.109375 0.1859375
1 0.50234375 0.25625 0.1046875 0.1625
0 0.5875 0.2515625 0.109375 0.171875
0 0.678125 0.26484375 0.0875 0.1703125
1 0.7484375 0.278125 0.090625 0.171875
0 0.82109375 0.2796875 0.1109375 0.15625
1 0.884375 0.271875 0.103125 0.146875
0 0.9453125 0.278125 0.09375 0.1375
1 0.1171875 0.0828125 0.234375 0.115625
1 0.36171875 0.12421875 0.2265625 0.1265625
1 0.56796875 0.15 0.1640625 0.078125
1 0.7390625 0.171875 0.153125 0.04375
1 0.52265625 0.0328125 0.0796875 0.0625
1 0.58671875 0.04296875 0.0953125 0.0859375
1 0.653125 0.04765625 0.1 0.0953125
1 0.71171875 0.053125 0.0953125 0.10625
1 0.89375 0.18671875 0.15625 0.0734375
1 0.7703125 0.05546875 0.103125 0.1109375