0 0.1220703125 0.8525390625 0.197265625 0.294921875
0 0.220703125 0.822265625 0.248046875 0.3544921875
0 0.353515625 0.736328125 0.259765625 0.4033203125
0 0.478515625 0.669921875 0.279296875 0.392578125
0 0.59375 0.5947265625 0.244140625 0.3671875
0 0.708984375 0.533203125 0.2529296875 0.3642578125
0 0.8115234375 0.4716796875 0.2763671875 0.359375
0 0.884765625 0.4072265625 0.2294921875 0.3515625
0 0.9365234375 0.34765625 0.126953125 0.3017578125
0 0.0302734375 0.578125 0.060546875 0.333984375
0 0.0869140625 0.515625 0.173828125 0.333984375
0 0.1962890625 0.451171875 0.1796875 0.3125
0 0.298828125 0.384765625 0.1767578125 0.3125
0 0.404296875 0.3359375 0.1748046875 0.275390625
0 0.5048828125 0.2783203125 0.1689453125 0.28125
0 0.623046875 0.22265625 0.185546875 0.251953125
0 0.708984375 0.169921875 0.1640625 0.2626953125
0 0.7890625 0.1171875 0.177734375 0.234375
0 0.880859375 0.09765625 0.162109375 0.1953125
0 0.9052734375 0.0634765625 0.1015625 0.126953125