0 0.056640625 0.84375 0.095703125 0.3125
0 0.1552734375 0.818359375 0.2236328125 0.3623046875
0 0.2685546875 0.755859375 0.212890625 0.3408203125
0 0.392578125 0.6689453125 0.224609375 0.359375
0 0.509765625 0.6123046875 0.244140625 0.349609375
0 0.615234375 0.548828125 0.212890625 0.328125
0 0.724609375 0.4951171875 0.21875 0.3251953125
0 0.8203125 0.4404296875 0.240234375 0.318359375
0 0.8955078125 0.384765625 0.208984375 0.3154296875
0 0.943359375 0.330078125 0.1123046875 0.275390625
0 0.0615234375 0.517578125 0.123046875 0.310546875
0 0.1513671875 0.458984375 0.15625 0.2998046875
0 0.2578125 0.404296875 0.1533203125 0.2783203125
0 0.3544921875 0.3466796875 0.150390625 0.2783203125
0 0.451171875 0.3046875 0.150390625 0.2470703125
0 0.544921875 0.255859375 0.146484375 0.2529296875
0 0.65625 0.2080078125 0.162109375 0.224609375
0 0.734375 0.1640625 0.140625 0.234375
0 0.810546875 0.1103515625 0.154296875 0.220703125
0 0.8955078125 0.0947265625 0.140625 0.189453125
0 0.9375 0.0654296875 0.125 0.1279296875