1 0.92109375 0.121875 0.0984375 0.24375
0 0.83515625 0.1296875 0.1171875 0.259375
0 0.7515625 0.13515625 0.109375 0.2703125
1 0.66328125 0.14296875 0.1015625 0.2859375
0 0.58203125 0.14296875 0.1078125 0.2859375
0 0.4890625 0.14921875 0.103125 0.2984375
0 0.40546875 0.14765625 0.1078125 0.2890625
0 0.31796875 0.1578125 0.1078125 0.296875
0 0.23203125 0.16640625 0.1109375 0.3015625
0 0.140625 0.16640625 0.109375 0.2890625
0 0.053125 0.17421875 0.10625 0.2921875
0 0.0828125 0.853125 0.11875 0.29375
0 0.18125 0.846875 0.11875 0.30625
0 0.26796875 0.84140625 0.1109375 0.3109375
0 0.35859375 0.83125 0.1203125 0.31875
0 0.44453125 0.82109375 0.1171875 0.3203125
1 0.53515625 0.8109375 0.1109375 0.321875
0 0.621875 0.80625 0.103125 0.3125
0 0.71015625 0.80234375 0.1140625 0.3296875
0 0.79609375 0.7890625 0.1140625 0.328125
0 0.884375 0.775 0.121875 0.31875
0 0.9578125 0.759375 0.084375 0.328125