0 0.0234375 0.275 0.046875 0.303125
1 0.065625 0.246875 0.13125 0.29375
0 0.14296875 0.22890625 0.1796875 0.3078125
0 0.23046875 0.20703125 0.1703125 0.3078125
1 0.31875 0.1875 0.165625 0.315625
0 0.403125 0.1625 0.16875 0.309375
0 0.49765625 0.146875 0.1671875 0.29375
0 0.58046875 0.1296875 0.1703125 0.259375
0 0.67265625 0.11953125 0.1703125 0.2390625
0 0.7625 0.11015625 0.175 0.2203125
0 0.8453125 0.090625 0.159375 0.18125
0 0.98203125 0.71328125 0.0359375 0.3171875
0 0.9390625 0.7328125 0.121875 0.325
0 0.8734375 0.75546875 0.1875 0.3328125
0 0.784375 0.77734375 0.184375 0.3359375
1 0.6890625 0.8 0.18125 0.3375
0 0.60234375 0.828125 0.1703125 0.328125
0 0.509375 0.840625 0.18125 0.31875
0 0.42109375 0.84921875 0.1828125 0.3015625
0 0.3296875 0.86015625 0.19375 0.2796875
0 0.23671875 0.8671875 0.1828125 0.265625
0 0.146875 0.88671875 0.16875 0.2265625