1 0.86328125 0.57421875 0.2734375 0.376953125
0 0.775390625 0.5615234375 0.4453125 0.373046875
0 0.5634765625 0.59765625 0.4765625 0.408203125
0 0.3671875 0.6201171875 0.494140625 0.3935546875
0 0.205078125 0.63671875 0.4091796875 0.3359375
1 0.12109375 0.599609375 0.2421875 0.2919921875
0 0.876953125 0.2900390625 0.2294921875 0.248046875
0 0.76953125 0.259765625 0.4326171875 0.341796875
0 0.572265625 0.2998046875 0.4326171875 0.322265625
0 0.384765625 0.333984375 0.4560546875 0.3232421875
0 0.22265625 0.32421875 0.4169921875 0.2919921875
0 0.126953125 0.3349609375 0.25390625 0.251953125
0 0.0361328125 0.302734375 0.072265625 0.2001953125