0 0.970703125 0.30859375 0.0576171875 0.314453125
1 0.9345703125 0.2802734375 0.130859375 0.310546875
0 0.873046875 0.2685546875 0.177734375 0.302734375
0 0.80078125 0.240234375 0.1767578125 0.3173828125
1 0.7216796875 0.216796875 0.171875 0.3232421875
0 0.6494140625 0.193359375 0.173828125 0.3173828125
0 0.564453125 0.166015625 0.171875 0.318359375
0 0.490234375 0.14453125 0.171875 0.2890625
0 0.4111328125 0.134765625 0.173828125 0.26953125
0 0.33203125 0.125 0.1767578125 0.25
0 0.25390625 0.1044921875 0.169921875 0.208984375
0 0.171875 0.091796875 0.16796875 0.18359375
0 0.017578125 0.66015625 0.0341796875 0.310546875
0 0.0634765625 0.6728515625 0.126953125 0.3173828125
0 0.115234375 0.6953125 0.1767578125 0.3095703125
0 0.1962890625 0.720703125 0.185546875 0.318359375
0 0.2744140625 0.7421875 0.1826171875 0.318359375
1 0.35546875 0.7666015625 0.1796875 0.3203125
0 0.4326171875 0.7939453125 0.1689453125 0.3095703125
0 0.509765625 0.822265625 0.1826171875 0.326171875
0 0.58984375 0.83984375 0.1826171875 0.3203125
0 0.6708984375 0.8515625 0.189453125 0.296875
0 0.7529296875 0.859375 0.177734375 0.28125
0 0.8349609375 0.8798828125 0.169921875 0.240234375