0 0.9228515625 0.669921875 0.154296875 0.2451171875
0 0.7724609375 0.75 0.220703125 0.197265625
1 0.623046875 0.8759765625 0.169921875 0.185546875
0 0.4619140625 0.9384765625 0.166015625 0.123046875
1 0.1005859375 0.8408203125 0.1142578125 0.1064453125
0 0.2333984375 0.75390625 0.1328125 0.138671875
1 0.36328125 0.669921875 0.111328125 0.125
0 0.4755859375 0.5947265625 0.123046875 0.1298828125
1 0.603515625 0.529296875 0.130859375 0.087890625
1 0.7275390625 0.455078125 0.123046875 0.125
0 0.8486328125 0.365234375 0.140625 0.1435546875
1 0.943359375 0.296875 0.087890625 0.099609375
0 0.095703125 0.689453125 0.1064453125 0.1279296875
0 0.1953125 0.595703125 0.09375 0.1064453125
1 0.310546875 0.560546875 0.0986328125 0.1123046875
1 0.4140625 0.4765625 0.0966796875 0.1123046875
1 0.5361328125 0.4130859375 0.103515625 0.1171875
1 0.640625 0.34765625 0.1064453125 0.1201171875
1 0.748046875 0.28515625 0.1015625 0.107421875
0 0.865234375 0.203125 0.103515625 0.109375
1 0.0732421875 0.521484375 0.099609375 0.091796875
1 0.1640625 0.455078125 0.103515625 0.1064453125
1 0.255859375 0.404296875 0.078125 0.1044921875
0 0.34765625 0.341796875 0.091796875 0.09375
1 0.4423828125 0.294921875 0.0966796875 0.0966796875
1 0.537109375 0.2314453125 0.1044921875 0.099609375
0 0.623046875 0.166015625 0.091796875 0.087890625
1 0.71484375 0.1220703125 0.1142578125 0.103515625
0 0.798828125 0.0517578125 0.095703125 0.0966796875
0 0.88671875 0.0185546875 0.111328125 0.037109375
1 0.064453125 0.4326171875 0.0888671875 0.09375
0 0.1474609375 0.3779296875 0.091796875 0.083984375
0 0.236328125 0.326171875 0.083984375 0.091796875
1 0.3193359375 0.271484375 0.0830078125 0.0908203125
0 0.4013671875 0.228515625 0.0908203125 0.0986328125
0 0.486328125 0.169921875 0.083984375 0.0859375
0 0.568359375 0.119140625 0.078125 0.0859375
0 0.6455078125 0.0634765625 0.0908203125 0.0830078125
1 0.056640625 0.3369140625 0.0673828125 0.0673828125
1 0.130859375 0.2939453125 0.0673828125 0.068359375
0 0.2001953125 0.236328125 0.072265625 0.072265625
1 0.275390625 0.205078125 0.0732421875 0.076171875
0 0.34765625 0.150390625 0.080078125 0.0810546875
0 0.4189453125 0.1025390625 0.072265625 0.0732421875
0 0.4873046875 0.056640625 0.0810546875 0.076171875
0 0.55859375 0.0244140625 0.0732421875 0.048828125
1 0.0537109375 0.27734375 0.064453125 0.064453125
0 0.1240234375 0.236328125 0.064453125 0.064453125
0 0.1865234375 0.1884765625 0.064453125 0.0546875
0 0.2607421875 0.15234375 0.072265625 0.064453125
0 0.3193359375 0.0986328125 0.060546875 0.0498046875
0 0.396484375 0.064453125 0.0654296875 0.046875
1 0.044921875 0.193359375 0.064453125 0.0439453125
0 0.1064453125 0.158203125 0.0625 0.041015625
0 0.166015625 0.115234375 0.052734375 0.037109375
0 0.224609375 0.0830078125 0.0546875 0.0439453125
0 0.2880859375 0.0576171875 0.0546875 0.0439453125
0 0.037109375 0.16015625 0.0546875 0.0419921875
0 0.099609375 0.125 0.0546875 0.037109375
0 0.154296875 0.091796875 0.060546875 0.0361328125
0 0.216796875 0.060546875 0.046875 0.0341796875
0 0.0361328125 0.107421875 0.0439453125 0.0341796875
0 0.03125 0.080078125 0.0439453125 0.0341796875
0 0.0869140625 0.080078125 0.0517578125 0.033203125
0 0.00390625 0.2255859375 0.0078125 0.044921875