1 0.1484375 0.04140625 0.125 0.0828125
1 0.04921875 0.0375 0.0828125 0.075
0 0.04765625 0.13046875 0.0828125 0.0953125
1 0.15 0.134375 0.115625 0.090625
1 0.04765625 0.225 0.0859375 0.09375
1 0.14453125 0.2265625 0.1265625 0.09375
0 0.04375 0.321875 0.08125 0.084375
1 0.14140625 0.33125 0.1203125 0.1
1 0.04140625 0.425 0.0796875 0.084375
1 0.1421875 0.428125 0.121875 0.10625
0 0.0421875 0.53046875 0.084375 0.1078125
1 0.1421875 0.5328125 0.115625 0.1
1 0.04140625 0.62890625 0.0828125 0.1015625
0 0.1390625 0.6265625 0.109375 0.090625
0 0.0390625 0.7265625 0.078125 0.096875
0 0.13671875 0.7296875 0.1109375 0.10625
1 0.0375 0.86015625 0.075 0.1453125
1 0.13515625 0.85546875 0.1171875 0.1484375
1 0.03671875 0.9640625 0.0734375 0.05625
1 0.12890625 0.965625 0.1140625 0.05625
0 0.40234375 0.97265625 0.1171875 0.0546875
1 0.521875 0.978125 0.121875 0.04375
0 0.5203125 0.8671875 0.11875 0.146875
0 0.40546875 0.86328125 0.1109375 0.1484375
0 0.51953125 0.73984375 0.1234375 0.0859375
1 0.40390625 0.740625 0.1109375 0.09375
1 0.52109375 0.6375 0.1203125 0.090625
0 0.40546875 0.6359375 0.1171875 0.096875
0 0.52265625 0.5390625 0.1171875 0.1
1 0.41171875 0.53125 0.1109375 0.10625
0 0.525 0.43125 0.11875 0.09375
0 0.4140625 0.425 0.109375 0.078125
0 0.525 0.3359375 0.115625 0.090625
0 0.41328125 0.32890625 0.1171875 0.0859375
1 0.5296875 0.2296875 0.11875 0.090625
0 0.41328125 0.225 0.1171875 0.0875
1 0.53046875 0.13671875 0.1203125 0.0921875
1 0.41796875 0.1296875 0.1140625 0.103125
1 0.53671875 0.03671875 0.1234375 0.0703125
1 0.41640625 0.034375 0.1140625 0.06875
1 0.7828125 0.0484375 0.11875 0.090625
0 0.9 0.0453125 0.11875 0.078125
1 0.89765625 0.13828125 0.1078125 0.0953125
1 0.7828125 0.14453125 0.1125 0.0796875
1 0.8984375 0.2453125 0.109375 0.090625
1 0.7796875 0.2375 0.11875 0.10625
1 0.9 0.33984375 0.11875 0.1015625
1 0.7796875 0.34296875 0.125 0.1015625
0 0.89921875 0.440625 0.1109375 0.09375
1 0.78125 0.434375 0.125 0.096875
1 0.89921875 0.53984375 0.1140625 0.0953125
0 0.78046875 0.534375 0.1203125 0.109375
0 0.896875 0.6515625 0.115625 0.1
1 0.778125 0.65 0.115625 0.1
1 0.890625 0.7515625 0.115625 0.09375
1 0.8921875 0.85546875 0.109375 0.1109375
1 0.8875 0.953125 0.11875 0.09375
0 0.77265625 0.73984375 0.1140625 0.0953125
0 0.77421875 0.846875 0.1171875 0.096875
0 0.76953125 0.94765625 0.1140625 0.0984375