1 0.98671875 0.31953125 0.0265625 0.1140625
1 0.9515625 0.28671875 0.096875 0.1078125
1 0.86953125 0.26875 0.1203125 0.121875
0 0.784375 0.246875 0.140625 0.165625
1 0.71171875 0.2140625 0.1234375 0.1375
0 0.621875 0.1828125 0.128125 0.153125
1 0.55234375 0.16640625 0.1265625 0.1578125
0 0.471875 0.13046875 0.13125 0.1640625
0 0.39296875 0.11640625 0.1265625 0.1640625
0 0.32578125 0.08828125 0.1296875 0.1640625
1 0.2515625 0.075 0.125 0.128125
0 0.17109375 0.06484375 0.1484375 0.1296875
1 0.10859375 0.04765625 0.0984375 0.0953125
1 0.946875 0.62734375 0.10625 0.2046875
0 0.86875 0.59921875 0.16875 0.2546875
1 0.75703125 0.56875 0.1765625 0.225
1 0.65625 0.53828125 0.165625 0.2171875
0 0.56171875 0.490625 0.1765625 0.234375
1 0.46875 0.475 0.171875 0.21875
1 0.36953125 0.43671875 0.1796875 0.2328125
1 0.284375 0.40078125 0.178125 0.2359375
0 0.18828125 0.3796875 0.1765625 0.25
0 0.10390625 0.33203125 0.1515625 0.2234375
0 0.05078125 0.31484375 0.0828125 0.2078125
1 0.49296875 0.9515625 0.1546875 0.096875
1 0.36875 0.93046875 0.1625 0.1296875
0 0.24140625 0.89296875 0.1640625 0.1640625
0 0.1234375 0.85546875 0.171875 0.2015625
0 0.04140625 0.8234375 0.0828125 0.221875