1 0.87890625 0.6435546875 0.1982421875 0.2626953125
0 0.7978515625 0.9052734375 0.236328125 0.189453125
0 0.599609375 0.892578125 0.1748046875 0.2138671875
1 0.7041015625 0.6484375 0.1640625 0.328125
0 0.439453125 0.8876953125 0.171875 0.224609375
0 0.560546875 0.6123046875 0.1533203125 0.287109375
0 0.4228515625 0.603515625 0.1298828125 0.2685546875
1 0.26171875 0.8515625 0.1923828125 0.2529296875
1 0.3095703125 0.6044921875 0.1533203125 0.2685546875
0 0.142578125 0.8310546875 0.189453125 0.255859375
0 0.2041015625 0.5830078125 0.154296875 0.2783203125
0 0.0859375 0.552734375 0.146484375 0.2763671875
0 0.0302734375 0.5478515625 0.060546875 0.2607421875
1 0.056640625 0.810546875 0.11328125 0.2578125
1 0.0244140625 0.7841796875 0.048828125 0.2841796875
0 0.951171875 0.287109375 0.0966796875 0.248046875
0 0.8359375 0.27734375 0.162109375 0.2421875
0 0.71875 0.27734375 0.1435546875 0.2080078125
0 0.611328125 0.2685546875 0.1357421875 0.2060546875
1 0.5068359375 0.2724609375 0.126953125 0.1796875
0 0.41796875 0.2568359375 0.1328125 0.1923828125
0 0.3212890625 0.26171875 0.111328125 0.189453125
1 0.2451171875 0.267578125 0.1123046875 0.189453125
0 0.1689453125 0.2626953125 0.134765625 0.1748046875
1 0.1015625 0.24609375 0.125 0.1640625
0 0.0595703125 0.248046875 0.072265625 0.146484375
1 0.90234375 0.1298828125 0.1953125 0.146484375
1 0.6689453125 0.1484375 0.25 0.15625
1 0.4501953125 0.1513671875 0.181640625 0.099609375
1 0.2666015625 0.158203125 0.1640625 0.0625
1 0.5107421875 0.03515625 0.0908203125 0.0703125
1 0.4404296875 0.04296875 0.109375 0.0859375
1 0.3720703125 0.0439453125 0.1123046875 0.087890625
1 0.3076171875 0.044921875 0.111328125 0.08984375
1 0.1171875 0.158203125 0.1435546875 0.0888671875
1 0.2470703125 0.044921875 0.119140625 0.08984375