1 0.9384765625 0.7333984375 0.123046875 0.1767578125
0 0.7890625 0.806640625 0.244140625 0.201171875
0 0.595703125 0.904296875 0.259765625 0.1904296875
0 0.380859375 0.9453125 0.2919921875 0.109375
0 0.095703125 0.9384765625 0.0732421875 0.123046875
1 0.1630859375 0.923828125 0.158203125 0.1513671875
0 0.263671875 0.892578125 0.146484375 0.2060546875
0 0.353515625 0.8486328125 0.154296875 0.203125
1 0.443359375 0.8017578125 0.1513671875 0.2001953125
0 0.5302734375 0.7744140625 0.1484375 0.201171875
0 0.615234375 0.7431640625 0.1298828125 0.2080078125
1 0.70703125 0.69921875 0.1484375 0.189453125
0 0.7802734375 0.658203125 0.158203125 0.1845703125
1 0.599609375 0.501953125 0.1611328125 0.1357421875
0 0.447265625 0.5556640625 0.2529296875 0.1484375
1 0.2685546875 0.6298828125 0.228515625 0.146484375
1 0.1171875 0.697265625 0.193359375 0.134765625
0 0.521484375 0.3515625 0.1435546875 0.134765625
1 0.439453125 0.3916015625 0.115234375 0.1298828125
0 0.369140625 0.404296875 0.1123046875 0.158203125
1 0.3095703125 0.42578125 0.115234375 0.154296875
0 0.234375 0.4501953125 0.1064453125 0.15625
0 0.1533203125 0.4716796875 0.115234375 0.162109375
0 0.078125 0.5 0.130859375 0.1748046875
1 0.03515625 0.5341796875 0.0703125 0.1591796875
1 0.568359375 0.212890625 0.103515625 0.1220703125
0 0.5244140625 0.232421875 0.1171875 0.1171875
0 0.458984375 0.2470703125 0.099609375 0.115234375
0 0.392578125 0.2705078125 0.1201171875 0.119140625
0 0.34375 0.2880859375 0.130859375 0.123046875
0 0.2724609375 0.306640625 0.1171875 0.1171875
0 0.2138671875 0.326171875 0.130859375 0.140625
0 0.14453125 0.353515625 0.1201171875 0.123046875
0 0.072265625 0.3662109375 0.138671875 0.1171875
0 0.0361328125 0.390625 0.072265625 0.115234375
1 0.576171875 0.080078125 0.1201171875 0.103515625
0 0.5205078125 0.0947265625 0.103515625 0.111328125
0 0.4765625 0.1201171875 0.1220703125 0.103515625
1 0.4248046875 0.142578125 0.115234375 0.099609375
0 0.373046875 0.158203125 0.1142578125 0.1044921875
1 0.322265625 0.1689453125 0.119140625 0.099609375
1 0.255859375 0.185546875 0.095703125 0.0908203125
0 0.2041015625 0.201171875 0.111328125 0.103515625
1 0.140625 0.224609375 0.099609375 0.099609375
0 0.080078125 0.2373046875 0.1015625 0.103515625
0 0.033203125 0.2568359375 0.06640625 0.107421875
1 0.439453125 0.0390625 0.083984375 0.0751953125
1 0.392578125 0.0546875 0.080078125 0.0751953125
1 0.34765625 0.0654296875 0.091796875 0.083984375
1 0.2958984375 0.08203125 0.076171875 0.0703125
1 0.244140625 0.0947265625 0.087890625 0.0732421875
1 0.1953125 0.1025390625 0.087890625 0.0732421875
1 0.142578125 0.1181640625 0.099609375 0.076171875
0 0.0859375 0.1279296875 0.0908203125 0.0908203125
1 0.0400390625 0.1484375 0.080078125 0.083984375
1 0.013671875 0.166015625 0.02734375 0.078125
1 0.3935546875 0.0166015625 0.0810546875 0.0234375
1 0.3544921875 0.0244140625 0.072265625 0.0234375
0 0.30078125 0.037109375 0.0732421875 0.03125
0 0.255859375 0.044921875 0.083984375 0.0341796875
1 0.2099609375 0.060546875 0.091796875 0.046875
0 0.0205078125 0.1044921875 0.041015625 0.0595703125