1 0.986328125 0.3193359375 0.0263671875 0.1142578125
1 0.951171875 0.287109375 0.0966796875 0.107421875
1 0.869140625 0.2685546875 0.1201171875 0.1220703125
0 0.7841796875 0.2470703125 0.140625 0.166015625
1 0.7119140625 0.2138671875 0.123046875 0.1376953125
0 0.6220703125 0.1826171875 0.1279296875 0.1533203125
1 0.552734375 0.166015625 0.126953125 0.158203125
0 0.4716796875 0.130859375 0.130859375 0.1640625
0 0.392578125 0.1162109375 0.126953125 0.1640625
0 0.326171875 0.087890625 0.1298828125 0.1640625
1 0.251953125 0.0751953125 0.125 0.1279296875
0 0.169921875 0.064453125 0.1484375 0.12890625
1 0.1083984375 0.0478515625 0.0986328125 0.095703125
1 0.9462890625 0.6259765625 0.107421875 0.205078125
0 0.869140625 0.599609375 0.1689453125 0.2548828125
1 0.7568359375 0.568359375 0.1767578125 0.224609375
1 0.65625 0.5380859375 0.166015625 0.216796875
0 0.5615234375 0.490234375 0.1767578125 0.234375
1 0.46875 0.474609375 0.171875 0.21875
1 0.369140625 0.4365234375 0.1796875 0.232421875
1 0.2841796875 0.400390625 0.177734375 0.236328125
0 0.1884765625 0.3798828125 0.1767578125 0.25
0 0.103515625 0.33203125 0.1513671875 0.2236328125
0 0.05078125 0.314453125 0.0830078125 0.2080078125
1 0.4931640625 0.951171875 0.154296875 0.0966796875
1 0.369140625 0.9306640625 0.162109375 0.1298828125
0 0.2412109375 0.892578125 0.1640625 0.1640625
0 0.123046875 0.85546875 0.171875 0.201171875
0 0.041015625 0.822265625 0.08203125 0.22265625