1 0.9619140625 0.2275390625 0.076171875 0.126953125
1 0.9091796875 0.19140625 0.109375 0.107421875
1 0.822265625 0.1728515625 0.119140625 0.1201171875
0 0.736328125 0.1484375 0.138671875 0.166015625
1 0.662109375 0.1142578125 0.1220703125 0.1376953125
0 0.572265625 0.0810546875 0.126953125 0.1533203125
1 0.501953125 0.0703125 0.125 0.140625
0 0.4169921875 0.052734375 0.126953125 0.10546875
0 0.3388671875 0.044921875 0.119140625 0.08984375
0 0.271484375 0.03125 0.115234375 0.0625
1 0.19921875 0.0146484375 0.1171875 0.029296875
0 0.1279296875 0.009765625 0.1123046875 0.0185546875
0 0.9716796875 0.580078125 0.056640625 0.21875
1 0.9208984375 0.5390625 0.158203125 0.212890625
0 0.8134765625 0.505859375 0.1669921875 0.2548828125
1 0.7021484375 0.47265625 0.173828125 0.2236328125
1 0.6015625 0.4384765625 0.166015625 0.216796875
0 0.5068359375 0.390625 0.173828125 0.234375
1 0.4130859375 0.3720703125 0.169921875 0.21875
1 0.314453125 0.33203125 0.177734375 0.232421875
1 0.2275390625 0.294921875 0.1767578125 0.236328125
0 0.1328125 0.271484375 0.1748046875 0.25
0 0.072265625 0.224609375 0.1015625 0.2158203125
0 0.8427734375 0.9609375 0.1826171875 0.078125
1 0.701171875 0.958984375 0.162109375 0.0810546875
0 0.5615234375 0.9384765625 0.154296875 0.123046875
1 0.4248046875 0.9033203125 0.173828125 0.193359375
1 0.30078125 0.8759765625 0.1826171875 0.216796875
0 0.1728515625 0.8359375 0.1796875 0.2529296875
0 0.072265625 0.794921875 0.1435546875 0.291015625
0 0.0078125 0.7392578125 0.015625 0.25