1 0.1171875 0.56640625 0.166015625 0.232421875
0 0.1650390625 0.8701171875 0.205078125 0.259765625
0 0.353515625 0.8671875 0.1484375 0.265625
1 0.2802734375 0.58984375 0.126953125 0.3017578125
0 0.5078125 0.8701171875 0.146484375 0.259765625
0 0.4189453125 0.568359375 0.119140625 0.2626953125
0 0.5478515625 0.5751953125 0.0986328125 0.2470703125
1 0.677734375 0.8525390625 0.1640625 0.283203125
1 0.6552734375 0.587890625 0.1201171875 0.244140625
0 0.791015625 0.84375 0.1591796875 0.2841796875
0 0.755859375 0.578125 0.1220703125 0.2529296875
0 0.869140625 0.5595703125 0.1142578125 0.2529296875
0 0.953125 0.564453125 0.09375 0.2470703125
1 0.9033203125 0.8349609375 0.1533203125 0.283203125
1 0.9462890625 0.8154296875 0.107421875 0.3251953125
0 0.060546875 0.224609375 0.115234375 0.2265625
0 0.1943359375 0.228515625 0.1328125 0.21875
0 0.302734375 0.240234375 0.119140625 0.185546875
0 0.4033203125 0.2431640625 0.109375 0.185546875
1 0.501953125 0.255859375 0.1044921875 0.162109375
0 0.587890625 0.251953125 0.109375 0.171875
0 0.677734375 0.2646484375 0.087890625 0.169921875
1 0.748046875 0.2783203125 0.0908203125 0.171875
0 0.8212890625 0.279296875 0.111328125 0.15625
1 0.884765625 0.271484375 0.103515625 0.146484375
0 0.9453125 0.2783203125 0.09375 0.1376953125
1 0.1171875 0.0830078125 0.234375 0.115234375
1 0.361328125 0.1240234375 0.2265625 0.126953125
1 0.568359375 0.150390625 0.1640625 0.078125
1 0.7392578125 0.171875 0.1533203125 0.0439453125
1 0.5224609375 0.033203125 0.080078125 0.0625
1 0.5869140625 0.04296875 0.095703125 0.0859375
1 0.6533203125 0.0478515625 0.099609375 0.095703125
1 0.7119140625 0.052734375 0.095703125 0.10546875
1 0.8935546875 0.1865234375 0.15625 0.0732421875
1 0.7705078125 0.0556640625 0.103515625 0.111328125