1 0.90546875 0.94375 0.1234375 0.1125
1 0.48359375 0.990625 0.1640625 0.01875
1 0.33046875 0.96875 0.1515625 0.059375
1 0.18984375 0.95390625 0.1671875 0.0859375
1 0.06640625 0.91796875 0.1328125 0.1046875
1 0.04453125 0.81171875 0.0890625 0.1859375
1 0.13515625 0.8265625 0.2109375 0.2
1 0.2625 0.86015625 0.196875 0.2203125
1 0.390625 0.88671875 0.178125 0.2171875
1 0.51875 0.9 0.203125 0.2
0 0.653125 0.90703125 0.178125 0.1859375
0 0.78984375 0.92109375 0.1640625 0.1578125
0 0.9375 0.73125 0.115625 0.13125
0 0.82734375 0.7109375 0.1203125 0.121875
0 0.71171875 0.684375 0.1140625 0.13125
0 0.60703125 0.66484375 0.1171875 0.1234375
0 0.50625 0.6421875 0.13125 0.134375
0 0.40078125 0.625 0.1296875 0.134375
0 0.29375 0.6 0.128125 0.140625
0 0.19765625 0.56953125 0.1296875 0.1296875
0 0.09296875 0.546875 0.1078125 0.11875
0 0.0203125 0.52578125 0.040625 0.1171875
1 0.071875 0.4453125 0.128125 0.134375
1 0.175 0.471875 0.1375 0.128125
1 0.27109375 0.48203125 0.1265625 0.1140625
1 0.36328125 0.5 0.1234375 0.109375
0 0.46484375 0.5078125 0.1046875 0.11875
1 0.55703125 0.53828125 0.1078125 0.1109375
0 0.65 0.54140625 0.11875 0.1328125
0 0.74453125 0.58203125 0.1328125 0.1234375
1 0.84609375 0.61640625 0.1078125 0.1109375
1 0.93515625 0.6390625 0.1234375 0.121875
1 0.98515625 0.64765625 0.0265625 0.1140625
1 0.98671875 0.496875 0.0265625 0.090625
1 0.9375 0.4921875 0.103125 0.09375
1 0.86171875 0.4734375 0.0953125 0.08125
1 0.78046875 0.44765625 0.1203125 0.0953125
1 0.6921875 0.43203125 0.096875 0.0859375
1 0.6078125 0.409375 0.0875 0.078125
1 0.5328125 0.396875 0.10625 0.084375
1 0.45078125 0.37890625 0.1109375 0.0828125
1 0.37109375 0.3609375 0.0921875 0.08125
1 0.2859375 0.34296875 0.115625 0.0984375
1 0.209375 0.3265625 0.109375 0.0875
1 0.13046875 0.31015625 0.1140625 0.0734375
1 0.18125 0.2578125 0.121875 0.078125
1 0.259375 0.27265625 0.109375 0.0703125
1 0.3375 0.29296875 0.1125 0.0671875
1 0.4125 0.31015625 0.10625 0.0640625
1 0.48515625 0.325 0.1015625 0.06875
1 0.5609375 0.34140625 0.090625 0.0609375
1 0.6421875 0.36171875 0.096875 0.0640625
1 0.71171875 0.38046875 0.0890625 0.0671875
1 0.79140625 0.38828125 0.0921875 0.0640625
1 0.8671875 0.40703125 0.0875 0.0734375
1 0.946875 0.421875 0.090625 0.078125
1 0.9875 0.4375 0.025 0.08125
1 0.9890625 0.3328125 0.021875 0.059375
1 0.9515625 0.3203125 0.090625 0.0625
1 0.8859375 0.30390625 0.078125 0.0515625
1 0.81796875 0.28828125 0.0796875 0.0609375
1 0.746875 0.2765625 0.075 0.05625
1 0.684375 0.26484375 0.08125 0.0703125
1 0.615625 0.25234375 0.0875 0.0578125
1 0.54765625 0.234375 0.0796875 0.05625
1 0.478125 0.22265625 0.0875 0.0578125
1 0.4125 0.21484375 0.0875 0.0609375
1 0.34375 0.19921875 0.0875 0.0578125
1 0.27578125 0.18828125 0.0921875 0.0640625
1 0.32578125 0.15078125 0.0921875 0.0609375
1 0.38125 0.16640625 0.090625 0.0546875
1 0.44296875 0.178125 0.0828125 0.053125
1 0.50625 0.18984375 0.08125 0.0453125
1 0.57109375 0.203125 0.0828125 0.053125
1 0.63125 0.2125 0.075 0.05
1 0.69609375 0.2265625 0.0734375 0.046875
1 0.7609375 0.240625 0.075 0.05
1 0.82578125 0.25390625 0.0703125 0.0515625
1 0.8875 0.2640625 0.06875 0.05
1 0.9890625 0.2921875 0.021875 0.046875
1 0.95390625 0.2765625 0.0765625 0.053125
1 0.9859375 0.2203125 0.028125 0.05
1 0.98828125 0.19140625 0.0234375 0.0421875
1 0.953125 0.2109375 0.06875 0.05
1 0.95625 0.184375 0.06875 0.04375
1 0.89609375 0.20234375 0.0640625 0.0546875
1 0.903125 0.1671875 0.059375 0.04375
1 0.84140625 0.18828125 0.0671875 0.0453125
1 0.84609375 0.159375 0.0609375 0.04375
1 0.7953125 0.14453125 0.06875 0.0390625
1 0.7828125 0.1734375 0.06875 0.04375
1 0.73671875 0.13671875 0.0671875 0.0390625
1 0.72578125 0.17109375 0.0734375 0.0453125
1 0.6828125 0.128125 0.071875 0.04375
1 0.6671875 0.15703125 0.06875 0.0515625
1 0.6265625 0.11796875 0.06875 0.0421875
1 0.609375 0.14453125 0.065625 0.0421875
1 0.575 0.10859375 0.06875 0.0390625
1 0.553125 0.1359375 0.0625 0.0375
1 0.5234375 0.09453125 0.071875 0.0453125
1 0.49921875 0.121875 0.0734375 0.046875
1 0.46796875 0.0859375 0.0765625 0.046875
1 0.44453125 0.11171875 0.0703125 0.0390625
1 0.4203125 0.0765625 0.075 0.04375
1 0.38984375 0.096875 0.0703125 0.046875
1 0.9875 0.1421875 0.025 0.040625
1 0.98828125 0.11640625 0.0234375 0.0421875
1 0.95859375 0.13125 0.0640625 0.04375
1 0.9625 0.109375 0.05625 0.040625
1 0.9109375 0.12421875 0.05625 0.0421875
1 0.9140625 0.1015625 0.059375 0.040625
1 0.86796875 0.08203125 0.0546875 0.0359375
1 0.85859375 0.1078125 0.0640625 0.040625
1 0.8203125 0.0796875 0.059375 0.04375
1 0.8109375 0.1046875 0.059375 0.0375
1 0.771875 0.06875 0.059375 0.0375
1 0.759375 0.0953125 0.0625 0.040625
1 0.721875 0.06328125 0.0625 0.0359375
1 0.709375 0.084375 0.0625 0.0375
1 0.6734375 0.053125 0.0625 0.040625
1 0.653125 0.078125 0.0625 0.03125
1 0.628125 0.046875 0.0625 0.0375
1 0.6078125 0.0671875 0.05625 0.0375
1 0.58046875 0.03671875 0.0515625 0.0359375
1 0.559375 0.05625 0.053125 0.028125
1 0.5328125 0.0265625 0.05625 0.040625
1 0.5125 0.04765625 0.05625 0.0296875
1 0.4921875 0.01953125 0.0625 0.0359375
1 0.46640625 0.0359375 0.0609375 0.03125
1 0.9625 0.08203125 0.065625 0.0203125
1 0.915625 0.071875 0.046875 0.015625
1 0.828125 0.0546875 0.046875 0.015625
1 0.78359375 0.04375 0.0609375 0.01875
1 0.7421875 0.03828125 0.0375 0.0171875
1 0.7 0.03046875 0.053125 0.0234375
1 0.659375 0.0203125 0.053125 0.021875
1 0.61328125 0.01015625 0.0484375 0.0171875
1 0.57265625 0.009375 0.0578125 0.015625
1 0.5234375 0.00234375 0.053125 0.0046875