0 0.9580078125 0.677734375 0.078125 0.2109375
0 0.9248046875 0.705078125 0.1376953125 0.197265625
0 0.8818359375 0.7333984375 0.169921875 0.2138671875
1 0.8115234375 0.7509765625 0.1669921875 0.201171875
0 0.75 0.7822265625 0.1689453125 0.216796875
1 0.68359375 0.810546875 0.1513671875 0.2001953125
1 0.623046875 0.8427734375 0.1640625 0.216796875
0 0.556640625 0.8740234375 0.162109375 0.220703125
1 0.4921875 0.900390625 0.130859375 0.193359375
0 0.4189453125 0.9091796875 0.166015625 0.181640625
0 0.3232421875 0.908203125 0.1591796875 0.169921875
0 0.248046875 0.890625 0.1982421875 0.2001953125
0 0.197265625 0.841796875 0.1875 0.1982421875
1 0.158203125 0.77734375 0.154296875 0.1611328125
0 0.1298828125 0.7177734375 0.177734375 0.1513671875
1 0.087890625 0.66796875 0.1640625 0.142578125
0 0.064453125 0.6103515625 0.1279296875 0.1357421875
1 0.7275390625 0.4990234375 0.1142578125 0.1328125
1 0.666015625 0.4853515625 0.1220703125 0.1611328125
1 0.6083984375 0.4716796875 0.1044921875 0.1533203125
1 0.556640625 0.4677734375 0.1123046875 0.1484375
1 0.4990234375 0.455078125 0.1015625 0.138671875
1 0.44140625 0.443359375 0.1044921875 0.1455078125
1 0.390625 0.44140625 0.099609375 0.1201171875
1 0.5419921875 0.587890625 0.103515625 0.1435546875
0 0.4765625 0.580078125 0.115234375 0.15625
1 0.423828125 0.5625 0.119140625 0.146484375
0 0.353515625 0.55859375 0.1201171875 0.1357421875
1 0.3134765625 0.5400390625 0.123046875 0.142578125
0 0.2587890625 0.5322265625 0.1171875 0.1357421875
0 0.33984375 0.419921875 0.111328125 0.1328125
0 0.2890625 0.412109375 0.1123046875 0.123046875
0 0.1259765625 0.38671875 0.123046875 0.126953125
0 0.1748046875 0.3955078125 0.1064453125 0.1279296875
0 0.224609375 0.408203125 0.1220703125 0.138671875
0 0.05078125 0.1845703125 0.064453125 0.1064453125
0 0.068359375 0.18359375 0.091796875 0.111328125
0 0.11328125 0.201171875 0.095703125 0.1142578125
0 0.158203125 0.201171875 0.099609375 0.1123046875
0 0.193359375 0.212890625 0.0859375 0.103515625
0 0.236328125 0.2255859375 0.09375 0.111328125
0 0.2890625 0.23046875 0.09375 0.1142578125
0 0.3408203125 0.23828125 0.103515625 0.095703125
1 0.39453125 0.240234375 0.1044921875 0.1015625
0 0.4423828125 0.2490234375 0.0966796875 0.0986328125
1 0.494140625 0.2568359375 0.1044921875 0.0986328125
0 0.5400390625 0.2646484375 0.1044921875 0.095703125
0 0.591796875 0.2685546875 0.095703125 0.103515625
0 0.650390625 0.267578125 0.1015625 0.0986328125
0 0.705078125 0.279296875 0.107421875 0.099609375
0 0.76171875 0.283203125 0.095703125 0.095703125
0 0.8173828125 0.2841796875 0.083984375 0.0908203125
0 0.880859375 0.298828125 0.095703125 0.0986328125
0 0.94140625 0.306640625 0.0986328125 0.103515625
0 0.978515625 0.306640625 0.0419921875 0.1142578125