0 0.060546875 0.771484375 0.12109375 0.3046875
1 0.142578125 0.8193359375 0.171875 0.283203125
0 0.2490234375 0.853515625 0.236328125 0.259765625
1 0.3505859375 0.896484375 0.189453125 0.193359375
0 0.4638671875 0.91796875 0.1875 0.1640625
0 0.5703125 0.94140625 0.162109375 0.1171875
0 0.6904296875 0.9736328125 0.1748046875 0.052734375
0 0.9052734375 0.8359375 0.142578125 0.2939453125
0 0.8037109375 0.7734375 0.1640625 0.318359375
0 0.7060546875 0.73828125 0.1748046875 0.310546875
0 0.6083984375 0.693359375 0.1826171875 0.3076171875
0 0.505859375 0.6396484375 0.171875 0.298828125
0 0.4140625 0.583984375 0.1904296875 0.3232421875
0 0.3154296875 0.541015625 0.1845703125 0.2734375
0 0.2275390625 0.50390625 0.173828125 0.3173828125
0 0.1328125 0.4404296875 0.1689453125 0.275390625
0 0.060546875 0.4208984375 0.12109375 0.302734375
0 0.9580078125 0.4638671875 0.083984375 0.265625
0 0.900390625 0.4287109375 0.1748046875 0.2451171875
0 0.802734375 0.3974609375 0.138671875 0.2109375
0 0.70703125 0.3583984375 0.1513671875 0.2138671875
1 0.607421875 0.3212890625 0.1533203125 0.2138671875
0 0.529296875 0.2734375 0.158203125 0.21875
1 0.439453125 0.2509765625 0.1513671875 0.2138671875
1 0.353515625 0.212890625 0.15625 0.208984375
0 0.275390625 0.1728515625 0.1484375 0.232421875
1 0.1875 0.1484375 0.130859375 0.1904296875
0 0.119140625 0.0986328125 0.15625 0.197265625
0 0.0771484375 0.08203125 0.0703125 0.1640625
1 0.9462890625 0.181640625 0.107421875 0.17578125
1 0.873046875 0.154296875 0.1298828125 0.15625
1 0.791015625 0.119140625 0.142578125 0.1611328125
0 0.701171875 0.095703125 0.125 0.158203125
1 0.6259765625 0.0693359375 0.123046875 0.126953125
1 0.5341796875 0.0537109375 0.1220703125 0.107421875
1 0.45703125 0.041015625 0.11328125 0.08203125
1 0.380859375 0.0234375 0.115234375 0.046875
1 0.298828125 0.0087890625 0.119140625 0.017578125