0 0.9658203125 0.6904296875 0.068359375 0.384765625
0 0.853515625 0.64453125 0.2919921875 0.4638671875
0 0.705078125 0.59375 0.349609375 0.4501953125
0 0.560546875 0.568359375 0.326171875 0.4248046875
0 0.4267578125 0.501953125 0.3154296875 0.380859375
0 0.291015625 0.458984375 0.298828125 0.357421875
0 0.1845703125 0.421875 0.296875 0.337890625
0 0.11328125 0.4052734375 0.2265625 0.3017578125
0 0.0546875 0.3720703125 0.109375 0.2783203125
0 0.3525390625 0.8017578125 0.458984375 0.396484375
0 0.208984375 0.7822265625 0.396484375 0.435546875
1 0.5166015625 0.8212890625 0.392578125 0.357421875
1 0.1474609375 0.7392578125 0.2919921875 0.453125
1 0.087890625 0.626953125 0.1748046875 0.357421875
0 0.470703125 0.111328125 0.1875 0.2216796875
1 0.37890625 0.10546875 0.189453125 0.201171875
0 0.296875 0.103515625 0.171875 0.1796875
0 0.220703125 0.10546875 0.162109375 0.1513671875
1 0.1376953125 0.119140625 0.1279296875 0.1123046875