0 0.025390625 0.7275390625 0.0498046875 0.3359375
1 0.1064453125 0.72265625 0.197265625 0.3330078125
0 0.255859375 0.6982421875 0.1845703125 0.333984375
0 0.3994140625 0.677734375 0.185546875 0.3623046875
0 0.5546875 0.6669921875 0.25 0.3876953125
0 0.689453125 0.662109375 0.234375 0.3798828125
0 0.8447265625 0.6435546875 0.248046875 0.365234375
0 0.9248046875 0.607421875 0.150390625 0.353515625
1 0.908203125 0.3115234375 0.1826171875 0.283203125
0 0.78125 0.3046875 0.1748046875 0.2685546875
0 0.650390625 0.314453125 0.15625 0.2763671875
0 0.533203125 0.3232421875 0.173828125 0.2998046875
0 0.3779296875 0.3427734375 0.1875 0.2763671875
0 0.26171875 0.3701171875 0.1611328125 0.291015625
0 0.130859375 0.4033203125 0.173828125 0.2939453125
1 0.052734375 0.400390625 0.1044921875 0.298828125
0 0.087890625 0.1162109375 0.154296875 0.123046875
0 0.2783203125 0.0810546875 0.2158203125 0.125
0 0.505859375 0.064453125 0.236328125 0.1279296875
0 0.7314453125 0.0546875 0.2373046875 0.099609375
0 0.919921875 0.0498046875 0.15625 0.0751953125