0 0.880859375 0.8125 0.1767578125 0.306640625
1 0.771484375 0.78125 0.2138671875 0.306640625
0 0.650390625 0.73046875 0.205078125 0.3076171875
0 0.5322265625 0.681640625 0.2109375 0.330078125
0 0.404296875 0.6396484375 0.2685546875 0.361328125
0 0.2919921875 0.6064453125 0.2529296875 0.353515625
0 0.1630859375 0.55859375 0.263671875 0.341796875
0 0.095703125 0.5009765625 0.19140625 0.330078125
0 0.091796875 0.216796875 0.1201171875 0.232421875
1 0.1787109375 0.2646484375 0.1982421875 0.263671875
0 0.2880859375 0.2861328125 0.185546875 0.25
0 0.3974609375 0.3212890625 0.173828125 0.2548828125
0 0.494140625 0.353515625 0.1904296875 0.2763671875
0 0.6220703125 0.4033203125 0.2001953125 0.259765625
0 0.712890625 0.44921875 0.1796875 0.267578125
0 0.818359375 0.5068359375 0.1904296875 0.2705078125
1 0.91015625 0.52734375 0.1796875 0.279296875
0 0.919921875 0.279296875 0.1591796875 0.138671875
0 0.7607421875 0.201171875 0.2001953125 0.1376953125
0 0.572265625 0.138671875 0.216796875 0.1484375
0 0.384765625 0.072265625 0.220703125 0.1435546875
0 0.2060546875 0.0419921875 0.2001953125 0.083984375