0 0.9189453125 0.880859375 0.083984375 0.2373046875
0 0.8251953125 0.8115234375 0.306640625 0.376953125
0 0.6884765625 0.716796875 0.3173828125 0.435546875
0 0.5634765625 0.626953125 0.2919921875 0.4140625
0 0.4716796875 0.5009765625 0.287109375 0.3671875
0 0.3681640625 0.3984375 0.2734375 0.34375
0 0.28515625 0.3134765625 0.2734375 0.3232421875
0 0.205078125 0.255859375 0.251953125 0.2890625
0 0.1328125 0.18359375 0.2060546875 0.2763671875
0 0.2392578125 0.7724609375 0.4189453125 0.4296875
0 0.1552734375 0.677734375 0.310546875 0.458984375
1 0.39453125 0.8359375 0.3544921875 0.328125
1 0.115234375 0.5810546875 0.2294921875 0.443359375
1 0.0859375 0.4462890625 0.171875 0.3544921875
0 0.6982421875 0.162109375 0.171875 0.2138671875
1 0.6162109375 0.111328125 0.1767578125 0.1904296875
0 0.5390625 0.0791015625 0.1591796875 0.158203125
0 0.4677734375 0.0537109375 0.154296875 0.107421875
1 0.3837890625 0.03125 0.1201171875 0.0625