0 0.865234375 0.93359375 0.126953125 0.1328125
0 0.791015625 0.88671875 0.2578125 0.2265625
0 0.6181640625 0.828125 0.3203125 0.34375
0 0.4580078125 0.7939453125 0.326171875 0.412109375
0 0.3076171875 0.7490234375 0.337890625 0.4765625
0 0.1806640625 0.673828125 0.341796875 0.4970703125
0 0.0927734375 0.638671875 0.185546875 0.447265625
0 0.033203125 0.55859375 0.0654296875 0.404296875
1 0.951171875 0.5966796875 0.0966796875 0.265625
0 0.8876953125 0.546875 0.224609375 0.2783203125
0 0.765625 0.505859375 0.224609375 0.267578125
0 0.640625 0.435546875 0.2529296875 0.322265625
0 0.5302734375 0.3896484375 0.2080078125 0.2763671875
0 0.4296875 0.306640625 0.2470703125 0.3203125
1 0.3447265625 0.287109375 0.2080078125 0.296875
0 0.2529296875 0.216796875 0.2216796875 0.2919921875
0 0.1875 0.1591796875 0.25 0.318359375
0 0.1318359375 0.125 0.169921875 0.25
0 0.9775390625 0.2080078125 0.044921875 0.228515625
1 0.93359375 0.1875 0.1298828125 0.193359375
1 0.869140625 0.1435546875 0.115234375 0.162109375
1 0.7822265625 0.130859375 0.1357421875 0.177734375
0 0.7001953125 0.09765625 0.1220703125 0.1455078125
1 0.6298828125 0.06640625 0.134765625 0.1201171875
0 0.564453125 0.04296875 0.109375 0.0859375
1 0.490234375 0.017578125 0.09765625 0.03515625