0 0.0029296875 0.2666015625 0.005859375 0.2705078125
0 0.0703125 0.2431640625 0.140625 0.2861328125
0 0.193359375 0.240234375 0.185546875 0.283203125
0 0.34375 0.228515625 0.197265625 0.2939453125
0 0.49609375 0.212890625 0.185546875 0.306640625
0 0.642578125 0.216796875 0.1875 0.287109375
0 0.7900390625 0.208984375 0.1826171875 0.306640625
0 0.9150390625 0.1845703125 0.1298828125 0.291015625
0 0.9501953125 0.7587890625 0.099609375 0.365234375
0 0.8642578125 0.765625 0.244140625 0.3251953125
0 0.6748046875 0.771484375 0.228515625 0.3330078125
0 0.533203125 0.796875 0.2265625 0.349609375
0 0.3642578125 0.791015625 0.228515625 0.330078125
0 0.2099609375 0.826171875 0.236328125 0.3310546875
0 0.083984375 0.8046875 0.1533203125 0.337890625