1 0.98125 0.12421875 0.0375 0.0828125
1 0.90625 0.096875 0.1125 0.071875
1 0.96796875 0.1671875 0.0640625 0.121875
1 0.959375 0.23671875 0.08125 0.1171875
0 0.8921875 0.16015625 0.1125 0.0890625
0 0.85546875 0.20546875 0.1109375 0.0953125
0 0.9390625 0.27890625 0.121875 0.1203125
1 0.91953125 0.328125 0.1234375 0.14375
1 0.790625 0.3234375 0.115625 0.090625
0 0.88828125 0.409375 0.1140625 0.1375
0 0.81484375 0.259375 0.1171875 0.125
0 0.78125 0.609375 0.128125 0.121875
0 0.68125 0.521875 0.13125 0.128125
0 0.65234375 0.58671875 0.1234375 0.1296875
0 0.74921875 0.66875 0.1296875 0.11875
0 0.7203125 0.73046875 0.115625 0.1015625
0 0.625 0.64375 0.125 0.121875
0 0.5828125 0.7171875 0.121875 0.121875
0 0.6828125 0.79765625 0.125 0.1171875
0 0.54765625 0.7984375 0.1203125 0.125
0 0.65234375 0.88046875 0.1234375 0.1140625
1 0.51640625 0.85703125 0.1359375 0.1484375
1 0.4765625 0.93203125 0.134375 0.1359375
0 0.621875 0.9375 0.1125 0.10625
0 0.584375 0.978125 0.103125 0.04375
0 0.59453125 0.165625 0.1171875 0.125
0 0.628125 0.09453125 0.13125 0.1078125
0 0.66171875 0.0453125 0.1046875 0.0625
0 0.50546875 0.08671875 0.1265625 0.1265625
1 0.5375 0.028125 0.103125 0.05625
0 0.39375 0.29609375 0.128125 0.1234375
0 0.484375 0.3640625 0.1125 0.1375
0 0.446875 0.41171875 0.115625 0.1234375
0 0.36953125 0.35390625 0.1046875 0.1140625
0 0.40625 0.47578125 0.1125 0.1359375
0 0.3171875 0.396875 0.115625 0.128125
0 0.2890625 0.46484375 0.13125 0.1328125
1 0.38203125 0.53671875 0.1140625 0.1234375
1 0.34609375 0.6234375 0.1171875 0.125
1 0.25859375 0.5375 0.1296875 0.128125
0 0.3125 0.6859375 0.109375 0.11875
0 0.22890625 0.60625 0.1328125 0.13125
1 0.178125 0.665625 0.14375 0.159375
0 0.2828125 0.74375 0.10625 0.115625
0 0.2359375 0.821875 0.11875 0.14375
1 0.140625 0.73359375 0.1375 0.1546875
0 0.09375 0.809375 0.146875 0.16875
1 0.2 0.884375 0.1375 0.15
1 0.07109375 0.86484375 0.1421875 0.1390625
0 0.01875 0.4953125 0.0375 0.11875
0 0.0359375 0.44140625 0.071875 0.1140625
1 0.06171875 0.359375 0.1046875 0.128125
0 0.0921875 0.3 0.1125 0.125
0 0.12734375 0.240625 0.1078125 0.10625
0 0.1609375 0.1859375 0.1125 0.103125
0 0.203125 0.12734375 0.10625 0.1140625
0 0.12734375 0.06015625 0.1171875 0.1203125
1 0.0984375 0.1078125 0.078125 0.10625
0 0.06953125 0.18828125 0.0515625 0.0953125
1 0.87578125 0.95625 0.0984375 0.0875