0 0.859375 0.8857421875 0.125 0.197265625
0 0.8076171875 0.876953125 0.2060546875 0.244140625
0 0.736328125 0.8623046875 0.1982421875 0.224609375
0 0.669921875 0.8505859375 0.201171875 0.2392578125
1 0.5986328125 0.828125 0.197265625 0.224609375
0 0.5263671875 0.8193359375 0.2001953125 0.2421875
1 0.451171875 0.806640625 0.1796875 0.2236328125
1 0.380859375 0.80078125 0.193359375 0.2421875
0 0.302734375 0.791015625 0.193359375 0.2451171875
1 0.232421875 0.7763671875 0.1591796875 0.2158203125
0 0.154296875 0.755859375 0.197265625 0.234375
0 0.0791015625 0.7138671875 0.158203125 0.259765625
0 0.06640625 0.6435546875 0.1328125 0.244140625
0 0.0576171875 0.5615234375 0.115234375 0.2138671875
1 0.05078125 0.4853515625 0.1015625 0.173828125
0 0.05859375 0.423828125 0.1171875 0.15625
1 0.0546875 0.361328125 0.09375 0.134765625
0 0.05859375 0.2939453125 0.0703125 0.125
1 0.66796875 0.55859375 0.1357421875 0.1513671875
1 0.62109375 0.51171875 0.1455078125 0.1796875
1 0.5791015625 0.4677734375 0.126953125 0.169921875
1 0.537109375 0.4326171875 0.1328125 0.166015625
1 0.4921875 0.390625 0.1220703125 0.15625
1 0.4482421875 0.345703125 0.125 0.1611328125
1 0.404296875 0.31640625 0.119140625 0.1357421875
1 0.455078125 0.53125 0.123046875 0.1591796875
0 0.400390625 0.486328125 0.138671875 0.1748046875
1 0.3642578125 0.44140625 0.140625 0.1640625
0 0.306640625 0.3994140625 0.138671875 0.154296875
1 0.2802734375 0.3583984375 0.1455078125 0.1611328125
0 0.2373046875 0.322265625 0.1376953125 0.1533203125
0 0.3720703125 0.2685546875 0.130859375 0.150390625
0 0.3310546875 0.232421875 0.130859375 0.140625
0 0.2021484375 0.1181640625 0.142578125 0.1455078125
0 0.244140625 0.15234375 0.125 0.1455078125
0 0.279296875 0.193359375 0.142578125 0.158203125
0 0.33203125 0.0185546875 0.111328125 0.037109375
0 0.3603515625 0.0302734375 0.1015625 0.060546875
0 0.3896484375 0.0498046875 0.111328125 0.099609375
0 0.4365234375 0.07421875 0.111328125 0.1298828125
0 0.4765625 0.109375 0.119140625 0.109375
1 0.521484375 0.142578125 0.119140625 0.115234375
0 0.5595703125 0.17578125 0.1123046875 0.1142578125
1 0.6005859375 0.2138671875 0.1201171875 0.115234375
0 0.63671875 0.24609375 0.1201171875 0.111328125
0 0.6787109375 0.279296875 0.111328125 0.1171875
0 0.732421875 0.314453125 0.1171875 0.1123046875
0 0.7724609375 0.35546875 0.123046875 0.1171875
0 0.8203125 0.388671875 0.109375 0.111328125
0 0.869140625 0.421875 0.0986328125 0.103515625
0 0.9150390625 0.470703125 0.111328125 0.1123046875
0 0.953125 0.5107421875 0.09375 0.119140625
0 0.9814453125 0.541015625 0.037109375 0.1171875