0 0.9970703125 0.1162109375 0.005859375 0.138671875
0 0.9755859375 0.10546875 0.048828125 0.1513671875
0 0.9482421875 0.095703125 0.072265625 0.1328125
0 0.8974609375 0.080078125 0.0703125 0.123046875
0 0.845703125 0.0888671875 0.068359375 0.119140625
0 0.802734375 0.076171875 0.0703125 0.123046875
0 0.7587890625 0.068359375 0.0703125 0.123046875
0 0.7099609375 0.06640625 0.0703125 0.123046875
0 0.66796875 0.056640625 0.0673828125 0.107421875
0 0.625 0.0478515625 0.0625 0.091796875
0 0.572265625 0.048828125 0.0703125 0.09375
0 0.4453125 0.0322265625 0.078125 0.064453125
0 0.3974609375 0.0302734375 0.0703125 0.060546875
0 0.3525390625 0.029296875 0.064453125 0.05859375
0 0.3046875 0.0263671875 0.072265625 0.052734375
0 0.259765625 0.0224609375 0.0673828125 0.044921875
0 0.212890625 0.0224609375 0.068359375 0.044921875
0 0.171875 0.009765625 0.05859375 0.01953125
0 0.1298828125 0.009765625 0.076171875 0.01953125
0 0.921875 0.3447265625 0.0908203125 0.0732421875
0 0.916015625 0.408203125 0.09375 0.087890625
0 0.9072265625 0.484375 0.1015625 0.099609375
0 0.89453125 0.595703125 0.1044921875 0.099609375
0 0.8798828125 0.6767578125 0.09375 0.09375
0 0.8740234375 0.748046875 0.0986328125 0.109375
0 0.861328125 0.837890625 0.09375 0.1123046875
0 0.8544921875 0.9091796875 0.0908203125 0.1064453125
0 0.84765625 0.966796875 0.091796875 0.0654296875
0 0.7529296875 0.298828125 0.0908203125 0.0810546875
0 0.74609375 0.3564453125 0.095703125 0.072265625
0 0.732421875 0.44921875 0.083984375 0.095703125
0 0.724609375 0.5439453125 0.091796875 0.0908203125
0 0.7099609375 0.62109375 0.0859375 0.0732421875
0 0.6923828125 0.693359375 0.0966796875 0.0888671875
0 0.6826171875 0.779296875 0.0966796875 0.109375
0 0.6669921875 0.865234375 0.087890625 0.083984375
0 0.66015625 0.9541015625 0.09375 0.091796875
0 0.5146484375 0.9794921875 0.107421875 0.041015625
0 0.533203125 0.923828125 0.1044921875 0.09375
0 0.5390625 0.84375 0.103515625 0.087890625
1 0.556640625 0.75 0.1015625 0.099609375
0 0.5732421875 0.6796875 0.1064453125 0.083984375
0 0.5869140625 0.6005859375 0.1015625 0.095703125
0 0.603515625 0.517578125 0.103515625 0.087890625
0 0.6220703125 0.4267578125 0.109375 0.083984375
0 0.6328125 0.353515625 0.09375 0.076171875
0 0.650390625 0.28515625 0.103515625 0.0830078125
0 0.48046875 0.251953125 0.0986328125 0.076171875
0 0.458984375 0.3251953125 0.09375 0.0908203125
0 0.4443359375 0.396484375 0.0888671875 0.083984375
0 0.4228515625 0.4912109375 0.091796875 0.0986328125
1 0.408203125 0.5751953125 0.091796875 0.083984375
0 0.3916015625 0.634765625 0.1044921875 0.099609375
0 0.376953125 0.73046875 0.1044921875 0.111328125
1 0.36328125 0.818359375 0.0986328125 0.095703125
0 0.341796875 0.91015625 0.1015625 0.095703125
1 0.326171875 0.9638671875 0.0986328125 0.068359375
0 0.3583984375 0.228515625 0.0859375 0.080078125
0 0.345703125 0.298828125 0.0888671875 0.0810546875
0 0.333984375 0.3759765625 0.0966796875 0.0986328125
0 0.30859375 0.4677734375 0.0830078125 0.080078125
0 0.291015625 0.5478515625 0.095703125 0.1044921875
0 0.26953125 0.62890625 0.095703125 0.0888671875
0 0.2587890625 0.703125 0.1044921875 0.119140625
0 0.236328125 0.7939453125 0.115234375 0.125
0 0.2138671875 0.8798828125 0.1123046875 0.115234375
0 0.19921875 0.951171875 0.1015625 0.080078125
0 0.19140625 0.197265625 0.095703125 0.080078125
0 0.171875 0.2734375 0.0966796875 0.1064453125
0 0.1494140625 0.34375 0.1044921875 0.09375
0 0.1259765625 0.447265625 0.1015625 0.103515625
0 0.1103515625 0.5166015625 0.1142578125 0.107421875
0 0.083984375 0.591796875 0.1123046875 0.1015625
0 0.0625 0.669921875 0.1123046875 0.1044921875
0 0.0458984375 0.73828125 0.091796875 0.0830078125
0 0.0390625 0.8251953125 0.078125 0.1123046875
0 0.025390625 0.90625 0.05078125 0.0859375
0 0.078125 0.189453125 0.09375 0.080078125
0 0.0546875 0.271484375 0.0966796875 0.091796875
0 0.046875 0.3349609375 0.087890625 0.0888671875
0 0.03125 0.431640625 0.0595703125 0.0859375
1 0.0166015625 0.4951171875 0.033203125 0.072265625