0 0.923828125 0.8369140625 0.11328125 0.326171875
0 0.859375 0.8095703125 0.2529296875 0.380859375
0 0.6953125 0.78125 0.322265625 0.4375
0 0.541015625 0.767578125 0.314453125 0.4404296875
0 0.392578125 0.736328125 0.314453125 0.4404296875
0 0.263671875 0.705078125 0.3203125 0.458984375
0 0.1337890625 0.708984375 0.267578125 0.427734375
0 0.0693359375 0.654296875 0.138671875 0.3857421875
1 0.9345703125 0.42578125 0.130859375 0.2607421875
1 0.9384765625 0.1083984375 0.123046875 0.130859375
0 0.845703125 0.4072265625 0.208984375 0.2578125
0 0.7265625 0.4013671875 0.208984375 0.2470703125
0 0.6005859375 0.3740234375 0.236328125 0.298828125
0 0.4921875 0.3642578125 0.193359375 0.255859375
0 0.380859375 0.3203125 0.2314453125 0.296875
1 0.302734375 0.326171875 0.193359375 0.275390625
0 0.205078125 0.2880859375 0.2080078125 0.2705078125
0 0.1318359375 0.2490234375 0.232421875 0.310546875
0 0.0849609375 0.240234375 0.138671875 0.251953125
0 0.8662109375 0.111328125 0.1171875 0.150390625
1 0.7861328125 0.0986328125 0.119140625 0.1435546875
1 0.7177734375 0.078125 0.1044921875 0.119140625
1 0.638671875 0.0830078125 0.1279296875 0.150390625
0 0.556640625 0.06640625 0.1123046875 0.1328125
1 0.4892578125 0.056640625 0.126953125 0.11328125
0 0.4267578125 0.0458984375 0.103515625 0.091796875
1 0.3544921875 0.033203125 0.091796875 0.06640625