0 0.96640625 0.86953125 0.0546875 0.2609375
0 0.89765625 0.83984375 0.1890625 0.3203125
0 0.7203125 0.80625 0.234375 0.3875
0 0.56171875 0.7859375 0.2328125 0.40625
0 0.40859375 0.74375 0.2328125 0.40625
0 0.27421875 0.70078125 0.2328125 0.4265625
0 0.1171875 0.696875 0.234375 0.39375
0 0.0515625 0.63359375 0.103125 0.3828125
1 0.978125 0.46328125 0.04375 0.2421875
1 0.98984375 0.10703125 0.0203125 0.1671875
0 0.90390625 0.4328125 0.1640625 0.23125
0 0.78125 0.42109375 0.16875 0.2203125
0 0.65 0.38203125 0.184375 0.2703125
0 0.53828125 0.3640625 0.1484375 0.234375
0 0.4265625 0.309375 0.178125 0.26875
1 0.34453125 0.309375 0.1421875 0.253125
0 0.24453125 0.26484375 0.1578125 0.2453125
0 0.17109375 0.21796875 0.1765625 0.2828125
0 0.08828125 0.1984375 0.1609375 0.234375
0 0.02578125 0.1578125 0.0328125 0.24375
0 0.95234375 0.10546875 0.0796875 0.1828125
1 0.86875 0.09453125 0.0875 0.1640625
1 0.7984375 0.0734375 0.08125 0.128125
1 0.7140625 0.07734375 0.096875 0.1421875
0 0.63046875 0.06171875 0.0890625 0.1171875
1 0.5609375 0.0453125 0.10625 0.090625
0 0.49453125 0.034375 0.0890625 0.06875
1 0.42109375 0.01875 0.0859375 0.0375