0 0.0087890625 0.068359375 0.017578125 0.041015625
0 0.03125 0.0673828125 0.0625 0.046875
0 0.0703125 0.068359375 0.0751953125 0.0576171875
0 0.111328125 0.060546875 0.0751953125 0.0517578125
0 0.1611328125 0.0546875 0.072265625 0.0498046875
0 0.2060546875 0.0615234375 0.072265625 0.0732421875
0 0.251953125 0.0595703125 0.0751953125 0.078125
0 0.2939453125 0.060546875 0.0751953125 0.0859375
0 0.33984375 0.060546875 0.076171875 0.099609375
0 0.3857421875 0.056640625 0.0751953125 0.1015625
0 0.4296875 0.052734375 0.068359375 0.1015625
0 0.4814453125 0.0576171875 0.078125 0.115234375
0 0.6083984375 0.060546875 0.0888671875 0.1201171875
0 0.6513671875 0.064453125 0.083984375 0.12890625
0 0.6962890625 0.0712890625 0.076171875 0.1357421875
0 0.744140625 0.0771484375 0.0830078125 0.138671875
0 0.787109375 0.0810546875 0.078125 0.1376953125
0 0.83203125 0.09375 0.080078125 0.1376953125
0 0.876953125 0.080078125 0.0703125 0.1376953125
0 0.91796875 0.083984375 0.0888671875 0.1533203125
0 0.9453125 0.0908203125 0.0439453125 0.1435546875
0 0.068359375 0.26171875 0.095703125 0.080078125
0 0.056640625 0.3232421875 0.0986328125 0.09375
0 0.048828125 0.3955078125 0.09765625 0.107421875
0 0.041015625 0.5048828125 0.08203125 0.103515625
0 0.037109375 0.5859375 0.068359375 0.0966796875
0 0.0361328125 0.654296875 0.052734375 0.109375
0 0.033203125 0.7421875 0.03125 0.109375
0 0.23828125 0.259765625 0.095703125 0.087890625
0 0.2294921875 0.318359375 0.099609375 0.078125
0 0.220703125 0.41015625 0.0908203125 0.1015625
0 0.2041015625 0.501953125 0.0986328125 0.0966796875
0 0.197265625 0.5791015625 0.0888671875 0.080078125
0 0.1962890625 0.6513671875 0.1015625 0.09375
0 0.18359375 0.736328125 0.1044921875 0.1142578125
0 0.177734375 0.8203125 0.091796875 0.087890625
0 0.158203125 0.9111328125 0.099609375 0.099609375
0 0.150390625 0.97265625 0.095703125 0.0546875
0 0.283203125 0.97265625 0.1123046875 0.0546875
0 0.2890625 0.9111328125 0.109375 0.099609375
0 0.302734375 0.8330078125 0.109375 0.09375
1 0.3095703125 0.740234375 0.1064453125 0.1064453125
0 0.3125 0.6689453125 0.109375 0.0908203125
0 0.3212890625 0.5908203125 0.107421875 0.103515625
0 0.328125 0.505859375 0.109375 0.09375
0 0.3330078125 0.416015625 0.115234375 0.091796875
0 0.33984375 0.34375 0.0986328125 0.0810546875
0 0.33984375 0.2744140625 0.107421875 0.0888671875
0 0.509765625 0.287109375 0.103515625 0.0830078125
0 0.5107421875 0.361328125 0.099609375 0.0966796875
0 0.5068359375 0.4345703125 0.095703125 0.0908203125
0 0.5029296875 0.529296875 0.099609375 0.1044921875
1 0.49609375 0.611328125 0.0986328125 0.0908203125
0 0.498046875 0.669921875 0.111328125 0.1064453125
0 0.486328125 0.7685546875 0.111328125 0.115234375
1 0.4775390625 0.853515625 0.1044921875 0.1015625
0 0.4755859375 0.9453125 0.107421875 0.103515625
1 0.470703125 0.9814453125 0.099609375 0.037109375
0 0.6318359375 0.294921875 0.0888671875 0.083984375
0 0.626953125 0.3642578125 0.09375 0.087890625
0 0.619140625 0.44140625 0.103515625 0.1044921875
0 0.619140625 0.5341796875 0.087890625 0.083984375
0 0.61328125 0.6162109375 0.1015625 0.111328125
0 0.615234375 0.697265625 0.099609375 0.09375
0 0.6064453125 0.771484375 0.1123046875 0.125
0 0.603515625 0.8623046875 0.123046875 0.130859375
0 0.603515625 0.9423828125 0.119140625 0.109375
0 0.5966796875 0.98828125 0.099609375 0.0205078125
0 0.798828125 0.30859375 0.1015625 0.0859375
0 0.7978515625 0.3837890625 0.1044921875 0.111328125
0 0.802734375 0.45703125 0.111328125 0.1015625
0 0.7978515625 0.560546875 0.107421875 0.109375
0 0.794921875 0.6328125 0.1201171875 0.115234375
0 0.8017578125 0.7080078125 0.119140625 0.109375
0 0.8017578125 0.7890625 0.119140625 0.1123046875
0 0.798828125 0.859375 0.099609375 0.087890625
0 0.791015625 0.931640625 0.1044921875 0.0908203125
0 0.908203125 0.330078125 0.0986328125 0.083984375
0 0.9091796875 0.412109375 0.103515625 0.0966796875
0 0.908203125 0.474609375 0.1064453125 0.0966796875
0 0.912109375 0.5771484375 0.107421875 0.091796875
1 0.9208984375 0.6455078125 0.107421875 0.0810546875