1 0.0673828125 0.814453125 0.130859375 0.1845703125
1 0.0517578125 0.9443359375 0.103515625 0.0673828125
1 0.1826171875 0.9482421875 0.1376953125 0.0751953125
1 0.333984375 0.955078125 0.140625 0.078125
1 0.4755859375 0.962890625 0.158203125 0.0732421875
1 0.6318359375 0.9619140625 0.142578125 0.076171875
1 0.771484375 0.966796875 0.1591796875 0.0654296875
1 0.9072265625 0.962890625 0.142578125 0.0732421875
1 0.947265625 0.8740234375 0.0751953125 0.1611328125
1 0.8564453125 0.857421875 0.1845703125 0.171875
1 0.7265625 0.857421875 0.166015625 0.193359375
1 0.599609375 0.8505859375 0.1484375 0.1953125
1 0.470703125 0.841796875 0.171875 0.193359375
0 0.341796875 0.826171875 0.1455078125 0.2080078125
0 0.205078125 0.8095703125 0.1328125 0.193359375
0 0.0341796875 0.564453125 0.068359375 0.1142578125
0 0.12109375 0.5654296875 0.0986328125 0.115234375
0 0.2294921875 0.5732421875 0.103515625 0.1064453125
0 0.3466796875 0.576171875 0.09375 0.115234375
0 0.451171875 0.5859375 0.0986328125 0.109375
0 0.55078125 0.591796875 0.1142578125 0.1171875
0 0.6552734375 0.6005859375 0.111328125 0.1171875
0 0.7626953125 0.60546875 0.109375 0.123046875
0 0.861328125 0.6005859375 0.1142578125 0.1142578125
0 0.958984375 0.6044921875 0.076171875 0.1064453125
1 0.9775390625 0.513671875 0.044921875 0.1171875
1 0.908203125 0.5126953125 0.119140625 0.109375
1 0.814453125 0.498046875 0.111328125 0.0966796875
1 0.7236328125 0.4921875 0.109375 0.09375
0 0.625 0.47265625 0.087890625 0.1044921875
1 0.529296875 0.478515625 0.091796875 0.0986328125
0 0.44140625 0.4580078125 0.1015625 0.115234375
0 0.3408203125 0.4736328125 0.115234375 0.1064453125
1 0.23828125 0.478515625 0.091796875 0.0986328125
1 0.146484375 0.478515625 0.1064453125 0.1064453125
1 0.0517578125 0.4697265625 0.103515625 0.111328125
1 0.0302734375 0.328125 0.048828125 0.078125
1 0.095703125 0.3251953125 0.0859375 0.078125
1 0.181640625 0.3388671875 0.0888671875 0.078125
1 0.2587890625 0.33984375 0.0859375 0.0673828125
1 0.341796875 0.337890625 0.107421875 0.078125
1 0.4287109375 0.345703125 0.0859375 0.0703125
1 0.513671875 0.345703125 0.078125 0.0654296875
1 0.587890625 0.3515625 0.095703125 0.068359375
1 0.6708984375 0.35546875 0.1015625 0.0673828125
1 0.75 0.3583984375 0.0810546875 0.0673828125
1 0.8349609375 0.3642578125 0.1015625 0.0810546875
1 0.912109375 0.369140625 0.0986328125 0.072265625
1 0.96875 0.37109375 0.0625 0.0576171875
1 0.9501953125 0.3095703125 0.099609375 0.0625
1 0.87890625 0.3037109375 0.1015625 0.0546875
1 0.7998046875 0.3037109375 0.103515625 0.0517578125
1 0.724609375 0.298828125 0.0986328125 0.048828125
1 0.6513671875 0.2958984375 0.09375 0.0546875
1 0.576171875 0.2919921875 0.083984375 0.046875
1 0.494140625 0.2919921875 0.087890625 0.0498046875
1 0.423828125 0.2900390625 0.0810546875 0.0546875
1 0.345703125 0.279296875 0.083984375 0.0498046875
1 0.2685546875 0.2783203125 0.078125 0.0595703125
1 0.189453125 0.271484375 0.080078125 0.0673828125
1 0.11328125 0.2666015625 0.0859375 0.0673828125
1 0.0458984375 0.2607421875 0.0703125 0.0595703125
1 0.029296875 0.162109375 0.0283203125 0.0546875
1 0.0751953125 0.166015625 0.087890625 0.046875
1 0.14453125 0.1689453125 0.0732421875 0.046875
1 0.2119140625 0.173828125 0.0830078125 0.0498046875
1 0.2783203125 0.1748046875 0.072265625 0.041015625
1 0.3466796875 0.1787109375 0.072265625 0.048828125
1 0.416015625 0.185546875 0.0673828125 0.044921875
1 0.478515625 0.189453125 0.072265625 0.0595703125
1 0.5458984375 0.193359375 0.080078125 0.046875
1 0.615234375 0.1953125 0.072265625 0.046875
1 0.68359375 0.201171875 0.080078125 0.046875
1 0.7490234375 0.2109375 0.080078125 0.0498046875
1 0.81640625 0.2138671875 0.080078125 0.046875
1 0.884765625 0.220703125 0.083984375 0.0498046875
1 0.845703125 0.1708984375 0.0859375 0.044921875
1 0.7900390625 0.173828125 0.0859375 0.041015625
1 0.728515625 0.1669921875 0.0751953125 0.041015625
1 0.666015625 0.1630859375 0.076171875 0.033203125
1 0.603515625 0.1591796875 0.0751953125 0.041015625
1 0.541015625 0.1533203125 0.068359375 0.041015625
1 0.4765625 0.150390625 0.068359375 0.0361328125
1 0.4140625 0.146484375 0.068359375 0.041015625
1 0.34765625 0.1435546875 0.064453125 0.041015625
1 0.2861328125 0.13671875 0.0625 0.0390625
1 0.0458984375 0.123046875 0.0546875 0.041015625
1 0.091796875 0.1240234375 0.0751953125 0.0361328125
1 0.1552734375 0.130859375 0.0732421875 0.0361328125
1 0.220703125 0.1318359375 0.0703125 0.0419921875
1 0.033203125 0.056640625 0.021484375 0.0390625
1 0.04296875 0.02734375 0.0361328125 0.0234375
1 0.0751953125 0.0302734375 0.072265625 0.029296875
1 0.0693359375 0.05859375 0.064453125 0.044921875
1 0.123046875 0.060546875 0.064453125 0.0341796875
1 0.1337890625 0.033203125 0.064453125 0.0341796875
1 0.18359375 0.06640625 0.064453125 0.0390625
1 0.189453125 0.0390625 0.0595703125 0.0341796875
1 0.2373046875 0.0693359375 0.0625 0.0390625
1 0.2421875 0.0439453125 0.0625 0.0341796875
1 0.294921875 0.076171875 0.056640625 0.044921875
1 0.2978515625 0.041015625 0.0546875 0.033203125
1 0.349609375 0.0771484375 0.0625 0.0361328125
1 0.3525390625 0.0478515625 0.0546875 0.0361328125
1 0.4052734375 0.048828125 0.064453125 0.0283203125
1 0.408203125 0.078125 0.0625 0.0341796875
1 0.462890625 0.056640625 0.0625 0.0283203125
1 0.462890625 0.0888671875 0.068359375 0.0341796875
1 0.513671875 0.060546875 0.0673828125 0.033203125
1 0.521484375 0.0908203125 0.0625 0.041015625
1 0.5703125 0.064453125 0.0625 0.033203125
1 0.580078125 0.09375 0.0625 0.03125
1 0.623046875 0.068359375 0.064453125 0.0283203125
1 0.634765625 0.099609375 0.0595703125 0.0283203125
1 0.6728515625 0.0703125 0.0673828125 0.0341796875
1 0.689453125 0.099609375 0.068359375 0.0361328125
1 0.728515625 0.0732421875 0.072265625 0.0341796875
1 0.744140625 0.1044921875 0.0673828125 0.0283203125
1 0.775390625 0.0791015625 0.0703125 0.033203125
1 0.80078125 0.10546875 0.064453125 0.0361328125
1 0.15234375 0.0048828125 0.060546875 0.009765625
1 0.205078125 0.0048828125 0.0595703125 0.009765625
1 0.251953125 0.005859375 0.0625 0.01171875
1 0.2998046875 0.0087890625 0.052734375 0.017578125
1 0.3544921875 0.0087890625 0.0625 0.017578125
1 0.400390625 0.0107421875 0.0576171875 0.021484375
1 0.44921875 0.013671875 0.05859375 0.02734375
1 0.5009765625 0.013671875 0.060546875 0.02734375
1 0.5546875 0.0205078125 0.0595703125 0.021484375
1 0.587890625 0.0087890625 0.0595703125 0.0107421875
1 0.6025390625 0.021484375 0.0517578125 0.0283203125
1 0.634765625 0.009765625 0.046875 0.0107421875
1 0.6494140625 0.0224609375 0.048828125 0.0205078125
1 0.6826171875 0.013671875 0.052734375 0.0126953125
1 0.6962890625 0.029296875 0.0546875 0.0205078125
1 0.7216796875 0.0146484375 0.0595703125 0.0107421875
1 0.7431640625 0.029296875 0.0576171875 0.0234375