0 0.0609375 0.77109375 0.121875 0.3046875
1 0.1421875 0.81953125 0.171875 0.2828125
0 0.24921875 0.853125 0.2359375 0.259375
1 0.35078125 0.896875 0.1890625 0.19375
0 0.4640625 0.91796875 0.1875 0.1640625
0 0.5703125 0.94140625 0.1625 0.1171875
0 0.690625 0.9734375 0.175 0.053125
0 0.90546875 0.8359375 0.1421875 0.29375
0 0.80390625 0.7734375 0.1640625 0.31875
0 0.70625 0.73828125 0.175 0.3109375
0 0.60859375 0.69296875 0.1828125 0.3078125
0 0.50625 0.63984375 0.171875 0.2984375
0 0.4140625 0.58359375 0.190625 0.3234375
0 0.315625 0.54140625 0.184375 0.2734375
0 0.22734375 0.50390625 0.1734375 0.3171875
0 0.1328125 0.440625 0.16875 0.275
0 0.0609375 0.421875 0.121875 0.303125
0 0.9578125 0.4640625 0.084375 0.265625
0 0.9 0.42890625 0.175 0.2453125
0 0.80234375 0.39765625 0.1390625 0.2109375
0 0.70703125 0.35859375 0.1515625 0.2140625
1 0.6078125 0.32109375 0.153125 0.2140625
0 0.52890625 0.2734375 0.1578125 0.21875
1 0.43984375 0.25078125 0.1515625 0.2140625
1 0.353125 0.2125 0.15625 0.209375
0 0.27578125 0.17265625 0.1484375 0.2328125
1 0.1875 0.1484375 0.13125 0.190625
0 0.11875 0.0984375 0.15625 0.196875
0 0.07734375 0.08203125 0.0703125 0.1640625
1 0.946875 0.1828125 0.10625 0.175
1 0.87265625 0.1546875 0.1296875 0.15625
1 0.79140625 0.11953125 0.1421875 0.1609375
0 0.7015625 0.09609375 0.125 0.1578125
1 0.62578125 0.06953125 0.1234375 0.1265625
1 0.534375 0.05390625 0.121875 0.1078125
1 0.4578125 0.04140625 0.1125 0.0828125
1 0.38125 0.0234375 0.115625 0.046875
1 0.2984375 0.00859375 0.11875 0.0171875