0 0.943359375 0.728515625 0.099609375 0.28125
1 0.8525390625 0.728515625 0.169921875 0.2783203125
0 0.728515625 0.712890625 0.1611328125 0.279296875
0 0.609375 0.7001953125 0.162109375 0.302734375
0 0.482421875 0.6953125 0.216796875 0.3251953125
0 0.3720703125 0.693359375 0.203125 0.318359375
0 0.244140625 0.685546875 0.2158203125 0.3076171875
0 0.134765625 0.658203125 0.2138671875 0.2998046875
0 0.064453125 0.3935546875 0.12890625 0.224609375
1 0.1806640625 0.4140625 0.1611328125 0.2373046875
0 0.28515625 0.404296875 0.1513671875 0.224609375
0 0.392578125 0.4091796875 0.1357421875 0.2314453125
0 0.490234375 0.412109375 0.1513671875 0.25
0 0.6181640625 0.423828125 0.1611328125 0.232421875
0 0.7138671875 0.443359375 0.140625 0.2421875
0 0.82421875 0.466796875 0.1513671875 0.2451171875
1 0.9208984375 0.458984375 0.158203125 0.251953125
0 0.8779296875 0.228515625 0.1875 0.111328125
0 0.693359375 0.205078125 0.181640625 0.109375
0 0.505859375 0.1962890625 0.1982421875 0.1171875
0 0.318359375 0.1845703125 0.2001953125 0.115234375
0 0.12890625 0.177734375 0.201171875 0.119140625