1 0.9814453125 0.1240234375 0.037109375 0.0830078125
1 0.90625 0.0966796875 0.1123046875 0.072265625
1 0.9677734375 0.1669921875 0.064453125 0.1220703125
1 0.958984375 0.236328125 0.0810546875 0.1171875
0 0.892578125 0.16015625 0.1123046875 0.0888671875
0 0.85546875 0.205078125 0.111328125 0.095703125
0 0.9384765625 0.2783203125 0.123046875 0.119140625
1 0.919921875 0.328125 0.123046875 0.1435546875
1 0.791015625 0.3232421875 0.115234375 0.0908203125
0 0.888671875 0.4091796875 0.1142578125 0.1376953125
0 0.814453125 0.259765625 0.1171875 0.125
0 0.78125 0.609375 0.1279296875 0.1220703125
0 0.681640625 0.521484375 0.130859375 0.1279296875
0 0.65234375 0.5869140625 0.123046875 0.1298828125
0 0.7490234375 0.6689453125 0.1298828125 0.119140625
0 0.720703125 0.73046875 0.115234375 0.1015625
0 0.625 0.6435546875 0.125 0.1220703125
0 0.5830078125 0.716796875 0.1220703125 0.1220703125
0 0.6826171875 0.7978515625 0.125 0.1171875
0 0.5478515625 0.798828125 0.1201171875 0.125
0 0.65234375 0.880859375 0.123046875 0.1142578125
1 0.5166015625 0.857421875 0.1357421875 0.1484375
1 0.4765625 0.931640625 0.134765625 0.1357421875
0 0.6220703125 0.9375 0.1123046875 0.1064453125
0 0.5830078125 0.9775390625 0.103515625 0.044921875
0 0.5947265625 0.166015625 0.1171875 0.125
0 0.6279296875 0.0947265625 0.130859375 0.107421875
0 0.662109375 0.044921875 0.1044921875 0.0625
0 0.505859375 0.0869140625 0.126953125 0.126953125
1 0.537109375 0.0283203125 0.103515625 0.056640625
0 0.3935546875 0.2958984375 0.1279296875 0.123046875
0 0.484375 0.3642578125 0.1123046875 0.1376953125
0 0.447265625 0.412109375 0.115234375 0.123046875
0 0.369140625 0.353515625 0.1044921875 0.1142578125
0 0.40625 0.4755859375 0.1123046875 0.1357421875
0 0.3173828125 0.396484375 0.115234375 0.1279296875
0 0.2890625 0.46484375 0.130859375 0.1328125
1 0.3818359375 0.537109375 0.1142578125 0.123046875
1 0.345703125 0.623046875 0.1171875 0.125
1 0.2587890625 0.537109375 0.1298828125 0.1279296875
0 0.3125 0.685546875 0.109375 0.119140625
0 0.228515625 0.6064453125 0.1328125 0.130859375
1 0.177734375 0.666015625 0.1435546875 0.1591796875
0 0.283203125 0.744140625 0.1064453125 0.115234375
0 0.236328125 0.822265625 0.119140625 0.1435546875
1 0.140625 0.7333984375 0.1376953125 0.154296875
0 0.09375 0.8095703125 0.146484375 0.1689453125
1 0.2001953125 0.884765625 0.1376953125 0.150390625
1 0.0712890625 0.865234375 0.142578125 0.138671875
0 0.0185546875 0.4951171875 0.037109375 0.119140625
0 0.0361328125 0.44140625 0.072265625 0.1142578125
1 0.0615234375 0.359375 0.1044921875 0.1279296875
0 0.091796875 0.2998046875 0.1123046875 0.125
0 0.126953125 0.240234375 0.107421875 0.1064453125
0 0.1611328125 0.185546875 0.1123046875 0.103515625
0 0.203125 0.126953125 0.1064453125 0.1142578125
0 0.126953125 0.060546875 0.1171875 0.1201171875
1 0.0986328125 0.107421875 0.078125 0.1064453125
0 0.0693359375 0.1884765625 0.0517578125 0.095703125
1 0.8759765625 0.9560546875 0.0986328125 0.087890625