0 0.1357421875 0.73828125 0.271484375 0.4609375
0 0.271484375 0.640625 0.3330078125 0.458984375
0 0.416015625 0.568359375 0.3095703125 0.435546875
0 0.533203125 0.4560546875 0.302734375 0.3876953125
0 0.6591796875 0.3701171875 0.287109375 0.3623046875
0 0.7587890625 0.296875 0.2890625 0.3408203125
0 0.8525390625 0.251953125 0.267578125 0.3046875
0 0.9150390625 0.1904296875 0.169921875 0.2939453125
0 0.7197265625 0.7744140625 0.451171875 0.451171875
0 0.8291015625 0.6982421875 0.341796875 0.482421875
1 0.5498046875 0.8212890625 0.3779296875 0.357421875
1 0.8818359375 0.607421875 0.236328125 0.4580078125
1 0.923828125 0.4697265625 0.1513671875 0.3671875
0 0.3603515625 0.091796875 0.1796875 0.1826171875
1 0.453125 0.0654296875 0.177734375 0.130859375
0 0.5380859375 0.046875 0.1513671875 0.09375
0 0.619140625 0.029296875 0.1455078125 0.052734375