0 0.025 0.72734375 0.05 0.3359375
1 0.10625 0.72265625 0.196875 0.3328125
0 0.25625 0.6984375 0.184375 0.334375
0 0.39921875 0.678125 0.1859375 0.3625
0 0.5546875 0.6671875 0.25 0.3875
0 0.6890625 0.66171875 0.234375 0.3796875
0 0.84453125 0.64375 0.2484375 0.365625
0 0.925 0.6078125 0.15 0.353125
1 0.90859375 0.31171875 0.1828125 0.2828125
0 0.78125 0.3046875 0.175 0.26875
0 0.65 0.31484375 0.15625 0.2765625
0 0.53359375 0.3234375 0.1734375 0.3
0 0.378125 0.34296875 0.1875 0.2765625
0 0.26171875 0.3703125 0.1609375 0.290625
0 0.13046875 0.403125 0.1734375 0.29375
1 0.05234375 0.40078125 0.1046875 0.2984375
0 0.08828125 0.11640625 0.1546875 0.1234375
0 0.278125 0.08125 0.215625 0.125
0 0.50546875 0.0640625 0.2359375 0.128125
0 0.73125 0.0546875 0.2375 0.1
0 0.9203125 0.05 0.15625 0.075