0 0.966796875 0.869140625 0.0546875 0.2607421875
0 0.8974609375 0.83984375 0.189453125 0.3203125
0 0.720703125 0.8056640625 0.234375 0.388671875
0 0.5615234375 0.7861328125 0.232421875 0.40625
0 0.408203125 0.744140625 0.232421875 0.40625
0 0.2744140625 0.701171875 0.232421875 0.4267578125
0 0.1171875 0.697265625 0.234375 0.3935546875
0 0.0517578125 0.6337890625 0.103515625 0.3828125
1 0.9775390625 0.462890625 0.044921875 0.2421875
1 0.9892578125 0.1064453125 0.021484375 0.166015625
0 0.904296875 0.4326171875 0.1640625 0.2314453125
0 0.78125 0.4208984375 0.1689453125 0.220703125
0 0.650390625 0.3818359375 0.1845703125 0.2705078125
0 0.5380859375 0.3642578125 0.1484375 0.234375
0 0.4267578125 0.3095703125 0.177734375 0.2685546875
1 0.3447265625 0.3095703125 0.142578125 0.2529296875
0 0.244140625 0.2646484375 0.158203125 0.2451171875
0 0.1708984375 0.2177734375 0.1767578125 0.283203125
0 0.087890625 0.1982421875 0.1611328125 0.234375
0 0.025390625 0.158203125 0.033203125 0.244140625
0 0.9521484375 0.10546875 0.080078125 0.1826171875
1 0.869140625 0.0947265625 0.087890625 0.1640625
1 0.798828125 0.0732421875 0.0810546875 0.1279296875
1 0.7138671875 0.0771484375 0.0966796875 0.142578125
0 0.630859375 0.0615234375 0.0888671875 0.1171875
1 0.5595703125 0.044921875 0.107421875 0.08984375
0 0.494140625 0.0341796875 0.0888671875 0.068359375
1 0.4208984375 0.0185546875 0.0859375 0.037109375