0 0.00859375 0.06875 0.0171875 0.040625
0 0.03125 0.0671875 0.0625 0.046875
0 0.0703125 0.06796875 0.075 0.0578125
0 0.1109375 0.06015625 0.075 0.0515625
0 0.1609375 0.0546875 0.071875 0.05
0 0.20625 0.06171875 0.071875 0.0734375
0 0.2515625 0.059375 0.075 0.078125
0 0.29375 0.06015625 0.075 0.0859375
0 0.33984375 0.0609375 0.0765625 0.1
0 0.3859375 0.05703125 0.075 0.1015625
0 0.4296875 0.05234375 0.06875 0.1015625
0 0.48125 0.0578125 0.078125 0.115625
0 0.60859375 0.06015625 0.0890625 0.1203125
0 0.65234375 0.06484375 0.0828125 0.1296875
0 0.69609375 0.07109375 0.0765625 0.1359375
0 0.74453125 0.07734375 0.0828125 0.1390625
0 0.7875 0.08125 0.078125 0.1375
0 0.83203125 0.09375 0.0796875 0.1375
0 0.87734375 0.0796875 0.0703125 0.1375
0 0.91796875 0.084375 0.0890625 0.153125
0 0.9453125 0.090625 0.04375 0.14375
0 0.06796875 0.26171875 0.0953125 0.0796875
0 0.05703125 0.3234375 0.0984375 0.09375
0 0.04921875 0.396875 0.0984375 0.10625
0 0.04140625 0.50546875 0.0828125 0.1046875
0 0.0375 0.5859375 0.06875 0.096875
0 0.0359375 0.6546875 0.053125 0.109375
0 0.0328125 0.7421875 0.03125 0.109375
0 0.23828125 0.259375 0.0953125 0.0875
0 0.2296875 0.31875 0.1 0.078125
0 0.2203125 0.41015625 0.090625 0.1015625
0 0.20390625 0.5015625 0.0984375 0.096875
0 0.19765625 0.57890625 0.0890625 0.0796875
0 0.19609375 0.6515625 0.1015625 0.09375
0 0.18359375 0.73671875 0.1046875 0.1140625
0 0.17734375 0.8203125 0.0921875 0.0875
0 0.1578125 0.9109375 0.1 0.1
0 0.15078125 0.97265625 0.0953125 0.0546875
0 0.2828125 0.97265625 0.1125 0.0546875
0 0.2890625 0.9109375 0.109375 0.1
0 0.303125 0.8328125 0.109375 0.09375
1 0.309375 0.740625 0.10625 0.10625
0 0.3125 0.66875 0.109375 0.090625
0 0.32109375 0.590625 0.1078125 0.103125
0 0.328125 0.50625 0.109375 0.09375
0 0.3328125 0.41640625 0.115625 0.0921875
0 0.33984375 0.34375 0.0984375 0.08125
0 0.33984375 0.27421875 0.1078125 0.0890625
0 0.509375 0.28671875 0.103125 0.0828125
0 0.5109375 0.3609375 0.1 0.096875
0 0.50703125 0.434375 0.0953125 0.090625
0 0.503125 0.52890625 0.1 0.1046875
1 0.49609375 0.6109375 0.0984375 0.090625
0 0.49765625 0.6703125 0.1109375 0.10625
0 0.48671875 0.76875 0.1109375 0.115625
1 0.47734375 0.85390625 0.1046875 0.1015625
0 0.47578125 0.9453125 0.1078125 0.103125
1 0.4703125 0.98125 0.1 0.0375
0 0.63203125 0.2953125 0.0890625 0.084375
0 0.6265625 0.3640625 0.09375 0.0875
0 0.61875 0.44140625 0.103125 0.1046875
0 0.61875 0.534375 0.0875 0.084375
0 0.61328125 0.61640625 0.1015625 0.1109375
0 0.615625 0.696875 0.1 0.09375
0 0.60625 0.771875 0.1125 0.125
0 0.60390625 0.8625 0.1234375 0.13125
0 0.603125 0.9421875 0.11875 0.109375
0 0.596875 0.98828125 0.1 0.0203125
0 0.79921875 0.30859375 0.1015625 0.0859375
0 0.79765625 0.38359375 0.1046875 0.1109375
0 0.80234375 0.45703125 0.1109375 0.1015625
0 0.79765625 0.5609375 0.1078125 0.109375
0 0.79453125 0.6328125 0.1203125 0.115625
0 0.8015625 0.7078125 0.11875 0.109375
0 0.8015625 0.7890625 0.11875 0.1125
0 0.7984375 0.859375 0.1 0.0875
0 0.79140625 0.93125 0.1046875 0.090625
0 0.90859375 0.3296875 0.0984375 0.084375
0 0.909375 0.4125 0.103125 0.096875
0 0.9078125 0.475 0.10625 0.096875
0 0.91171875 0.57734375 0.1078125 0.0921875
1 0.92109375 0.6453125 0.1078125 0.08125