0 0.05703125 0.734375 0.1140625 0.284375
1 0.13984375 0.79765625 0.1453125 0.2890625
0 0.23984375 0.84140625 0.2109375 0.2796875
1 0.3359375 0.8875 0.16875 0.221875
0 0.44296875 0.90703125 0.1703125 0.1859375
0 0.5453125 0.92890625 0.153125 0.1421875
0 0.65859375 0.9609375 0.1671875 0.078125
0 0.959375 0.85390625 0.065625 0.2703125
0 0.8890625 0.8171875 0.14375 0.275
0 0.778125 0.75078125 0.134375 0.2984375
0 0.68359375 0.71640625 0.1453125 0.2890625
0 0.590625 0.6703125 0.153125 0.284375
0 0.49453125 0.61875 0.1421875 0.278125
0 0.40546875 0.56328125 0.1578125 0.3015625
0 0.3140625 0.521875 0.15625 0.253125
0 0.22734375 0.48515625 0.1421875 0.2953125
0 0.13984375 0.421875 0.1421875 0.253125
0 0.059375 0.4 0.11875 0.284375
0 0.95 0.4609375 0.1 0.25
0 0.87578125 0.4234375 0.1484375 0.225
0 0.78125 0.390625 0.11875 0.19375
0 0.6921875 0.35078125 0.13125 0.1953125
1 0.5953125 0.31484375 0.13125 0.1953125
0 0.521875 0.26796875 0.134375 0.2015625
1 0.4359375 0.24453125 0.13125 0.1953125
1 0.3546875 0.20703125 0.134375 0.1921875
0 0.28046875 0.1671875 0.1234375 0.215625
1 0.19765625 0.1421875 0.1109375 0.175
0 0.1296875 0.09140625 0.1375 0.1828125
0 0.06875 0.075 0.09375 0.15
1 0.98984375 0.20625 0.0203125 0.153125
1 0.9375 0.1875 0.1125 0.159375
1 0.8515625 0.159375 0.1125 0.140625
1 0.77578125 0.12421875 0.1265625 0.1453125
0 0.69140625 0.09375 0.1078125 0.15625
1 0.61953125 0.065625 0.1109375 0.125
1 0.53359375 0.04921875 0.1078125 0.0984375
1 0.459375 0.03984375 0.103125 0.0796875
1 0.384375 0.021875 0.109375 0.04375
1 0.3078125 0.00703125 0.1125 0.0140625