0 0.996875 0.11640625 0.00625 0.1390625
0 0.97578125 0.10546875 0.0484375 0.1515625
0 0.9484375 0.09609375 0.071875 0.1328125
0 0.89765625 0.08046875 0.0703125 0.1234375
0 0.8453125 0.0890625 0.06875 0.11875
0 0.80234375 0.07578125 0.0703125 0.1234375
0 0.75859375 0.06796875 0.0703125 0.1234375
0 0.71015625 0.06640625 0.0703125 0.1234375
0 0.66796875 0.05703125 0.0671875 0.1078125
0 0.625 0.04765625 0.0625 0.0921875
0 0.57265625 0.0484375 0.0703125 0.09375
0 0.4453125 0.03203125 0.078125 0.0640625
0 0.39765625 0.03046875 0.0703125 0.0609375
0 0.353125 0.0296875 0.065625 0.059375
0 0.3046875 0.0265625 0.071875 0.053125
0 0.26015625 0.02265625 0.0671875 0.0453125
0 0.2125 0.02265625 0.06875 0.0453125
0 0.17265625 0.01015625 0.0578125 0.0203125
0 0.13125 0.01015625 0.075 0.0203125
0 0.921875 0.34453125 0.090625 0.0734375
0 0.915625 0.4078125 0.09375 0.0875
0 0.90703125 0.484375 0.1015625 0.1
0 0.89453125 0.5953125 0.1046875 0.1
0 0.8796875 0.6765625 0.09375 0.09375
0 0.87421875 0.7484375 0.0984375 0.109375
0 0.8609375 0.8375 0.09375 0.1125
0 0.8546875 0.909375 0.090625 0.10625
0 0.84765625 0.9671875 0.0921875 0.065625
0 0.753125 0.2984375 0.090625 0.08125
0 0.74609375 0.35625 0.0953125 0.071875
0 0.7328125 0.44921875 0.084375 0.0953125
0 0.72421875 0.54375 0.0921875 0.090625
0 0.71015625 0.62109375 0.0859375 0.0734375
0 0.6921875 0.69296875 0.096875 0.0890625
0 0.6828125 0.7796875 0.096875 0.109375
0 0.6671875 0.865625 0.0875 0.084375
0 0.6609375 0.9546875 0.09375 0.090625
0 0.51484375 0.9796875 0.1078125 0.040625
0 0.53359375 0.9234375 0.1046875 0.09375
0 0.5390625 0.84375 0.103125 0.0875
1 0.55703125 0.75 0.1015625 0.1
0 0.5734375 0.6796875 0.10625 0.084375
0 0.58671875 0.60078125 0.1015625 0.0953125
0 0.603125 0.5171875 0.103125 0.0875
0 0.621875 0.4265625 0.109375 0.084375
0 0.6328125 0.35390625 0.09375 0.0765625
0 0.65 0.28515625 0.103125 0.0828125
0 0.48046875 0.25234375 0.0984375 0.0765625
0 0.459375 0.325 0.09375 0.090625
0 0.44453125 0.396875 0.0890625 0.084375
0 0.42265625 0.49140625 0.0921875 0.0984375
1 0.40859375 0.575 0.0921875 0.084375
0 0.39140625 0.634375 0.1046875 0.1
0 0.37734375 0.73046875 0.1046875 0.1109375
1 0.36328125 0.81796875 0.0984375 0.0953125
0 0.34140625 0.91015625 0.1015625 0.0953125
1 0.32578125 0.9640625 0.0984375 0.06875
0 0.35859375 0.22890625 0.0859375 0.0796875
0 0.34609375 0.2984375 0.0890625 0.08125
0 0.334375 0.37578125 0.096875 0.0984375
0 0.30859375 0.46796875 0.0828125 0.0796875
0 0.29140625 0.54765625 0.0953125 0.1046875
0 0.26953125 0.62890625 0.0953125 0.0890625
0 0.25859375 0.703125 0.1046875 0.11875
0 0.2359375 0.79375 0.115625 0.125
0 0.2140625 0.8796875 0.1125 0.115625
0 0.19921875 0.95078125 0.1015625 0.0796875
0 0.19140625 0.19765625 0.0953125 0.0796875
0 0.171875 0.2734375 0.096875 0.10625
0 0.14921875 0.34375 0.1046875 0.09375
0 0.12578125 0.446875 0.1015625 0.103125
0 0.11015625 0.51640625 0.1140625 0.1078125
0 0.084375 0.59140625 0.1125 0.1015625
0 0.0625 0.66953125 0.1125 0.1046875
0 0.04609375 0.73828125 0.0921875 0.0828125
0 0.0390625 0.825 0.078125 0.1125
0 0.02578125 0.90703125 0.0515625 0.0859375
0 0.078125 0.18984375 0.09375 0.0796875
0 0.0546875 0.27109375 0.096875 0.0921875
0 0.046875 0.33515625 0.0875 0.0890625
0 0.03125 0.43203125 0.059375 0.0859375
1 0.01640625 0.4953125 0.0328125 0.071875