0 0.89453125 0.8505859375 0.1767578125 0.298828125
1 0.7861328125 0.8583984375 0.2158203125 0.283203125
0 0.666015625 0.857421875 0.283203125 0.2841796875
1 0.544921875 0.87890625 0.2314453125 0.2421875
0 0.4208984375 0.8740234375 0.232421875 0.251953125
0 0.3046875 0.873046875 0.203125 0.2373046875
0 0.1708984375 0.86328125 0.2080078125 0.185546875
0 0.060546875 0.5869140625 0.12109375 0.322265625
0 0.15625 0.56640625 0.2060546875 0.3486328125
0 0.2666015625 0.5693359375 0.216796875 0.341796875
0 0.380859375 0.5654296875 0.224609375 0.3408203125
0 0.50390625 0.5537109375 0.2109375 0.330078125
0 0.6162109375 0.5361328125 0.232421875 0.3564453125
0 0.7294921875 0.5322265625 0.2216796875 0.3046875
0 0.8330078125 0.5322265625 0.2158203125 0.3486328125
0 0.9228515625 0.501953125 0.154296875 0.298828125
0 0.9736328125 0.51171875 0.052734375 0.314453125
0 0.1005859375 0.189453125 0.173828125 0.2998046875
0 0.2001953125 0.1904296875 0.208984375 0.275390625
0 0.3076171875 0.1953125 0.1689453125 0.234375
0 0.41796875 0.1953125 0.1826171875 0.2373046875
1 0.5302734375 0.2001953125 0.1826171875 0.2373046875
0 0.626953125 0.185546875 0.189453125 0.2451171875
1 0.724609375 0.197265625 0.1826171875 0.2373046875
1 0.82421875 0.1943359375 0.185546875 0.236328125
0 0.9130859375 0.185546875 0.173828125 0.2578125
1 0.9658203125 0.1923828125 0.068359375 0.208984375
1 0.23046875 0.0107421875 0.1455078125 0.021484375
1 0.330078125 0.009765625 0.140625 0.0185546875
1 0.4208984375 0.009765625 0.1513671875 0.0185546875
0 0.517578125 0.0146484375 0.1279296875 0.029296875