0 0.056640625 0.7333984375 0.11328125 0.283203125
1 0.1396484375 0.7978515625 0.1455078125 0.2890625
0 0.240234375 0.841796875 0.2109375 0.279296875
1 0.3359375 0.8876953125 0.1689453125 0.2216796875
0 0.443359375 0.9072265625 0.169921875 0.185546875
0 0.544921875 0.9287109375 0.1533203125 0.142578125
0 0.658203125 0.9609375 0.1669921875 0.078125
0 0.958984375 0.853515625 0.0654296875 0.2705078125
0 0.888671875 0.8173828125 0.1435546875 0.275390625
0 0.7783203125 0.7509765625 0.134765625 0.298828125
0 0.68359375 0.716796875 0.1455078125 0.2890625
0 0.5908203125 0.669921875 0.1533203125 0.2841796875
0 0.494140625 0.619140625 0.142578125 0.2783203125
0 0.4052734375 0.5634765625 0.158203125 0.3017578125
0 0.314453125 0.521484375 0.15625 0.2529296875
0 0.2275390625 0.4853515625 0.142578125 0.294921875
0 0.1396484375 0.421875 0.142578125 0.2529296875
0 0.0595703125 0.400390625 0.119140625 0.2841796875
0 0.9501953125 0.4609375 0.099609375 0.25
0 0.8759765625 0.423828125 0.1484375 0.224609375
0 0.78125 0.390625 0.119140625 0.193359375
0 0.6923828125 0.3505859375 0.130859375 0.1953125
1 0.595703125 0.314453125 0.130859375 0.1953125
0 0.521484375 0.267578125 0.134765625 0.201171875
1 0.435546875 0.244140625 0.130859375 0.1953125
1 0.3544921875 0.20703125 0.134765625 0.1923828125
0 0.2802734375 0.1669921875 0.123046875 0.2158203125
1 0.197265625 0.142578125 0.111328125 0.1748046875
0 0.1298828125 0.091796875 0.1376953125 0.1826171875
0 0.068359375 0.0751953125 0.09375 0.150390625
1 0.9892578125 0.205078125 0.021484375 0.15234375
1 0.9375 0.1875 0.1123046875 0.1591796875
1 0.8515625 0.1591796875 0.1123046875 0.140625
1 0.775390625 0.1240234375 0.126953125 0.1455078125
0 0.69140625 0.09375 0.107421875 0.15625
1 0.619140625 0.0654296875 0.111328125 0.125
1 0.5322265625 0.048828125 0.107421875 0.09765625
1 0.458984375 0.0400390625 0.103515625 0.080078125
1 0.384765625 0.021484375 0.109375 0.04296875
1 0.3076171875 0.0068359375 0.1123046875 0.013671875