0 0.98984375 0.07890625 0.0109375 0.1515625
0 0.96171875 0.0875 0.0484375 0.13125
0 0.921875 0.08515625 0.05 0.1453125
0 0.8796875 0.0828125 0.053125 0.125
0 0.82890625 0.0796875 0.0515625 0.115625
0 0.77890625 0.1 0.0515625 0.1125
0 0.73515625 0.096875 0.0515625 0.115625
0 0.69140625 0.0984375 0.0515625 0.115625
0 0.64296875 0.1078125 0.0515625 0.115625
0 0.59921875 0.09921875 0.0484375 0.1171875
0 0.5546875 0.09453125 0.04375 0.1171875
0 0.50234375 0.0984375 0.0484375 0.134375
0 0.3734375 0.0921875 0.059375 0.140625
0 0.3296875 0.103125 0.05 0.1375
0 0.28359375 0.11640625 0.0453125 0.1265625
0 0.2359375 0.121875 0.053125 0.128125
0 0.19296875 0.1234375 0.0484375 0.128125
0 0.14765625 0.134375 0.0484375 0.128125
0 0.10234375 0.11796875 0.0390625 0.1296875
0 0.06171875 0.1203125 0.0546875 0.140625
0 0.01953125 0.1234375 0.0390625 0.1375
0 0.909375 0.3296875 0.08125 0.0625
0 0.91875 0.3921875 0.08125 0.075
0 0.9265625 0.46640625 0.0875 0.0859375
0 0.9390625 0.57578125 0.090625 0.0859375
0 0.94296875 0.65625 0.0796875 0.08125
0 0.953125 0.72890625 0.084375 0.0953125
0 0.959375 0.81640625 0.078125 0.0984375
0 0.96640625 0.88671875 0.0671875 0.0953125
0 0.9703125 0.95390625 0.059375 0.0765625
0 0.73828125 0.321875 0.0796875 0.06875
0 0.74453125 0.38046875 0.0859375 0.0578125
0 0.75078125 0.47265625 0.0703125 0.0859375
0 0.76328125 0.5640625 0.0796875 0.078125
0 0.76640625 0.6421875 0.0765625 0.0625
0 0.7671875 0.715625 0.084375 0.075
0 0.77578125 0.80078125 0.0828125 0.0953125
0 0.78046875 0.88515625 0.0765625 0.0703125
0 0.79375 0.965625 0.08125 0.0625
0 0.66171875 0.96484375 0.0921875 0.0671875
0 0.653125 0.89296875 0.09375 0.0734375
1 0.65 0.80078125 0.0875 0.0859375
0 0.64765625 0.72890625 0.0953125 0.0703125
0 0.64375 0.65 0.0875 0.08125
0 0.6390625 0.56484375 0.09375 0.0734375
0 0.6375 0.47421875 0.1 0.0703125
0 0.6328125 0.4015625 0.084375 0.0625
0 0.634375 0.33203125 0.09375 0.0703125
0 0.4640625 0.3375 0.090625 0.0625
0 0.459375 0.4140625 0.08125 0.078125
0 0.46171875 0.48671875 0.0796875 0.0703125
0 0.46328125 0.58203125 0.0796875 0.0859375
1 0.4671875 0.66484375 0.08125 0.0703125
0 0.4640625 0.72421875 0.090625 0.0859375
0 0.47109375 0.82265625 0.0890625 0.0953125
1 0.4765625 0.909375 0.084375 0.08125
0 0.47421875 0.9796875 0.0890625 0.040625
0 0.340625 0.3421875 0.075 0.06875
0 0.34453125 0.4125 0.0796875 0.06875
0 0.35 0.48984375 0.084375 0.0859375
0 0.346875 0.584375 0.071875 0.06875
0 0.3484375 0.66484375 0.08125 0.0921875
0 0.34375 0.746875 0.084375 0.075
0 0.35 0.8203125 0.0875 0.10625
0 0.34921875 0.9125 0.0984375 0.109375
0 0.34609375 0.97421875 0.0984375 0.0515625
0 0.1734375 0.35 0.0875 0.065625
0 0.17265625 0.42578125 0.0828125 0.0921875
0 0.165625 0.49921875 0.09375 0.0796875
0 0.165625 0.60390625 0.0875 0.0890625
0 0.165625 0.675 0.1 0.09375
0 0.15703125 0.7515625 0.0984375 0.0875
0 0.15390625 0.8328125 0.0984375 0.090625
0 0.153125 0.903125 0.084375 0.06875
0 0.15546875 0.9703125 0.0859375 0.059375
0 0.0640625 0.3671875 0.084375 0.065625
0 0.059375 0.4515625 0.084375 0.078125
0 0.0578125 0.5140625 0.090625 0.075
0 0.05078125 0.61640625 0.0921875 0.0734375
1 0.0453125 0.6828125 0.08125 0.059375