1 0.173828125 0.654296875 0.1455078125 0.3486328125
1 0.30078125 0.669921875 0.158203125 0.365234375
1 0.427734375 0.677734375 0.154296875 0.3515625
1 0.552734375 0.6943359375 0.1484375 0.3515625
1 0.669921875 0.697265625 0.1533203125 0.3486328125
1 0.7939453125 0.7099609375 0.150390625 0.345703125
1 0.9140625 0.7197265625 0.1533203125 0.357421875
0 0.93359375 0.337890625 0.1328125 0.34375
0 0.818359375 0.318359375 0.1455078125 0.345703125
0 0.701171875 0.314453125 0.158203125 0.328125
0 0.5791015625 0.302734375 0.1484375 0.345703125
0 0.4599609375 0.2978515625 0.158203125 0.341796875
0 0.3310546875 0.2861328125 0.150390625 0.3310546875
0 0.208984375 0.2763671875 0.15625 0.318359375