1 0.265625 0.84765625 0.0751953125 0.1298828125
1 0.2041015625 0.8408203125 0.076171875 0.1279296875
0 0.1455078125 0.8408203125 0.068359375 0.115234375
1 0.087890625 0.833984375 0.0703125 0.1123046875
0 0.275390625 0.736328125 0.0654296875 0.1015625
1 0.220703125 0.736328125 0.060546875 0.1044921875
1 0.162109375 0.7314453125 0.0654296875 0.1064453125
1 0.1103515625 0.7294921875 0.0673828125 0.1123046875
0 0.0517578125 0.720703125 0.0654296875 0.1064453125
0 0.384765625 0.755859375 0.0654296875 0.107421875
1 0.3759765625 0.859375 0.0703125 0.1123046875
1 0.4326171875 0.869140625 0.072265625 0.115234375
1 0.443359375 0.7587890625 0.064453125 0.107421875
1 0.494140625 0.76953125 0.0703125 0.1171875
0 0.4931640625 0.876953125 0.0703125 0.1123046875
1 0.544921875 0.880859375 0.072265625 0.126953125
1 0.552734375 0.7646484375 0.0595703125 0.107421875
1 0.60546875 0.7763671875 0.060546875 0.109375
1 0.65234375 0.791015625 0.060546875 0.099609375
1 0.705078125 0.7900390625 0.0625 0.0986328125
1 0.6318359375 0.8681640625 0.1171875 0.064453125
0 0.740234375 0.876953125 0.119140625 0.0673828125
0 0.7607421875 0.802734375 0.0595703125 0.1015625
1 0.8115234375 0.806640625 0.0673828125 0.109375
0 0.865234375 0.814453125 0.0625 0.111328125
1 0.849609375 0.900390625 0.1142578125 0.0751953125
1 0.9140625 0.822265625 0.072265625 0.111328125
1 0.302734375 0.4619140625 0.0546875 0.0859375
1 0.25390625 0.455078125 0.0576171875 0.0859375
1 0.2021484375 0.44921875 0.0576171875 0.0859375
1 0.1533203125 0.4501953125 0.0595703125 0.087890625
0 0.291015625 0.5458984375 0.0625 0.0859375
0 0.244140625 0.5380859375 0.064453125 0.1015625
0 0.19140625 0.533203125 0.064453125 0.0986328125
0 0.103515625 0.44140625 0.0595703125 0.080078125
0 0.056640625 0.431640625 0.0546875 0.0830078125
1 0.1396484375 0.533203125 0.060546875 0.095703125
1 0.0888671875 0.525390625 0.068359375 0.091796875
1 0.037109375 0.5185546875 0.0625 0.0908203125
1 0.4052734375 0.5595703125 0.0576171875 0.099609375
1 0.412109375 0.47265625 0.0625 0.0859375
1 0.4541015625 0.5634765625 0.060546875 0.095703125
1 0.4619140625 0.4755859375 0.060546875 0.0830078125
1 0.5087890625 0.48828125 0.0546875 0.0830078125
1 0.505859375 0.5693359375 0.064453125 0.0859375
1 0.5498046875 0.572265625 0.0595703125 0.0908203125
0 0.5556640625 0.48828125 0.0576171875 0.0830078125
0 0.599609375 0.5859375 0.0595703125 0.09375
1 0.6044921875 0.494140625 0.0595703125 0.0830078125
1 0.65234375 0.505859375 0.0546875 0.078125
1 0.64453125 0.5888671875 0.060546875 0.09375
0 0.7001953125 0.591796875 0.072265625 0.095703125
0 0.6962890625 0.5068359375 0.0546875 0.080078125
0 0.748046875 0.513671875 0.0546875 0.09375
0 0.7939453125 0.521484375 0.052734375 0.0859375
1 0.7421875 0.5966796875 0.0595703125 0.087890625
1 0.7939453125 0.6103515625 0.072265625 0.095703125
1 0.8427734375 0.619140625 0.0673828125 0.0888671875
1 0.8359375 0.533203125 0.0654296875 0.083984375
1 0.8828125 0.5400390625 0.0595703125 0.0859375
1 0.892578125 0.625 0.0673828125 0.0908203125
1 0.9375 0.630859375 0.0751953125 0.0888671875
1 0.931640625 0.541015625 0.0673828125 0.0859375
1 0.970703125 0.6328125 0.0439453125 0.0908203125
0 0.9697265625 0.5478515625 0.060546875 0.087890625
1 0.314453125 0.3037109375 0.046875 0.0703125
1 0.3232421875 0.236328125 0.046875 0.0703125
1 0.2802734375 0.23828125 0.0517578125 0.0732421875
0 0.2685546875 0.302734375 0.046875 0.072265625
1 0.228515625 0.298828125 0.056640625 0.0703125
1 0.236328125 0.2333984375 0.056640625 0.0703125
1 0.18359375 0.294921875 0.0517578125 0.078125
0 0.193359375 0.228515625 0.0498046875 0.0703125
1 0.1474609375 0.220703125 0.048828125 0.0703125
1 0.1396484375 0.2880859375 0.0576171875 0.076171875
1 0.107421875 0.2158203125 0.0517578125 0.078125
0 0.091796875 0.28515625 0.060546875 0.080078125
1 0.0595703125 0.21484375 0.046875 0.0703125
0 0.0498046875 0.275390625 0.0498046875 0.0732421875
1 0.419921875 0.3232421875 0.0517578125 0.078125
1 0.4248046875 0.2548828125 0.056640625 0.0751953125
1 0.4658203125 0.333984375 0.056640625 0.080078125
1 0.47265625 0.2568359375 0.0517578125 0.0703125
1 0.5087890625 0.3349609375 0.0546875 0.0859375
0 0.517578125 0.259765625 0.0517578125 0.078125
1 0.552734375 0.3427734375 0.0595703125 0.0830078125
1 0.5595703125 0.265625 0.056640625 0.0751953125
1 0.5986328125 0.3447265625 0.0595703125 0.0830078125
0 0.599609375 0.2734375 0.056640625 0.078125
1 0.642578125 0.2802734375 0.056640625 0.080078125
1 0.6435546875 0.3505859375 0.056640625 0.080078125
0 0.6884765625 0.357421875 0.060546875 0.0830078125
0 0.685546875 0.2841796875 0.0498046875 0.0751953125
0 0.7265625 0.359375 0.0595703125 0.0810546875
1 0.73046875 0.287109375 0.0546875 0.078125
1 0.775390625 0.373046875 0.0703125 0.080078125
1 0.767578125 0.30078125 0.0673828125 0.080078125
1 0.810546875 0.306640625 0.064453125 0.078125
1 0.81640625 0.37890625 0.0673828125 0.0830078125
1 0.8583984375 0.3828125 0.0673828125 0.09375
0 0.8515625 0.3076171875 0.0625 0.0908203125
1 0.89453125 0.3203125 0.0673828125 0.083984375
1 0.904296875 0.39453125 0.0703125 0.0830078125
1 0.943359375 0.3994140625 0.0673828125 0.0703125
1 0.9365234375 0.3232421875 0.080078125 0.0908203125
1 0.98046875 0.400390625 0.0390625 0.078125
1 0.9755859375 0.330078125 0.048828125 0.0908203125
0 0.9814453125 0.2060546875 0.037109375 0.083984375
1 0.951171875 0.203125 0.0361328125 0.0751953125
1 0.912109375 0.2001953125 0.0419921875 0.078125
1 0.927734375 0.146484375 0.087890625 0.0517578125
1 0.8681640625 0.123046875 0.060546875 0.0703125
1 0.8740234375 0.19140625 0.0517578125 0.080078125
1 0.83203125 0.1826171875 0.0517578125 0.078125
1 0.8310546875 0.119140625 0.0625 0.0859375
1 0.79296875 0.1787109375 0.0546875 0.0703125
1 0.751953125 0.173828125 0.0439453125 0.080078125
1 0.716796875 0.1669921875 0.048828125 0.0751953125
1 0.6748046875 0.1611328125 0.046875 0.072265625
1 0.6357421875 0.154296875 0.0595703125 0.076171875
1 0.591796875 0.146484375 0.0595703125 0.0751953125
1 0.5546875 0.1474609375 0.0595703125 0.080078125
1 0.515625 0.140625 0.0439453125 0.0751953125
1 0.474609375 0.1376953125 0.048828125 0.078125
0 0.435546875 0.1240234375 0.0498046875 0.076171875
1 0.39453125 0.1171875 0.0517578125 0.072265625
1 0.3544921875 0.1142578125 0.046875 0.072265625
0 0.791015625 0.115234375 0.0517578125 0.0576171875
0 0.7509765625 0.1044921875 0.0546875 0.0625
1 0.712890625 0.099609375 0.0517578125 0.064453125
0 0.673828125 0.09765625 0.0517578125 0.064453125
1 0.634765625 0.095703125 0.0517578125 0.060546875
1 0.5966796875 0.0869140625 0.052734375 0.0546875
1 0.5615234375 0.0810546875 0.0546875 0.0654296875
1 0.517578125 0.076171875 0.0517578125 0.060546875
1 0.478515625 0.0751953125 0.048828125 0.056640625
1 0.4404296875 0.06640625 0.046875 0.060546875
1 0.3984375 0.0634765625 0.046875 0.060546875
1 0.080078125 0.091796875 0.0732421875 0.0751953125
0 0.111328125 0.076171875 0.0703125 0.0830078125
0 0.146484375 0.0556640625 0.078125 0.0673828125
0 0.169921875 0.0380859375 0.0888671875 0.076171875
1 0.2197265625 0.0302734375 0.0859375 0.060546875
1 0.244140625 0.025390625 0.0859375 0.0498046875
1 0.2744140625 0.017578125 0.080078125 0.0341796875
0 0.30859375 0.0107421875 0.0732421875 0.021484375