0 0.528125 0.74453125 0.25 0.2515625
1 0.59140625 0.790625 0.2109375 0.246875
0 0.67578125 0.853125 0.2078125 0.240625
0 0.77734375 0.90234375 0.2015625 0.1953125
0 0.84765625 0.95 0.1609375 0.1
0 0.7359375 0.5578125 0.21875 0.1875
1 0.80390625 0.63828125 0.2109375 0.2078125
0 0.88671875 0.66875 0.1828125 0.228125
0 0.31796875 0.59375 0.2578125 0.25625
0 0.190625 0.5234375 0.246875 0.265625
0 0.0953125 0.46015625 0.190625 0.2484375
0 0.04140625 0.38671875 0.0828125 0.2203125
0 0.54375 0.45546875 0.225 0.2015625
0 0.4421875 0.3859375 0.21875 0.2125
0 0.340625 0.3390625 0.196875 0.23125
0 0.26640625 0.2859375 0.2046875 0.225
0 0.1875 0.21953125 0.19375 0.1953125
0 0.1296875 0.1578125 0.18125 0.253125
0 0.821875 0.134375 0.190625 0.1875
0 0.728125 0.0796875 0.184375 0.11875
0 0.63125 0.05625 0.175 0.109375
0 0.94140625 0.72421875 0.0859375 0.2140625
1 0.90546875 0.165625 0.1703125 0.209375