0 0.2015625 0.71640625 0.296875 0.3515625
0 0.42109375 0.74296875 0.2828125 0.3203125
0 0.5921875 0.80234375 0.315625 0.3421875
0 0.7734375 0.83671875 0.33125 0.3265625
0 0.890625 0.85703125 0.13125 0.2265625
1 0.39609375 0.528125 0.3171875 0.228125
0 0.5765625 0.56328125 0.3125 0.2328125
0 0.7515625 0.603125 0.3 0.225
0 0.88125 0.65703125 0.215625 0.1828125
0 0.9625 0.65 0.0625 0.146875
0 0.58046875 0.37734375 0.1734375 0.1609375
0 0.6796875 0.42421875 0.171875 0.1390625
0 0.79609375 0.45546875 0.1765625 0.1328125
1 0.90546875 0.48671875 0.1609375 0.1265625
0 0.9671875 0.50859375 0.065625 0.1296875
0 0.0875 0.28828125 0.109375 0.0828125
0 0.121875 0.25390625 0.146875 0.0859375
0 0.14375 0.221875 0.1625 0.075
0 0.1765625 0.20859375 0.1625 0.0796875
0 0.20859375 0.18671875 0.1484375 0.0703125
0 0.22578125 0.16875 0.1578125 0.065625
0 0.23671875 0.1546875 0.1859375 0.075
0 0.27265625 0.14375 0.1578125 0.065625