1 0.84375 0.2412109375 0.2314453125 0.283203125
1 0.720703125 0.322265625 0.205078125 0.28125
0 0.884765625 0.5390625 0.2294921875 0.3935546875
0 0.76953125 0.59765625 0.2890625 0.3798828125
0 0.638671875 0.625 0.279296875 0.380859375
0 0.6083984375 0.3525390625 0.1923828125 0.2548828125
0 0.50390625 0.375 0.185546875 0.2470703125
1 0.517578125 0.662109375 0.2548828125 0.357421875
0 0.4140625 0.6923828125 0.2373046875 0.337890625
1 0.32421875 0.705078125 0.2421875 0.341796875
1 0.2421875 0.724609375 0.259765625 0.345703125
0 0.13671875 0.734375 0.251953125 0.337890625
1 0.4208984375 0.427734375 0.1923828125 0.2626953125
0 0.341796875 0.44140625 0.177734375 0.2265625
0 0.25390625 0.466796875 0.173828125 0.2470703125
0 0.181640625 0.4912109375 0.146484375 0.1923828125
1 0.12890625 0.509765625 0.1611328125 0.201171875
0 0.0771484375 0.53125 0.154296875 0.2060546875
0 0.0791015625 0.7529296875 0.123046875 0.2685546875
0 0.783203125 0.01953125 0.1533203125 0.0390625
0 0.6767578125 0.0439453125 0.1533203125 0.087890625
0 0.5859375 0.064453125 0.15234375 0.12890625
0 0.5068359375 0.0849609375 0.1455078125 0.169921875
1 0.439453125 0.115234375 0.1298828125 0.1513671875
0 0.37109375 0.1474609375 0.142578125 0.1669921875
0 0.3046875 0.1787109375 0.130859375 0.1640625
1 0.2529296875 0.2197265625 0.134765625 0.1767578125
0 0.2041015625 0.2353515625 0.1455078125 0.169921875
1 0.150390625 0.2568359375 0.1142578125 0.1611328125
0 0.099609375 0.283203125 0.123046875 0.1640625
1 0.060546875 0.3193359375 0.12109375 0.169921875
1 0.041015625 0.3505859375 0.0810546875 0.1669921875
0 0.033203125 0.5625 0.0654296875 0.203125