1 0.346875 0.875 0.078125 0.15
1 0.27421875 0.88046875 0.0828125 0.1484375
0 0.20625 0.89140625 0.075 0.1328125
1 0.1375 0.89609375 0.075 0.1296875
0 0.33515625 0.74375 0.0703125 0.115625
1 0.2734375 0.75625 0.0625 0.121875
1 0.20234375 0.7625 0.0703125 0.121875
1 0.140625 0.76953125 0.071875 0.1296875
0 0.07109375 0.771875 0.0703125 0.121875
0 0.46953125 0.74375 0.0703125 0.125
1 0.4796875 0.86640625 0.075 0.1296875
1 0.546875 0.86484375 0.075 0.1328125
1 0.53671875 0.734375 0.0671875 0.125
1 0.5984375 0.73671875 0.075 0.1359375
0 0.6203125 0.86171875 0.075 0.1296875
1 0.68046875 0.85625 0.0765625 0.146875
1 0.6671875 0.71875 0.0625 0.125
1 0.73046875 0.72265625 0.0640625 0.1265625
1 0.78828125 0.728125 0.0640625 0.115625
1 0.85078125 0.71875 0.0671875 0.1125
1 0.78125 0.82421875 0.1375 0.0671875
0 0.909375 0.81328125 0.1375 0.0703125
0 0.91796875 0.71953125 0.0640625 0.1171875
1 0.9703125 0.7140625 0.05625 0.125
1 0.9875 0.81875 0.025 0.078125
1 0.3109375 0.41640625 0.059375 0.0984375
1 0.253125 0.41953125 0.0625 0.0984375
1 0.1921875 0.42265625 0.0625 0.0984375
1 0.13359375 0.43359375 0.0640625 0.1015625
0 0.31484375 0.51796875 0.0671875 0.0984375
0 0.259375 0.5171875 0.06875 0.115625
0 0.196875 0.525 0.06875 0.1125
0 0.07421875 0.43515625 0.0640625 0.0921875
0 0.0234375 0.4328125 0.046875 0.096875
1 0.13515625 0.5359375 0.0640625 0.109375
1 0.075 0.53671875 0.075 0.1046875
1 0.02421875 0.53828125 0.0484375 0.1046875
1 0.4515625 0.509375 0.0625 0.115625
1 0.44140625 0.40703125 0.0671875 0.0984375
1 0.51015625 0.5046875 0.0640625 0.109375
1 0.49921875 0.39921875 0.0671875 0.0953125
1 0.55859375 0.40546875 0.0609375 0.0953125
1 0.56953125 0.50078125 0.0703125 0.0984375
1 0.62421875 0.49609375 0.0640625 0.1046875
0 0.6125 0.39765625 0.0625 0.0953125
0 0.68515625 0.5 0.0640625 0.109375
1 0.671875 0.39296875 0.0625 0.0953125
1 0.72890625 0.39609375 0.0609375 0.0890625
1 0.73828125 0.496875 0.0640625 0.10625
0 0.80390625 0.4859375 0.0796875 0.109375
0 0.78125 0.38984375 0.059375 0.0921875
0 0.8421875 0.3859375 0.059375 0.109375
0 0.9 0.384375 0.05625 0.1
1 0.85390625 0.48515625 0.0640625 0.1015625
1 0.91796875 0.4875 0.0796875 0.109375
1 0.96875 0.490625 0.0625 0.103125
1 0.95 0.39140625 0.071875 0.0953125
1 0.98515625 0.39140625 0.0234375 0.0984375
1 0.2921875 0.23203125 0.053125 0.0796875
1 0.2890625 0.15078125 0.05 0.0796875
1 0.2390625 0.159375 0.05625 0.084375
0 0.2390625 0.23828125 0.05 0.0828125
1 0.1921875 0.24140625 0.0625 0.0796875
1 0.1875 0.16484375 0.0625 0.0796875
1 0.13828125 0.24765625 0.0546875 0.0921875
0 0.1359375 0.16640625 0.053125 0.0796875
1 0.08125 0.16640625 0.053125 0.0796875
1 0.08515625 0.246875 0.0640625 0.0875
1 0.03125 0.17109375 0.05625 0.0890625
0 0.03046875 0.253125 0.0609375 0.09375
0 0.00234375 0.25078125 0.0046875 0.0828125
1 0.42109375 0.23203125 0.0546875 0.0890625
1 0.4109375 0.1515625 0.0625 0.084375
1 0.475 0.23359375 0.0625 0.0921875
1 0.46875 0.14296875 0.05625 0.0796875
1 0.5265625 0.22734375 0.059375 0.0984375
0 0.52265625 0.13671875 0.0546875 0.0890625
1 0.58046875 0.22578125 0.0640625 0.0953125
1 0.571875 0.13515625 0.0625 0.0859375
1 0.63359375 0.21953125 0.0640625 0.0953125
0 0.62109375 0.13515625 0.0609375 0.0890625
1 0.6703125 0.13671875 0.0625 0.0921875
1 0.6875 0.21640625 0.0625 0.0921875
0 0.74140625 0.21484375 0.0671875 0.0953125
0 0.72421875 0.13046875 0.0546875 0.0859375
0 0.78515625 0.209375 0.0640625 0.09375
1 0.77578125 0.125 0.0609375 0.090625
1 0.846875 0.215625 0.078125 0.090625
1 0.82265625 0.1328125 0.0734375 0.090625
1 0.871875 0.13125 0.071875 0.0875
1 0.89453125 0.2140625 0.0734375 0.09375
1 0.9453125 0.2109375 0.071875 0.10625
0 0.92265625 0.1234375 0.0671875 0.103125
1 0.96015625 0.13203125 0.0453125 0.0953125
1 0.97578125 0.21484375 0.0265625 0.0921875
1 0.9625 0.015625 0.028125 0.03125
1 0.9234375 0.01484375 0.05625 0.0296875
1 0.87578125 0.0140625 0.0546875 0.028125
1 0.8265625 0.0125 0.059375 0.025
1 0.77734375 0.0171875 0.0453125 0.034375
1 0.73515625 0.01640625 0.0515625 0.0328125
1 0.68828125 0.01484375 0.0484375 0.0296875
1 0.63828125 0.01640625 0.0640625 0.0328125
1 0.58671875 0.01640625 0.0640625 0.0328125
1 0.5421875 0.021875 0.0625 0.04375
1 0.496875 0.02109375 0.046875 0.0421875
1 0.44609375 0.025 0.0515625 0.046875
0 0.39921875 0.02109375 0.0515625 0.0359375
1 0.35078125 0.021875 0.0546875 0.03125
1 0.3015625 0.02578125 0.046875 0.0328125
1 0.00859375 0.04921875 0.0171875 0.0484375
0 0.02421875 0.0375 0.0484375 0.03125