0 0.2828125 0.7390625 0.209375 0.28125
0 0.48046875 0.68359375 0.2046875 0.2515625
0 0.64921875 0.671875 0.2328125 0.265625
0 0.81953125 0.63671875 0.2515625 0.2453125
0 0.94453125 0.60703125 0.1109375 0.1953125
1 0.3796875 0.50625 0.265625 0.15
0 0.54921875 0.4703125 0.2578125 0.15625
0 0.7140625 0.440625 0.246875 0.15
0 0.88046875 0.4359375 0.2390625 0.125
0 0.94921875 0.3984375 0.0953125 0.13125
0 0.484375 0.30859375 0.134375 0.1171875
0 0.58671875 0.3125 0.1390625 0.096875
0 0.69921875 0.29765625 0.1453125 0.0890625
1 0.8046875 0.28359375 0.13125 0.0859375
0 0.91328125 0.26953125 0.1296875 0.1046875
0 0.03515625 0.41171875 0.0703125 0.0546875
0 0.05390625 0.37109375 0.1078125 0.0484375
0 0.0625 0.33515625 0.125 0.0328125
0 0.07421875 0.31171875 0.1453125 0.0390625
0 0.09375 0.28125 0.134375 0.03125
0 0.10234375 0.259375 0.1453125 0.025
0 0.1046875 0.24296875 0.171875 0.0265625
0 0.13203125 0.2203125 0.1453125 0.025