0 0.591796875 0.791015625 0.208984375 0.212890625
1 0.6591796875 0.8173828125 0.171875 0.212890625
0 0.75 0.8544921875 0.1689453125 0.2060546875
0 0.8564453125 0.8876953125 0.166015625 0.1875
0 0.935546875 0.919921875 0.1279296875 0.119140625
0 0.7373046875 0.5732421875 0.1875 0.1533203125
1 0.818359375 0.6298828125 0.1796875 0.171875
0 0.8994140625 0.6396484375 0.1484375 0.1982421875
0 0.3662109375 0.701171875 0.216796875 0.2138671875
0 0.236328125 0.6650390625 0.203125 0.2265625
0 0.10546875 0.6337890625 0.2080078125 0.2138671875
0 0.0478515625 0.576171875 0.095703125 0.2060546875
0 0.541015625 0.5234375 0.1923828125 0.166015625
0 0.431640625 0.4833984375 0.1826171875 0.1767578125
0 0.330078125 0.4638671875 0.1611328125 0.197265625
0 0.25 0.431640625 0.1689453125 0.1923828125
0 0.1640625 0.3896484375 0.162109375 0.1640625
0 0.083984375 0.3466796875 0.16796875 0.224609375
0 0.0283203125 0.29296875 0.056640625 0.1923828125
0 0.7197265625 0.158203125 0.1611328125 0.1796875
0 0.62109375 0.1083984375 0.1640625 0.158203125
0 0.5263671875 0.091796875 0.162109375 0.18359375
0 0.4189453125 0.060546875 0.130859375 0.12109375
0 0.9677734375 0.6767578125 0.064453125 0.2001953125
0 0.333984375 0.0615234375 0.1376953125 0.1142578125
1 0.802734375 0.169921875 0.1376953125 0.193359375