1 0.0625 0.408203125 0.125 0.255859375
1 0.185546875 0.4287109375 0.1533203125 0.263671875
0 0.1083984375 0.7265625 0.2080078125 0.369140625
0 0.267578125 0.712890625 0.2236328125 0.3544921875
0 0.40625 0.677734375 0.212890625 0.357421875
0 0.306640625 0.4052734375 0.1484375 0.2392578125
0 0.41796875 0.380859375 0.142578125 0.2294921875
1 0.537109375 0.6572265625 0.1904296875 0.3359375
0 0.6474609375 0.63671875 0.1767578125 0.3203125
1 0.740234375 0.609375 0.181640625 0.322265625
1 0.828125 0.587890625 0.2001953125 0.3232421875
0 0.9169921875 0.5498046875 0.166015625 0.3154296875
1 0.521484375 0.392578125 0.1455078125 0.2470703125
0 0.6005859375 0.369140625 0.138671875 0.208984375
0 0.697265625 0.3525390625 0.1279296875 0.232421875
0 0.775390625 0.3408203125 0.1142578125 0.177734375
1 0.8359375 0.333984375 0.1279296875 0.185546875
0 0.90625 0.326171875 0.150390625 0.1875
0 0.9814453125 0.5380859375 0.037109375 0.271484375
0 0.013671875 0.1103515625 0.02734375 0.126953125
0 0.0810546875 0.107421875 0.1279296875 0.1435546875
0 0.18359375 0.103515625 0.123046875 0.154296875
0 0.27734375 0.1015625 0.111328125 0.1689453125
1 0.3564453125 0.1025390625 0.1064453125 0.1357421875
0 0.4375 0.1025390625 0.115234375 0.1513671875
0 0.5146484375 0.1005859375 0.1044921875 0.1513671875
1 0.583984375 0.115234375 0.1044921875 0.166015625
0 0.6357421875 0.107421875 0.115234375 0.154296875
1 0.6962890625 0.103515625 0.0859375 0.1513671875
0 0.759765625 0.10546875 0.0966796875 0.1513671875
1 0.818359375 0.1201171875 0.109375 0.1533203125
1 0.8720703125 0.1298828125 0.109375 0.1533203125
0 0.9677734375 0.3330078125 0.0546875 0.203125