1 0.7841796875 0.7412109375 0.25 0.3857421875
0 0.7001953125 0.7822265625 0.244140625 0.376953125
0 0.6025390625 0.8095703125 0.251953125 0.380859375
0 0.501953125 0.8369140625 0.220703125 0.326171875
1 0.404296875 0.8564453125 0.24609375 0.287109375
0 0.314453125 0.8837890625 0.24609375 0.232421875
1 0.2373046875 0.8994140625 0.2783203125 0.201171875
1 0.181640625 0.9130859375 0.201171875 0.173828125
0 0.6064453125 0.248046875 0.197265625 0.283203125
0 0.533203125 0.2744140625 0.1845703125 0.2890625
1 0.4658203125 0.306640625 0.166015625 0.2470703125
0 0.390625 0.326171875 0.171875 0.248046875
0 0.3193359375 0.3583984375 0.1826171875 0.2451171875
0 0.24609375 0.400390625 0.201171875 0.267578125
0 0.16796875 0.4296875 0.220703125 0.2998046875
1 0.099609375 0.45703125 0.19921875 0.26953125
1 0.0673828125 0.4775390625 0.134765625 0.2861328125