1 0.6748046875 0.7802734375 0.1279296875 0.3076171875
0 0.59375 0.767578125 0.125 0.2998046875
0 0.5068359375 0.7490234375 0.1328125 0.3173828125
0 0.416015625 0.7294921875 0.111328125 0.2998046875
1 0.3271484375 0.71875 0.1357421875 0.302734375
0 0.236328125 0.716796875 0.1455078125 0.3017578125
1 0.1640625 0.7109375 0.1748046875 0.3125
1 0.087890625 0.6865234375 0.162109375 0.310546875
0 0.7861328125 0.3388671875 0.1064453125 0.2216796875
0 0.720703125 0.3232421875 0.09375 0.2314453125
1 0.6572265625 0.3125 0.0888671875 0.193359375
0 0.591796875 0.291015625 0.09375 0.193359375
0 0.5263671875 0.28125 0.1064453125 0.1904296875
0 0.4521484375 0.2744140625 0.1171875 0.205078125
0 0.380859375 0.255859375 0.125 0.2314453125
1 0.318359375 0.244140625 0.119140625 0.205078125
1 0.2568359375 0.2275390625 0.1171875 0.2265625