1 0.908203125 0.380859375 0.1533203125 0.2265625
1 0.771484375 0.416015625 0.125 0.234375
0 0.89453125 0.673828125 0.1953125 0.3251953125
0 0.7333984375 0.681640625 0.1826171875 0.3125
0 0.6044921875 0.6669921875 0.171875 0.3154296875
0 0.6591796875 0.4111328125 0.1220703125 0.208984375
0 0.556640625 0.4013671875 0.1171875 0.203125
1 0.4853515625 0.666015625 0.154296875 0.296875
0 0.380859375 0.662109375 0.140625 0.283203125
1 0.294921875 0.6474609375 0.146484375 0.2861328125
1 0.2138671875 0.640625 0.162109375 0.2841796875
0 0.11328125 0.6201171875 0.1640625 0.2783203125
1 0.4658203125 0.423828125 0.119140625 0.21875
0 0.390625 0.4140625 0.115234375 0.1845703125
0 0.3017578125 0.4111328125 0.103515625 0.2060546875
0 0.2294921875 0.41015625 0.09375 0.158203125
1 0.1748046875 0.412109375 0.1064453125 0.162109375
0 0.1103515625 0.416015625 0.126953125 0.162109375
0 0.0400390625 0.619140625 0.076171875 0.248046875
0 0.931640625 0.08984375 0.1142578125 0.1484375
0 0.8251953125 0.099609375 0.109375 0.154296875
0 0.7333984375 0.1142578125 0.1044921875 0.15625
0 0.6494140625 0.1279296875 0.091796875 0.15625
1 0.576171875 0.1455078125 0.0908203125 0.119140625
0 0.50390625 0.154296875 0.0986328125 0.1328125
0 0.435546875 0.162109375 0.0859375 0.1328125
1 0.3740234375 0.185546875 0.0859375 0.1455078125
0 0.326171875 0.1826171875 0.0986328125 0.134765625
1 0.271484375 0.1875 0.0703125 0.134765625
0 0.2158203125 0.197265625 0.078125 0.134765625
1 0.162109375 0.21875 0.0908203125 0.134765625
1 0.1171875 0.232421875 0.0908203125 0.134765625
0 0.037109375 0.4296875 0.07421875 0.1875