0 0.9267578125 0.9111328125 0.046875 0.177734375
0 0.841796875 0.8857421875 0.2236328125 0.228515625
0 0.6455078125 0.8798828125 0.302734375 0.240234375
0 0.4453125 0.8671875 0.328125 0.265625
0 0.212890625 0.865234375 0.306640625 0.2265625
0 0.0830078125 0.8515625 0.166015625 0.1845703125
0 0.96875 0.1748046875 0.0625 0.2001953125
0 0.876953125 0.166015625 0.2451171875 0.2470703125
0 0.765625 0.158203125 0.2841796875 0.2734375
0 0.6171875 0.1552734375 0.318359375 0.310546875
0 0.419921875 0.15625 0.3232421875 0.3125
0 0.2568359375 0.1630859375 0.3515625 0.326171875
0 0.162109375 0.15625 0.2626953125 0.3125
0 0.0634765625 0.138671875 0.068359375 0.27734375