0 0.283203125 0.7392578125 0.208984375 0.28125
0 0.48046875 0.68359375 0.205078125 0.251953125
0 0.6494140625 0.671875 0.232421875 0.265625
0 0.8193359375 0.63671875 0.251953125 0.2451171875
0 0.9443359375 0.607421875 0.111328125 0.1953125
1 0.3798828125 0.505859375 0.265625 0.150390625
0 0.548828125 0.470703125 0.2578125 0.15625
0 0.7138671875 0.4404296875 0.2470703125 0.150390625
0 0.8798828125 0.435546875 0.240234375 0.125
0 0.94921875 0.3984375 0.095703125 0.130859375
0 0.484375 0.30859375 0.134765625 0.1171875
0 0.5869140625 0.3125 0.138671875 0.0966796875
0 0.69921875 0.2978515625 0.1455078125 0.0888671875
1 0.8046875 0.283203125 0.130859375 0.0859375
0 0.9130859375 0.26953125 0.1298828125 0.1044921875
0 0.03515625 0.412109375 0.0703125 0.0546875
0 0.0537109375 0.37109375 0.107421875 0.048828125
0 0.0625 0.3349609375 0.125 0.033203125
0 0.07421875 0.3115234375 0.1455078125 0.0390625
0 0.09375 0.28125 0.134765625 0.03125
0 0.1025390625 0.259765625 0.1455078125 0.025390625
0 0.1044921875 0.2431640625 0.171875 0.0263671875
0 0.1318359375 0.220703125 0.1455078125 0.025390625