0 0.212890625 0.716796875 0.302734375 0.3642578125
0 0.435546875 0.669921875 0.291015625 0.330078125
0 0.625 0.669921875 0.3251953125 0.3515625
0 0.8154296875 0.642578125 0.3408203125 0.3359375
0 0.93359375 0.615234375 0.1328125 0.2421875
1 0.337890625 0.4658203125 0.330078125 0.234375
0 0.529296875 0.439453125 0.3232421875 0.2392578125
0 0.712890625 0.4189453125 0.310546875 0.2314453125
0 0.875 0.4208984375 0.25 0.1982421875
0 0.953125 0.38671875 0.09375 0.1669921875
0 0.470703125 0.255859375 0.177734375 0.1640625
0 0.5830078125 0.267578125 0.177734375 0.1435546875
0 0.708984375 0.259765625 0.1826171875 0.1357421875
1 0.826171875 0.2529296875 0.166015625 0.1279296875
0 0.9306640625 0.244140625 0.138671875 0.1484375
0 0.0380859375 0.2978515625 0.033203125 0.0673828125
0 0.052734375 0.259765625 0.046875 0.0576171875
0 0.06640625 0.234375 0.0673828125 0.0654296875
0 0.0791015625 0.201171875 0.080078125 0.0576171875
0 0.087890625 0.1748046875 0.0888671875 0.052734375
0 0.099609375 0.1591796875 0.107421875 0.0625
0 0.109375 0.134765625 0.119140625 0.0595703125