1 0.79765625 0.709375 0.1765625 0.371875
1 0.6640625 0.69375 0.190625 0.390625
1 0.53515625 0.66953125 0.1859375 0.3765625
1 0.40390625 0.6546875 0.1796875 0.375
1 0.28125 0.62734375 0.184375 0.3734375
1 0.15390625 0.60859375 0.1796875 0.3703125
1 0.06171875 0.59140625 0.1234375 0.3796875
0 0.1015625 0.19453125 0.171875 0.3640625
0 0.22890625 0.20703125 0.1765625 0.3703125
0 0.34921875 0.2328125 0.1890625 0.353125
0 0.475 0.25078125 0.178125 0.3703125
0 0.59609375 0.27578125 0.1890625 0.3671875
0 0.73046875 0.29609375 0.1796875 0.3546875
0 0.8546875 0.31796875 0.184375 0.3421875