0 0.1533203125 0.509765625 0.306640625 0.5888671875
0 0.3662109375 0.4638671875 0.376953125 0.53125
0 0.642578125 0.3583984375 0.3388671875 0.4453125
1 0.8251953125 0.3203125 0.349609375 0.490234375
0 0.9130859375 0.2607421875 0.173828125 0.4345703125
0 0.078125 0.173828125 0.15625 0.298828125
0 0.2275390625 0.1318359375 0.3017578125 0.251953125
0 0.4365234375 0.109375 0.3046875 0.21875
0 0.64453125 0.0869140625 0.263671875 0.173828125
0 0.8193359375 0.064453125 0.220703125 0.1279296875
0 0.908203125 0.0439453125 0.115234375 0.087890625