1 0.83515625 0.8734375 0.0921875 0.15
1 0.90234375 0.8625 0.0953125 0.146875
0 0.96171875 0.85625 0.0765625 0.13125
1 0.99296875 0.8453125 0.0140625 0.128125
0 0.81640625 0.7515625 0.0796875 0.115625
1 0.8765625 0.74765625 0.075 0.1203125
1 0.94140625 0.7375 0.0796875 0.121875
1 0.978125 0.7296875 0.04375 0.128125
0 0.696875 0.78046875 0.08125 0.1234375
1 0.71328125 0.8953125 0.0859375 0.13125
1 0.653125 0.9078125 0.0875 0.134375
1 0.63359375 0.78828125 0.0796875 0.1234375
1 0.57734375 0.8046875 0.0859375 0.134375
0 0.58671875 0.9234375 0.0859375 0.13125
1 0.52890625 0.928125 0.0890625 0.14375
1 0.5109375 0.80390625 0.075 0.1234375
1 0.45625 0.821875 0.075 0.125
1 0.4046875 0.8390625 0.075 0.115625
1 0.34609375 0.84453125 0.0765625 0.1140625
1 0.43203125 0.92421875 0.1359375 0.0796875
0 0.31328125 0.94296875 0.1359375 0.0828125
0 0.284375 0.86015625 0.075 0.1171875
1 0.22890625 0.86953125 0.0828125 0.1234375
0 0.16953125 0.884375 0.0765625 0.128125
1 0.1953125 0.96484375 0.13125 0.0703125
1 0.1171875 0.8953125 0.0875 0.128125
1 0.76484375 0.44921875 0.0671875 0.0984375
1 0.81796875 0.43984375 0.0703125 0.0984375
1 0.87421875 0.42890625 0.0703125 0.0984375
1 0.92890625 0.42421875 0.0734375 0.1015625
0 0.784375 0.540625 0.075 0.1
0 0.83359375 0.5296875 0.0796875 0.115625
0 0.89375 0.52265625 0.078125 0.1140625
0 0.9734375 0.4125 0.05 0.090625
1 0.95078125 0.5171875 0.0734375 0.109375
1 0.98125 0.50546875 0.0375 0.1046875
1 0.659375 0.565625 0.071875 0.115625
1 0.6453125 0.4703125 0.075 0.1
1 0.60546875 0.575 0.0734375 0.109375
1 0.58984375 0.4765625 0.0734375 0.096875
1 0.5390625 0.49609375 0.06875 0.0953125
1 0.54921875 0.584375 0.0765625 0.1
1 0.49921875 0.59140625 0.0734375 0.1046875
0 0.48828125 0.49921875 0.0703125 0.0953125
0 0.44453125 0.609375 0.0734375 0.109375
1 0.434375 0.51015625 0.071875 0.0953125
1 0.38359375 0.5265625 0.0671875 0.090625
1 0.39765625 0.61953125 0.0734375 0.1078125
0 0.33515625 0.6234375 0.0859375 0.1125
0 0.334375 0.5296875 0.065625 0.09375
0 0.278125 0.540625 0.06875 0.109375
0 0.2265625 0.553125 0.065625 0.1
1 0.28828125 0.63359375 0.0734375 0.1015625
1 0.23359375 0.6515625 0.0859375 0.1125
1 0.18125 0.665625 0.08125 0.103125
1 0.18203125 0.56953125 0.0796875 0.0984375
1 0.1296875 0.58046875 0.071875 0.0984375
1 0.12578125 0.675 0.0796875 0.10625
1 0.07734375 0.6859375 0.0890625 0.103125
1 0.07578125 0.58671875 0.0796875 0.1015625
1 0.04296875 0.69140625 0.0515625 0.1046875
0 0.03671875 0.59921875 0.0671875 0.1015625
1 0.73984375 0.2765625 0.0578125 0.08125
1 0.725 0.20390625 0.05625 0.0796875
1 0.7734375 0.2 0.0625 0.084375
0 0.78828125 0.271875 0.0578125 0.084375
1 0.83359375 0.2640625 0.0671875 0.08125
1 0.81953125 0.1921875 0.0671875 0.08125
1 0.8828125 0.2578125 0.0625 0.090625
0 0.86640625 0.184375 0.0609375 0.08125
1 0.91640625 0.171875 0.0578125 0.08125
1 0.93046875 0.2453125 0.0703125 0.0875
1 0.9515625 0.16640625 0.040625 0.0859375
0 0.9640625 0.2421875 0.03125 0.0875
1 0.62421875 0.30546875 0.0609375 0.0890625
1 0.6140625 0.23203125 0.06875 0.0859375
1 0.575 0.3203125 0.06875 0.09375
1 0.56171875 0.2375 0.0609375 0.08125
1 0.52578125 0.32734375 0.0671875 0.0984375
0 0.51015625 0.24296875 0.0609375 0.0890625
1 0.478125 0.33671875 0.071875 0.0953125
1 0.465625 0.2546875 0.06875 0.0875
1 0.4296875 0.34453125 0.071875 0.0953125
0 0.42109375 0.2640625 0.0671875 0.090625
1 0.3765625 0.2765625 0.06875 0.09375
1 0.378125 0.3515625 0.06875 0.09375
0 0.33046875 0.3640625 0.0734375 0.096875
0 0.32734375 0.284375 0.0609375 0.0875
0 0.2890625 0.36875 0.071875 0.09375
1 0.27890625 0.2890625 0.0671875 0.090625
1 0.234375 0.38828125 0.084375 0.0953125
1 0.23828125 0.30703125 0.0796875 0.0921875
1 0.19296875 0.3171875 0.0765625 0.090625
1 0.19140625 0.39765625 0.0796875 0.0953125
1 0.1453125 0.40546875 0.08125 0.1078125
0 0.146875 0.32109375 0.075 0.1046875
1 0.10078125 0.33984375 0.0796875 0.0984375
1 0.0953125 0.421875 0.084375 0.096875
1 0.053125 0.42890625 0.08125 0.0828125
1 0.05390625 0.34609375 0.0953125 0.1046875
1 0.01875 0.4328125 0.0375 0.090625
1 0.01953125 0.35625 0.0390625 0.103125
0 0.0078125 0.21875 0.015625 0.09375
1 0.028125 0.2140625 0.046875 0.084375
1 0.07265625 0.20703125 0.0515625 0.0890625
1 0.04921875 0.14921875 0.0984375 0.0640625
1 0.1140625 0.11953125 0.071875 0.0828125
1 0.11328125 0.19609375 0.0640625 0.0921875
1 0.1578125 0.1828125 0.0625 0.090625
1 0.15390625 0.11328125 0.0734375 0.0984375
1 0.20078125 0.175 0.0671875 0.08125
1 0.24765625 0.16640625 0.0546875 0.0921875
1 0.2859375 0.15625 0.059375 0.0875
1 0.32890625 0.14609375 0.0578125 0.0828125
1 0.37265625 0.13515625 0.0703125 0.0890625
1 0.4203125 0.125 0.071875 0.0875
1 0.4625 0.12109375 0.071875 0.0921875
1 0.50390625 0.11171875 0.0546875 0.0859375
1 0.55 0.1046875 0.059375 0.090625
0 0.59140625 0.0875 0.0609375 0.0875
1 0.63515625 0.07734375 0.0609375 0.0828125
1 0.68046875 0.07109375 0.0578125 0.0828125
0 0.19765625 0.1046875 0.0609375 0.06875
0 0.240625 0.09140625 0.065625 0.0734375
1 0.28359375 0.08046875 0.0609375 0.0734375
0 0.32578125 0.07734375 0.0609375 0.0734375
1 0.37109375 0.071875 0.0609375 0.071875
1 0.409375 0.05859375 0.0625 0.0640625
1 0.45 0.04921875 0.065625 0.0765625
1 0.49609375 0.0390625 0.0609375 0.071875
1 0.53984375 0.0359375 0.0578125 0.065625
1 0.5796875 0.02890625 0.05625 0.0578125
1 0.6265625 0.02578125 0.05625 0.0515625
0 0.92421875 0.028125 0.0421875 0.05625
0 0.89921875 0.01484375 0.0796875 0.0296875
0 0.878125 0.00859375 0.1 0.0171875