1 0.3466796875 0.875 0.078125 0.150390625
1 0.2744140625 0.880859375 0.0830078125 0.1484375
0 0.2060546875 0.8916015625 0.0751953125 0.1328125
1 0.1376953125 0.896484375 0.0751953125 0.1298828125
0 0.3349609375 0.744140625 0.0703125 0.115234375
1 0.2734375 0.755859375 0.0625 0.1220703125
1 0.2021484375 0.7626953125 0.0703125 0.1220703125
1 0.140625 0.76953125 0.072265625 0.1298828125
0 0.0712890625 0.771484375 0.0703125 0.1220703125
0 0.4697265625 0.744140625 0.0703125 0.125
1 0.4794921875 0.8662109375 0.0751953125 0.1298828125
1 0.546875 0.865234375 0.0751953125 0.1328125
1 0.537109375 0.734375 0.0673828125 0.125
1 0.5986328125 0.736328125 0.0751953125 0.1357421875
0 0.6201171875 0.861328125 0.0751953125 0.1298828125
1 0.6806640625 0.8564453125 0.076171875 0.146484375
1 0.6669921875 0.71875 0.0625 0.125
1 0.73046875 0.72265625 0.064453125 0.126953125
1 0.7880859375 0.728515625 0.064453125 0.115234375
1 0.8505859375 0.71875 0.0673828125 0.1123046875
1 0.78125 0.82421875 0.1376953125 0.0673828125
0 0.9091796875 0.8134765625 0.1376953125 0.0703125
0 0.91796875 0.7197265625 0.064453125 0.1171875
1 0.970703125 0.7138671875 0.056640625 0.125
1 0.9873046875 0.818359375 0.025390625 0.078125
1 0.310546875 0.416015625 0.0595703125 0.0986328125
1 0.2529296875 0.419921875 0.0625 0.0986328125
1 0.1923828125 0.4228515625 0.0625 0.0986328125
1 0.1337890625 0.43359375 0.064453125 0.1015625
0 0.314453125 0.517578125 0.0673828125 0.0986328125
0 0.259765625 0.517578125 0.068359375 0.115234375
0 0.197265625 0.525390625 0.068359375 0.1123046875
0 0.07421875 0.435546875 0.064453125 0.091796875
0 0.0234375 0.4326171875 0.046875 0.0966796875
1 0.134765625 0.5361328125 0.064453125 0.109375
1 0.0751953125 0.537109375 0.0751953125 0.1044921875
1 0.0244140625 0.5380859375 0.048828125 0.1044921875
1 0.451171875 0.509765625 0.0625 0.115234375
1 0.44140625 0.4072265625 0.0673828125 0.0986328125
1 0.509765625 0.5048828125 0.064453125 0.109375
1 0.4990234375 0.3994140625 0.0673828125 0.095703125
1 0.55859375 0.4052734375 0.060546875 0.095703125
1 0.5693359375 0.5009765625 0.0703125 0.0986328125
1 0.6240234375 0.49609375 0.064453125 0.1044921875
0 0.6123046875 0.3974609375 0.0625 0.095703125
0 0.685546875 0.5 0.064453125 0.109375
1 0.671875 0.392578125 0.0625 0.095703125
1 0.728515625 0.396484375 0.060546875 0.0888671875
1 0.73828125 0.4970703125 0.064453125 0.1064453125
0 0.8037109375 0.486328125 0.080078125 0.109375
0 0.78125 0.3896484375 0.0595703125 0.091796875
0 0.841796875 0.3857421875 0.0595703125 0.109375
0 0.900390625 0.384765625 0.056640625 0.099609375
1 0.853515625 0.4853515625 0.064453125 0.1015625
1 0.91796875 0.4873046875 0.080078125 0.109375
1 0.96875 0.490234375 0.0625 0.103515625
1 0.9501953125 0.3916015625 0.072265625 0.095703125
1 0.9853515625 0.3916015625 0.0234375 0.0986328125
1 0.2919921875 0.232421875 0.052734375 0.080078125
1 0.2890625 0.150390625 0.0498046875 0.080078125
1 0.2392578125 0.1591796875 0.056640625 0.083984375
0 0.2392578125 0.23828125 0.0498046875 0.0830078125
1 0.1923828125 0.2412109375 0.0625 0.080078125
1 0.1875 0.1650390625 0.0625 0.080078125
1 0.138671875 0.248046875 0.0546875 0.091796875
0 0.1357421875 0.166015625 0.052734375 0.080078125
1 0.0810546875 0.166015625 0.052734375 0.080078125
1 0.0849609375 0.2470703125 0.064453125 0.087890625
1 0.03125 0.1708984375 0.056640625 0.0888671875
0 0.0302734375 0.2529296875 0.060546875 0.09375
0 0.001953125 0.25 0.00390625 0.08203125
1 0.4208984375 0.232421875 0.0546875 0.0888671875
1 0.4111328125 0.1513671875 0.0625 0.083984375
1 0.474609375 0.2333984375 0.0625 0.091796875
1 0.46875 0.142578125 0.056640625 0.080078125
1 0.5263671875 0.2275390625 0.0595703125 0.0986328125
0 0.5224609375 0.13671875 0.0546875 0.0888671875
1 0.580078125 0.2255859375 0.064453125 0.095703125
1 0.572265625 0.134765625 0.0625 0.0859375
1 0.6337890625 0.2197265625 0.064453125 0.095703125
0 0.62109375 0.134765625 0.060546875 0.0888671875
1 0.669921875 0.13671875 0.0625 0.091796875
1 0.6875 0.216796875 0.0625 0.091796875
0 0.7412109375 0.21484375 0.0673828125 0.095703125
0 0.724609375 0.130859375 0.0546875 0.0859375
0 0.78515625 0.208984375 0.064453125 0.09375
1 0.775390625 0.125 0.060546875 0.0908203125
1 0.8466796875 0.2158203125 0.078125 0.0908203125
1 0.822265625 0.1328125 0.0732421875 0.0908203125
1 0.8720703125 0.130859375 0.072265625 0.087890625
1 0.89453125 0.2138671875 0.0732421875 0.09375
1 0.9453125 0.2109375 0.072265625 0.1064453125
0 0.9228515625 0.123046875 0.0673828125 0.103515625
1 0.9599609375 0.1318359375 0.044921875 0.095703125
1 0.9755859375 0.21484375 0.0263671875 0.091796875
1 0.962890625 0.015625 0.0283203125 0.03125
1 0.923828125 0.0146484375 0.056640625 0.029296875
1 0.875 0.013671875 0.0546875 0.02734375
1 0.826171875 0.0126953125 0.0595703125 0.025390625
1 0.77734375 0.017578125 0.044921875 0.0341796875
1 0.7353515625 0.0166015625 0.0517578125 0.033203125
1 0.6884765625 0.0146484375 0.048828125 0.029296875
1 0.638671875 0.0166015625 0.064453125 0.033203125
1 0.5869140625 0.0166015625 0.064453125 0.033203125
1 0.541015625 0.021484375 0.0625 0.04296875
1 0.4970703125 0.021484375 0.046875 0.0419921875
1 0.4462890625 0.025390625 0.0517578125 0.046875
0 0.3994140625 0.021484375 0.0517578125 0.0361328125
1 0.3505859375 0.021484375 0.0546875 0.03125
1 0.3017578125 0.025390625 0.046875 0.033203125
1 0.0087890625 0.048828125 0.017578125 0.048828125
0 0.0244140625 0.037109375 0.048828125 0.03125