0 0.1748046875 0.568359375 0.265625 0.455078125
0 0.380859375 0.5498046875 0.265625 0.40625
0 0.61328125 0.4892578125 0.2421875 0.3408203125
1 0.78125 0.474609375 0.2783203125 0.373046875
0 0.892578125 0.431640625 0.212890625 0.349609375
0 0.1123046875 0.2626953125 0.224609375 0.287109375
0 0.294921875 0.220703125 0.2314453125 0.2783203125
0 0.46875 0.2060546875 0.234375 0.2783203125
0 0.638671875 0.203125 0.2001953125 0.2470703125
0 0.7822265625 0.1875 0.1669921875 0.240234375
0 0.8974609375 0.158203125 0.173828125 0.2548828125