0 0.5283203125 0.744140625 0.25 0.251953125
1 0.591796875 0.791015625 0.2109375 0.2470703125
0 0.67578125 0.853515625 0.2080078125 0.240234375
0 0.77734375 0.90234375 0.201171875 0.1953125
0 0.84765625 0.9501953125 0.1611328125 0.099609375
0 0.736328125 0.5576171875 0.21875 0.1875
1 0.8037109375 0.638671875 0.2109375 0.2080078125
0 0.88671875 0.6689453125 0.1826171875 0.228515625
0 0.318359375 0.59375 0.2578125 0.255859375
0 0.1904296875 0.5234375 0.2470703125 0.265625
0 0.095703125 0.4599609375 0.1904296875 0.248046875
0 0.041015625 0.3857421875 0.08203125 0.220703125
0 0.5439453125 0.455078125 0.224609375 0.201171875
0 0.4423828125 0.3857421875 0.21875 0.212890625
0 0.3408203125 0.3388671875 0.197265625 0.2314453125
0 0.2666015625 0.2861328125 0.205078125 0.224609375
0 0.1875 0.2197265625 0.193359375 0.1953125
0 0.1298828125 0.158203125 0.181640625 0.2529296875
0 0.822265625 0.134765625 0.1904296875 0.1875
0 0.728515625 0.080078125 0.1845703125 0.119140625
0 0.630859375 0.056640625 0.1748046875 0.109375
0 0.94140625 0.724609375 0.0859375 0.2138671875
1 0.9052734375 0.166015625 0.169921875 0.208984375