0 0.453125 0.783203125 0.2626953125 0.265625
1 0.390625 0.8310546875 0.2216796875 0.259765625
0 0.3046875 0.8837890625 0.21875 0.232421875
0 0.19921875 0.921875 0.2080078125 0.15625
0 0.138671875 0.9716796875 0.1279296875 0.056640625
0 0.236328125 0.5947265625 0.2294921875 0.1982421875
1 0.169921875 0.677734375 0.2236328125 0.21875
0 0.095703125 0.708984375 0.173828125 0.2373046875
0 0.666015625 0.623046875 0.271484375 0.2685546875
0 0.794921875 0.55078125 0.2578125 0.279296875
0 0.89453125 0.48046875 0.2109375 0.2607421875
0 0.9482421875 0.4052734375 0.103515625 0.236328125
0 0.431640625 0.486328125 0.2373046875 0.212890625
0 0.5341796875 0.4150390625 0.228515625 0.2236328125
0 0.63671875 0.36328125 0.2080078125 0.2421875
0 0.7109375 0.306640625 0.2158203125 0.236328125
0 0.791015625 0.23828125 0.205078125 0.205078125
0 0.861328125 0.171875 0.216796875 0.271484375
0 0.9052734375 0.1015625 0.091796875 0.203125
0 0.140625 0.154296875 0.203125 0.2158203125
0 0.2353515625 0.09765625 0.1953125 0.1455078125
0 0.333984375 0.0732421875 0.185546875 0.130859375
0 0.046875 0.763671875 0.0595703125 0.216796875
1 0.072265625 0.1865234375 0.14453125 0.232421875