0 0.296875 0.7392578125 0.193359375 0.3251953125
0 0.2421875 0.458984375 0.1748046875 0.275390625
0 0.396484375 0.7216796875 0.1767578125 0.3408203125
0 0.3291015625 0.443359375 0.1767578125 0.283203125
0 0.4111328125 0.4228515625 0.166015625 0.279296875
0 0.490234375 0.7001953125 0.1591796875 0.3095703125
0 0.07421875 0.7958984375 0.107421875 0.3046875
0 0.04296875 0.5009765625 0.0859375 0.2734375
0 0.501953125 0.40234375 0.150390625 0.2548828125
0 0.5751953125 0.67578125 0.166015625 0.3330078125
0 0.669921875 0.6650390625 0.1826171875 0.341796875
0 0.5830078125 0.3857421875 0.1591796875 0.2939453125
0 0.66796875 0.3603515625 0.1611328125 0.2861328125
0 0.767578125 0.642578125 0.1845703125 0.345703125
0 0.857421875 0.623046875 0.1748046875 0.3359375
0 0.75390625 0.33984375 0.154296875 0.2919921875
0 0.8525390625 0.3193359375 0.1669921875 0.3076171875
0 0.9345703125 0.6044921875 0.130859375 0.3251953125