0 0.2328125 0.61328125 0.15 0.2921875
0 0.2984375 0.35 0.1375 0.246875
0 0.325 0.6375 0.13125 0.309375
0 0.38046875 0.36953125 0.1390625 0.2546875
0 0.459375 0.38671875 0.128125 0.2515625
0 0.41640625 0.65625 0.1171875 0.28125
0 0.0265625 0.5703125 0.053125 0.2875
0 0.0734375 0.29296875 0.128125 0.2578125
0 0.54453125 0.40390625 0.1171875 0.2296875
0 0.496875 0.66953125 0.121875 0.3046875
0 0.584375 0.6984375 0.1375 0.309375
0 0.62109375 0.4234375 0.1203125 0.265625
0 0.70546875 0.43515625 0.1234375 0.2578125
0 0.6765625 0.71875 0.1375 0.3125
0 0.76484375 0.73828125 0.1296875 0.3046875
0 0.78828125 0.453125 0.1171875 0.265625
0 0.88046875 0.475 0.1265625 0.28125
0 0.859375 0.7640625 0.1375 0.296875
0 0.92890625 0.08046875 0.1421875 0.0578125