0 0.0849609375 0.619140625 0.169921875 0.4501953125
0 0.18359375 0.6083984375 0.1796875 0.3671875
0 0.3134765625 0.59765625 0.205078125 0.435546875
0 0.439453125 0.5947265625 0.197265625 0.4140625
0 0.544921875 0.599609375 0.1796875 0.412109375
0 0.654296875 0.591796875 0.1796875 0.3828125
0 0.787109375 0.6064453125 0.2138671875 0.4248046875
0 0.900390625 0.607421875 0.1796875 0.466796875
0 0.97265625 0.5908203125 0.0546875 0.40625
0 0.0712890625 0.212890625 0.1298828125 0.3408203125
0 0.1708984375 0.1865234375 0.220703125 0.314453125
1 0.28515625 0.24609375 0.185546875 0.330078125
0 0.3896484375 0.240234375 0.158203125 0.3173828125
0 0.51171875 0.2333984375 0.1484375 0.3330078125
0 0.6240234375 0.26953125 0.1669921875 0.3173828125
0 0.73828125 0.236328125 0.1357421875 0.28125
0 0.837890625 0.255859375 0.1533203125 0.310546875
0 0.9443359375 0.21484375 0.111328125 0.330078125