1 0.1884765625 0.826171875 0.2236328125 0.1123046875
0 0.2138671875 0.7099609375 0.2060546875 0.1201171875
0 0.2724609375 0.630859375 0.205078125 0.134765625
0 0.3037109375 0.5546875 0.1923828125 0.0810546875
0 0.33203125 0.505859375 0.1669921875 0.091796875
0 0.3583984375 0.4599609375 0.1669921875 0.095703125
0 0.369140625 0.416015625 0.1826171875 0.0810546875
1 0.3916015625 0.3837890625 0.158203125 0.0576171875
0 0.8076171875 0.736328125 0.240234375 0.1220703125
0 0.7880859375 0.642578125 0.2138671875 0.083984375
0 0.77734375 0.564453125 0.2080078125 0.087890625
1 0.7451171875 0.494140625 0.166015625 0.056640625
0 0.7529296875 0.443359375 0.134765625 0.0546875
0 0.7373046875 0.4072265625 0.1435546875 0.0546875
0 0.7333984375 0.361328125 0.1484375 0.0732421875
0 0.71875 0.328125 0.134765625 0.0595703125
0 0.41015625 0.357421875 0.1357421875 0.0419921875
0 0.4287109375 0.322265625 0.126953125 0.0439453125
0 0.4501953125 0.283203125 0.103515625 0.0390625
0 0.4658203125 0.263671875 0.115234375 0.0390625
1 0.478515625 0.228515625 0.0966796875 0.0390625
0 0.4921875 0.203125 0.0908203125 0.037109375
0 0.6875 0.162109375 0.087890625 0.0283203125
0 0.6875 0.181640625 0.0810546875 0.0390625
0 0.697265625 0.201171875 0.095703125 0.0390625
0 0.6982421875 0.216796875 0.1123046875 0.046875
0 0.701171875 0.232421875 0.1123046875 0.052734375
0 0.7041015625 0.251953125 0.1142578125 0.0625
0 0.7099609375 0.259765625 0.126953125 0.0595703125