0 0.271484375 0.826171875 0.328125 0.3466796875
0 0.1513671875 0.880859375 0.2314453125 0.2373046875
1 0.427734375 0.775390625 0.330078125 0.4345703125
0 0.578125 0.69140625 0.337890625 0.419921875
0 0.7109375 0.576171875 0.3251953125 0.4033203125
0 0.845703125 0.494140625 0.3076171875 0.4033203125
0 0.9228515625 0.390625 0.154296875 0.3779296875
0 0.1162109375 0.525390625 0.232421875 0.3408203125
0 0.228515625 0.412109375 0.3125 0.3701171875
0 0.3759765625 0.3662109375 0.3232421875 0.3798828125
0 0.521484375 0.2626953125 0.318359375 0.3408203125
0 0.666015625 0.17578125 0.328125 0.3515625
0 0.826171875 0.1220703125 0.275390625 0.244140625