0 0.08515625 0.61875 0.1703125 0.45
0 0.18359375 0.60859375 0.1796875 0.3671875
0 0.31328125 0.59765625 0.2046875 0.4359375
0 0.4390625 0.59453125 0.196875 0.4140625
0 0.54453125 0.6 0.1796875 0.4125
0 0.65390625 0.59140625 0.1796875 0.3828125
0 0.78671875 0.60625 0.2140625 0.425
0 0.90078125 0.60703125 0.1796875 0.4671875
0 0.97265625 0.590625 0.0546875 0.40625
0 0.07109375 0.2125 0.1296875 0.340625
0 0.17109375 0.18671875 0.2203125 0.3140625
1 0.28515625 0.24609375 0.1859375 0.3296875
0 0.38984375 0.23984375 0.1578125 0.3171875
0 0.51171875 0.23359375 0.1484375 0.3328125
0 0.62421875 0.26953125 0.1671875 0.3171875
0 0.73828125 0.2359375 0.1359375 0.28125
0 0.8375 0.25546875 0.153125 0.3109375
0 0.94453125 0.21484375 0.1109375 0.3296875