0 0.7451171875 0.66015625 0.1279296875 0.298828125
0 0.736328125 0.375 0.1201171875 0.25
0 0.646484375 0.666015625 0.1064453125 0.318359375
0 0.6494140625 0.37890625 0.1201171875 0.2578125
0 0.564453125 0.376953125 0.107421875 0.2578125
0 0.548828125 0.6640625 0.09375 0.291015625
0 0.9775390625 0.666015625 0.044921875 0.2998046875
0 0.9619140625 0.3671875 0.076171875 0.265625
0 0.4716796875 0.376953125 0.099609375 0.234375
0 0.462890625 0.66015625 0.0966796875 0.314453125
0 0.3671875 0.6708984375 0.1123046875 0.3203125
0 0.388671875 0.380859375 0.099609375 0.2734375
0 0.30078125 0.3740234375 0.1015625 0.263671875
0 0.2685546875 0.6708984375 0.1123046875 0.3232421875
0 0.173828125 0.671875 0.1044921875 0.3154296875
0 0.212890625 0.375 0.095703125 0.271484375
0 0.11328125 0.376953125 0.1044921875 0.2890625
0 0.0712890625 0.677734375 0.1142578125 0.3046875