0 0.904296875 0.5849609375 0.1298828125 0.2763671875
1 0.814453125 0.599609375 0.1669921875 0.2578125
1 0.71875 0.599609375 0.1435546875 0.2548828125
0 0.619140625 0.583984375 0.1455078125 0.240234375
0 0.525390625 0.5732421875 0.123046875 0.2158203125
0 0.4267578125 0.572265625 0.1123046875 0.2314453125
1 0.3388671875 0.564453125 0.119140625 0.2451171875
0 0.2451171875 0.560546875 0.1123046875 0.259765625
1 0.138671875 0.5439453125 0.1171875 0.25
1 0.052734375 0.537109375 0.1044921875 0.255859375
1 0.9619140625 0.603515625 0.076171875 0.2294921875