0 0.828125 0.7744140625 0.34375 0.4326171875
0 0.9248046875 0.791015625 0.150390625 0.3232421875
1 0.65625 0.751953125 0.3720703125 0.474609375
0 0.474609375 0.7197265625 0.3779296875 0.4609375
0 0.298828125 0.650390625 0.3642578125 0.4423828125
0 0.154296875 0.619140625 0.3076171875 0.4404296875
0 0.056640625 0.53515625 0.1123046875 0.4013671875
0 0.875 0.38671875 0.25 0.373046875
0 0.732421875 0.314453125 0.3486328125 0.408203125
0 0.56640625 0.318359375 0.361328125 0.416015625
0 0.3818359375 0.267578125 0.3544921875 0.375
0 0.2001953125 0.216796875 0.365234375 0.4189453125
0 0.083984375 0.20703125 0.1669921875 0.314453125