0 0.9638671875 0.697265625 0.072265625 0.1064453125
0 0.9228515625 0.615234375 0.154296875 0.1298828125
0 0.84765625 0.556640625 0.173828125 0.1435546875
0 0.7724609375 0.505859375 0.1357421875 0.142578125
0 0.6962890625 0.478515625 0.1484375 0.169921875
0 0.609375 0.462890625 0.140625 0.177734375
0 0.51953125 0.462890625 0.1142578125 0.1767578125
0 0.42578125 0.48046875 0.1171875 0.1982421875
0 0.3427734375 0.505859375 0.107421875 0.2236328125
0 0.2568359375 0.5390625 0.126953125 0.259765625
0 0.193359375 0.6044921875 0.1064453125 0.21875
0 0.12890625 0.669921875 0.1328125 0.2294921875
0 0.08203125 0.7470703125 0.1357421875 0.224609375