0 0.9640625 0.696875 0.071875 0.10625
0 0.92265625 0.61484375 0.1546875 0.1296875
0 0.84765625 0.55625 0.1734375 0.14375
0 0.77265625 0.50546875 0.1359375 0.1421875
0 0.69609375 0.47890625 0.1484375 0.1703125
0 0.609375 0.4625 0.140625 0.178125
0 0.51953125 0.46328125 0.1140625 0.1765625
0 0.42578125 0.48046875 0.1171875 0.1984375
0 0.34296875 0.50546875 0.1078125 0.2234375
0 0.25703125 0.5390625 0.1265625 0.259375
0 0.19375 0.6046875 0.10625 0.21875
0 0.12890625 0.66953125 0.1328125 0.2296875
0 0.08203125 0.746875 0.1359375 0.225