0 0.0849609375 0.6416015625 0.169921875 0.435546875
0 0.1806640625 0.619140625 0.173828125 0.3544921875
0 0.3046875 0.595703125 0.197265625 0.421875
0 0.423828125 0.580078125 0.1923828125 0.400390625
0 0.52734375 0.57421875 0.173828125 0.3984375
0 0.6318359375 0.556640625 0.173828125 0.3720703125
0 0.76171875 0.556640625 0.2080078125 0.412109375
0 0.87109375 0.544921875 0.173828125 0.453125
0 0.955078125 0.5224609375 0.087890625 0.3955078125
0 0.046875 0.2490234375 0.09375 0.330078125
0 0.125 0.21484375 0.2158203125 0.3046875
1 0.240234375 0.259765625 0.181640625 0.318359375
0 0.341796875 0.244140625 0.1533203125 0.306640625
0 0.458984375 0.224609375 0.1455078125 0.322265625
0 0.572265625 0.248046875 0.162109375 0.306640625
0 0.677734375 0.205078125 0.1328125 0.271484375
0 0.775390625 0.212890625 0.1484375 0.3017578125
0 0.890625 0.162109375 0.140625 0.3173828125
0 0.9580078125 0.185546875 0.0654296875 0.3046875