0 0.232421875 0.61328125 0.150390625 0.2919921875
0 0.298828125 0.349609375 0.1376953125 0.2470703125
0 0.3251953125 0.6376953125 0.130859375 0.3095703125
0 0.380859375 0.369140625 0.138671875 0.2548828125
0 0.458984375 0.38671875 0.1279296875 0.251953125
0 0.416015625 0.65625 0.1171875 0.28125
0 0.0263671875 0.5703125 0.052734375 0.287109375
0 0.0732421875 0.29296875 0.1279296875 0.2578125
0 0.544921875 0.404296875 0.1171875 0.2294921875
0 0.4970703125 0.669921875 0.1220703125 0.3046875
0 0.583984375 0.6982421875 0.1376953125 0.3095703125
0 0.62109375 0.423828125 0.1201171875 0.265625
0 0.705078125 0.435546875 0.123046875 0.2578125
0 0.6767578125 0.71875 0.1376953125 0.3125
0 0.7646484375 0.73828125 0.1298828125 0.3046875
0 0.7880859375 0.453125 0.1171875 0.265625
0 0.880859375 0.474609375 0.126953125 0.28125
0 0.859375 0.763671875 0.1376953125 0.296875
0 0.9287109375 0.080078125 0.142578125 0.0576171875