1 0.0341796875 0.7470703125 0.0625 0.1279296875
0 0.05078125 0.951171875 0.0888671875 0.0966796875
0 0.158203125 0.9384765625 0.0986328125 0.123046875
0 0.2724609375 0.9267578125 0.107421875 0.146484375
0 0.376953125 0.9208984375 0.1044921875 0.158203125
0 0.48046875 0.9111328125 0.08984375 0.177734375
0 0.576171875 0.8984375 0.087890625 0.150390625
0 0.673828125 0.869140625 0.1044921875 0.1611328125
0 0.767578125 0.8505859375 0.099609375 0.1953125
0 0.859375 0.818359375 0.09375 0.181640625
0 0.9501953125 0.7822265625 0.099609375 0.1767578125
0 0.103515625 0.7265625 0.103515625 0.130859375
0 0.212890625 0.7080078125 0.103515625 0.134765625
0 0.291015625 0.6953125 0.1201171875 0.1435546875
0 0.384765625 0.685546875 0.1142578125 0.146484375
0 0.474609375 0.658203125 0.0986328125 0.15625
0 0.556640625 0.658203125 0.0986328125 0.123046875
0 0.6396484375 0.6357421875 0.0986328125 0.1279296875
0 0.7197265625 0.6279296875 0.1142578125 0.150390625
0 0.802734375 0.623046875 0.1044921875 0.1201171875
1 0.8896484375 0.607421875 0.1015625 0.1064453125
0 0.951171875 0.5927734375 0.0966796875 0.1142578125
0 0.9677734375 0.494140625 0.064453125 0.1064453125
1 0.9013671875 0.5126953125 0.0810546875 0.1123046875
0 0.8193359375 0.509765625 0.1044921875 0.103515625
0 0.763671875 0.505859375 0.0908203125 0.103515625
0 0.671875 0.5107421875 0.103515625 0.0966796875
0 0.591796875 0.515625 0.095703125 0.1064453125
1 0.513671875 0.53125 0.083984375 0.0966796875
0 0.4345703125 0.5517578125 0.09375 0.103515625
0 0.353515625 0.560546875 0.09375 0.103515625
0 0.2724609375 0.580078125 0.095703125 0.099609375
0 0.1787109375 0.5830078125 0.0986328125 0.1064453125
0 0.08203125 0.6201171875 0.1015625 0.099609375
0 0.021484375 0.6279296875 0.0390625 0.119140625
0 0.048828125 0.4580078125 0.0859375 0.1123046875
0 0.126953125 0.453125 0.083984375 0.109375
0 0.2099609375 0.447265625 0.0888671875 0.1123046875
0 0.291015625 0.421875 0.0751953125 0.103515625
0 0.3701171875 0.412109375 0.0810546875 0.0966796875
0 0.443359375 0.4052734375 0.0810546875 0.091796875
1 0.5078125 0.408203125 0.072265625 0.091796875
0 0.5791015625 0.388671875 0.0859375 0.0966796875
1 0.640625 0.39453125 0.0810546875 0.091796875
0 0.708984375 0.380859375 0.095703125 0.0859375
0 0.77734375 0.369140625 0.0859375 0.099609375
0 0.8466796875 0.3642578125 0.0908203125 0.1123046875
0 0.9208984375 0.3583984375 0.0986328125 0.111328125
0 0.9736328125 0.353515625 0.0498046875 0.0966796875
0 0.02734375 0.3779296875 0.0546875 0.0966796875
0 0.103515625 0.37109375 0.080078125 0.0859375
0 0.185546875 0.361328125 0.080078125 0.0859375
0 0.2744140625 0.353515625 0.0859375 0.0966796875
0 0.349609375 0.3447265625 0.076171875 0.0830078125
0 0.423828125 0.333984375 0.0595703125 0.0859375
0 0.4814453125 0.326171875 0.072265625 0.091796875
0 0.5380859375 0.326171875 0.0673828125 0.0859375
0 0.607421875 0.318359375 0.0673828125 0.0966796875
0 0.662109375 0.30859375 0.068359375 0.080078125
0 0.7275390625 0.30859375 0.0673828125 0.0830078125
0 0.7958984375 0.2919921875 0.0673828125 0.068359375
0 0.85546875 0.283203125 0.064453125 0.0830078125
0 0.916015625 0.2744140625 0.0673828125 0.080078125
0 0.974609375 0.263671875 0.0439453125 0.0810546875
0 0.03125 0.271484375 0.0625 0.0625
0 0.095703125 0.2666015625 0.0673828125 0.080078125
0 0.169921875 0.263671875 0.078125 0.076171875
0 0.232421875 0.25 0.076171875 0.068359375
0 0.294921875 0.24609375 0.0732421875 0.0859375
1 0.3525390625 0.2490234375 0.0673828125 0.0830078125
0 0.4130859375 0.24609375 0.0546875 0.0859375
0 0.4697265625 0.23828125 0.0673828125 0.091796875
0 0.529296875 0.224609375 0.0546875 0.076171875
0 0.5908203125 0.220703125 0.068359375 0.076171875
0 0.6552734375 0.2177734375 0.0673828125 0.0859375
0 0.712890625 0.212890625 0.0703125 0.0859375
0 0.771484375 0.208984375 0.064453125 0.0830078125
0 0.822265625 0.1962890625 0.060546875 0.080078125
0 0.884765625 0.1865234375 0.064453125 0.0859375
0 0.939453125 0.185546875 0.068359375 0.0966796875
0 0.9814453125 0.1767578125 0.0283203125 0.087890625
0 0.017578125 0.1376953125 0.03515625 0.076171875
0 0.029296875 0.21484375 0.05859375 0.06640625
0 0.08984375 0.203125 0.0703125 0.0625
0 0.1572265625 0.205078125 0.0703125 0.0625
1 0.220703125 0.1953125 0.060546875 0.0625
0 0.283203125 0.189453125 0.0498046875 0.0546875
0 0.333984375 0.1923828125 0.0595703125 0.0654296875
0 0.396484375 0.1884765625 0.0546875 0.076171875
0 0.443359375 0.1767578125 0.0546875 0.072265625
0 0.4990234375 0.173828125 0.060546875 0.0654296875
0 0.552734375 0.166015625 0.060546875 0.0654296875
0 0.61328125 0.154296875 0.0673828125 0.068359375
0 0.677734375 0.154296875 0.060546875 0.0654296875
0 0.779296875 0.142578125 0.0498046875 0.072265625
0 0.83203125 0.1220703125 0.064453125 0.0654296875
0 0.892578125 0.125 0.0498046875 0.0595703125
0 0.939453125 0.125 0.064453125 0.072265625
0 0.978515625 0.1103515625 0.029296875 0.060546875
0 0.0673828125 0.1337890625 0.0595703125 0.0830078125
0 0.1201171875 0.1337890625 0.046875 0.064453125
0 0.173828125 0.134765625 0.0546875 0.080078125
0 0.236328125 0.1328125 0.064453125 0.0654296875
0 0.279296875 0.1298828125 0.0546875 0.072265625
0 0.33203125 0.1220703125 0.0546875 0.068359375
0 0.3818359375 0.12109375 0.0546875 0.076171875
0 0.4287109375 0.11328125 0.0546875 0.076171875
0 0.478515625 0.10546875 0.0576171875 0.076171875
0 0.529296875 0.10546875 0.0546875 0.076171875
0 0.5830078125 0.0986328125 0.0498046875 0.0654296875
0 0.63671875 0.0947265625 0.0546875 0.076171875
0 0.6904296875 0.099609375 0.0498046875 0.0625
0 0.7333984375 0.080078125 0.0576171875 0.068359375
0 0.794921875 0.0625 0.0576171875 0.0595703125
1 0.7255859375 0.1435546875 0.0673828125 0.0625
0 0.841796875 0.0673828125 0.0673828125 0.0595703125
0 0.888671875 0.0654296875 0.0498046875 0.0625
0 0.94921875 0.056640625 0.0576171875 0.0654296875
0 0.9814453125 0.0478515625 0.025390625 0.060546875