0 0.341796875 0.94140625 0.220703125 0.064453125
0 0.365234375 0.8818359375 0.234375 0.0390625
1 0.380859375 0.8359375 0.2236328125 0.0341796875
1 0.412109375 0.802734375 0.220703125 0.044921875
0 0.41015625 0.75390625 0.216796875 0.0390625
1 0.4287109375 0.7177734375 0.2109375 0.0546875
0 0.447265625 0.6787109375 0.1767578125 0.0390625
1 0.45703125 0.642578125 0.173828125 0.0390625
0 0.48046875 0.609375 0.1923828125 0.041015625
0 0.484375 0.576171875 0.2001953125 0.0361328125
0 0.5009765625 0.5400390625 0.2080078125 0.033203125
0 0.498046875 0.509765625 0.193359375 0.0283203125
0 0.529296875 0.4794921875 0.1669921875 0.0283203125
0 0.5302734375 0.4541015625 0.1767578125 0.0234375
0 0.5419921875 0.4248046875 0.171875 0.03125
1 0.5458984375 0.4033203125 0.1669921875 0.021484375
0 0.5712890625 0.380859375 0.1484375 0.0361328125