0 0.740234375 0.837890625 0.392578125 0.3154296875
1 0.5439453125 0.8017578125 0.302734375 0.291015625
1 0.4677734375 0.724609375 0.251953125 0.208984375
0 0.408203125 0.6376953125 0.275390625 0.2060546875
1 0.3046875 0.6103515625 0.1748046875 0.154296875
0 0.283203125 0.544921875 0.212890625 0.1591796875
0 0.197265625 0.5107421875 0.177734375 0.1435546875
0 0.15234375 0.494140625 0.158203125 0.142578125
0 0.111328125 0.4892578125 0.140625 0.1220703125
0 0.076171875 0.474609375 0.1123046875 0.103515625
0 0.89453125 0.443359375 0.173828125 0.1953125
0 0.787109375 0.423828125 0.1591796875 0.193359375
0 0.7060546875 0.400390625 0.1279296875 0.1669921875
0 0.6376953125 0.384765625 0.130859375 0.142578125
0 0.5615234375 0.3818359375 0.107421875 0.138671875
0 0.51171875 0.3720703125 0.1044921875 0.1279296875
0 0.453125 0.361328125 0.115234375 0.126953125
0 0.4111328125 0.361328125 0.072265625 0.1123046875
0 0.328125 0.3583984375 0.103515625 0.091796875
0 0.275390625 0.34765625 0.0673828125 0.0732421875
1 0.2412109375 0.3486328125 0.076171875 0.0810546875
0 0.0439453125 0.4345703125 0.087890625 0.119140625
0 0.9560546875 0.462890625 0.087890625 0.2158203125