0 0.6923828125 0.94921875 0.0625 0.0986328125
0 0.6494140625 0.935546875 0.0703125 0.125
0 0.6015625 0.90625 0.0625 0.1376953125
0 0.552734375 0.8935546875 0.0673828125 0.134765625
0 0.5 0.8671875 0.0595703125 0.1279296875
0 0.46484375 0.845703125 0.0732421875 0.130859375
0 0.40625 0.837890625 0.0654296875 0.130859375
0 0.3662109375 0.814453125 0.0703125 0.125
0 0.330078125 0.7919921875 0.0732421875 0.109375
0 0.2822265625 0.7763671875 0.0732421875 0.109375
0 0.2412109375 0.7568359375 0.0732421875 0.1015625
0 0.2001953125 0.7421875 0.0810546875 0.1279296875
0 0.169921875 0.7158203125 0.072265625 0.109375
0 0.126953125 0.697265625 0.080078125 0.125
0 0.091796875 0.6826171875 0.0703125 0.1279296875
0 0.0498046875 0.6689453125 0.0654296875 0.1279296875
0 0.025390625 0.642578125 0.05078125 0.109375
0 0.9765625 0.8701171875 0.0439453125 0.119140625
0 0.935546875 0.85546875 0.0673828125 0.1171875
0 0.884765625 0.826171875 0.0654296875 0.1015625
0 0.837890625 0.8134765625 0.0625 0.1015625
0 0.79296875 0.794921875 0.0732421875 0.1064453125
0 0.751953125 0.7783203125 0.0732421875 0.119140625
0 0.703125 0.755859375 0.078125 0.103515625
0 0.6591796875 0.734375 0.0625 0.103515625
0 0.6142578125 0.716796875 0.072265625 0.1015625
0 0.5654296875 0.697265625 0.0625 0.1064453125
0 0.5283203125 0.689453125 0.0595703125 0.109375
0 0.4912109375 0.6650390625 0.0576171875 0.0986328125
0 0.447265625 0.642578125 0.0498046875 0.0986328125
0 0.41015625 0.630859375 0.0673828125 0.1064453125
0 0.3671875 0.6123046875 0.0654296875 0.1064453125
0 0.3310546875 0.607421875 0.0625 0.109375
0 0.2919921875 0.5869140625 0.0654296875 0.1015625
0 0.2587890625 0.576171875 0.0576171875 0.0986328125
0 0.21875 0.5576171875 0.0625 0.1064453125
0 0.185546875 0.5380859375 0.0625 0.1015625
0 0.146484375 0.525390625 0.0576171875 0.095703125
0 0.1162109375 0.509765625 0.060546875 0.091796875
0 0.0859375 0.4990234375 0.0625 0.0830078125
0 0.060546875 0.486328125 0.046875 0.0888671875
0 0.025390625 0.48046875 0.0498046875 0.095703125
0 0.9873046875 0.759765625 0.021484375 0.103515625
0 0.94921875 0.744140625 0.0576171875 0.1015625
0 0.8974609375 0.7265625 0.0546875 0.1064453125
0 0.8544921875 0.7158203125 0.0498046875 0.109375
0 0.814453125 0.701171875 0.056640625 0.091796875
0 0.771484375 0.669921875 0.0576171875 0.109375
0 0.7255859375 0.658203125 0.0546875 0.1064453125
0 0.68359375 0.642578125 0.0576171875 0.1015625
0 0.638671875 0.6337890625 0.0546875 0.1015625
0 0.5947265625 0.6181640625 0.0546875 0.1015625
0 0.556640625 0.5947265625 0.0517578125 0.0986328125
0 0.5224609375 0.58203125 0.0517578125 0.0986328125
0 0.4814453125 0.5693359375 0.056640625 0.1015625
0 0.4404296875 0.5556640625 0.0498046875 0.091796875
0 0.400390625 0.537109375 0.0439453125 0.0888671875
0 0.365234375 0.51953125 0.046875 0.1015625
0 0.33203125 0.5078125 0.0546875 0.09375
0 0.302734375 0.49609375 0.0517578125 0.0888671875
1 0.2607421875 0.48828125 0.0498046875 0.091796875
0 0.2265625 0.466796875 0.0498046875 0.0830078125
0 0.1943359375 0.458984375 0.048828125 0.0888671875
0 0.16015625 0.451171875 0.060546875 0.1015625
0 0.134765625 0.4287109375 0.0498046875 0.0888671875
0 0.1064453125 0.419921875 0.0498046875 0.091796875
0 0.076171875 0.404296875 0.056640625 0.09375
0 0.0341796875 0.400390625 0.056640625 0.0888671875
1 0.021484375 0.373046875 0.04296875 0.078125
0 0.97265625 0.6025390625 0.0546875 0.0888671875
0 0.9287109375 0.572265625 0.0546875 0.0888671875
0 0.88671875 0.56640625 0.0546875 0.091796875
0 0.84375 0.5537109375 0.0498046875 0.0830078125
0 0.8046875 0.5361328125 0.0498046875 0.0751953125
0 0.767578125 0.52734375 0.0439453125 0.0888671875
0 0.7236328125 0.5068359375 0.056640625 0.080078125
0 0.69140625 0.4931640625 0.0576171875 0.0830078125
0 0.650390625 0.478515625 0.048828125 0.0888671875
0 0.607421875 0.466796875 0.0517578125 0.0830078125
0 0.5771484375 0.451171875 0.0546875 0.0859375
1 0.54296875 0.4462890625 0.0546875 0.080078125
0 0.5078125 0.431640625 0.046875 0.0830078125
0 0.466796875 0.4208984375 0.0625 0.080078125
0 0.435546875 0.40234375 0.046875 0.080078125
0 0.3994140625 0.3994140625 0.0546875 0.0830078125
0 0.369140625 0.388671875 0.046875 0.0830078125
0 0.3349609375 0.3720703125 0.0517578125 0.072265625
0 0.3056640625 0.361328125 0.0546875 0.0751953125
0 0.26953125 0.349609375 0.0546875 0.080078125
0 0.2373046875 0.3408203125 0.046875 0.0751953125
0 0.2080078125 0.330078125 0.0498046875 0.0751953125
0 0.181640625 0.3212890625 0.048828125 0.0830078125
0 0.150390625 0.30859375 0.048828125 0.0703125
0 0.1181640625 0.294921875 0.0576171875 0.0703125
0 0.091796875 0.287109375 0.0625 0.0703125
0 0.0654296875 0.2734375 0.046875 0.072265625
0 0.0390625 0.267578125 0.056640625 0.0654296875
0 0.0146484375 0.248046875 0.029296875 0.0703125
0 0.9775390625 0.515625 0.0419921875 0.09375
0 0.9365234375 0.4990234375 0.048828125 0.0830078125
0 0.8955078125 0.486328125 0.0498046875 0.0830078125
0 0.85546875 0.478515625 0.048828125 0.0888671875
0 0.81640625 0.462890625 0.0517578125 0.0830078125
0 0.78515625 0.447265625 0.0546875 0.080078125
1 0.7470703125 0.4375 0.0498046875 0.078125
0 0.703125 0.423828125 0.0439453125 0.0830078125
0 0.6708984375 0.408203125 0.0419921875 0.0654296875
0 0.630859375 0.39453125 0.048828125 0.080078125
0 0.6015625 0.3828125 0.0498046875 0.078125
0 0.564453125 0.375 0.0419921875 0.0751953125
0 0.533203125 0.365234375 0.0517578125 0.0830078125
0 0.4951171875 0.3525390625 0.046875 0.080078125
0 0.458984375 0.341796875 0.0439453125 0.0751953125
0 0.4296875 0.330078125 0.0439453125 0.068359375
0 0.3974609375 0.322265625 0.0390625 0.0751953125
0 0.3642578125 0.310546875 0.0439453125 0.068359375
0 0.3349609375 0.2998046875 0.0390625 0.0625
0 0.3037109375 0.2919921875 0.0390625 0.0625
0 0.275390625 0.279296875 0.0439453125 0.068359375
0 0.2451171875 0.2705078125 0.046875 0.056640625
0 0.208984375 0.265625 0.048828125 0.0595703125
0 0.1875 0.2529296875 0.0439453125 0.056640625
0 0.1611328125 0.24609375 0.0439453125 0.0546875
0 0.134765625 0.236328125 0.048828125 0.0546875
0 0.1083984375 0.2265625 0.0419921875 0.056640625
0 0.080078125 0.2197265625 0.0498046875 0.0546875
0 0.0517578125 0.212890625 0.0498046875 0.0595703125
0 0.025390625 0.193359375 0.0498046875 0.0546875
0 0.951171875 0.392578125 0.0517578125 0.0654296875
0 0.91796875 0.373046875 0.0517578125 0.068359375
0 0.884765625 0.365234375 0.0439453125 0.0654296875
0 0.849609375 0.3544921875 0.048828125 0.068359375
0 0.814453125 0.3408203125 0.0498046875 0.068359375
0 0.78125 0.3310546875 0.046875 0.0751953125
0 0.7509765625 0.322265625 0.0390625 0.068359375
0 0.7158203125 0.3125 0.046875 0.0751953125
0 0.67578125 0.3056640625 0.0419921875 0.0830078125
0 0.642578125 0.296875 0.0439453125 0.068359375
0 0.6083984375 0.283203125 0.0390625 0.078125
0 0.576171875 0.2705078125 0.041015625 0.0654296875
0 0.54296875 0.265625 0.0390625 0.078125
0 0.5166015625 0.2607421875 0.0390625 0.0751953125
0 0.4794921875 0.244140625 0.0439453125 0.0751953125
0 0.451171875 0.2294921875 0.0419921875 0.0751953125
0 0.416015625 0.2197265625 0.0419921875 0.080078125
0 0.3916015625 0.2177734375 0.0390625 0.080078125
0 0.361328125 0.2060546875 0.0390625 0.0654296875
0 0.33203125 0.2001953125 0.0390625 0.056640625
0 0.3046875 0.189453125 0.046875 0.0625
0 0.2802734375 0.1796875 0.0390625 0.0625
0 0.251953125 0.173828125 0.0439453125 0.0654296875
0 0.2236328125 0.1669921875 0.0439453125 0.068359375
0 0.201171875 0.1591796875 0.041015625 0.0751953125
0 0.171875 0.146484375 0.041015625 0.072265625
0 0.14453125 0.1376953125 0.044921875 0.0595703125
0 0.1220703125 0.1376953125 0.041015625 0.072265625
0 0.09375 0.130859375 0.041015625 0.0625
0 0.0712890625 0.1220703125 0.0390625 0.056640625
0 0.0498046875 0.1171875 0.0439453125 0.0654296875
0 0.0205078125 0.1123046875 0.041015625 0.0625
0 0.751953125 0.9521484375 0.056640625 0.091796875
0 0.7939453125 0.283203125 0.0439453125 0.046875
0 0.7587890625 0.2685546875 0.0390625 0.0625
0 0.7001953125 0.251953125 0.0439453125 0.0595703125
0 0.666015625 0.244140625 0.0341796875 0.056640625
0 0.630859375 0.2314453125 0.0498046875 0.0625
0 0.599609375 0.2158203125 0.0439453125 0.0595703125
0 0.5693359375 0.208984375 0.0390625 0.0654296875
0 0.541015625 0.2001953125 0.03125 0.056640625
0 0.5087890625 0.193359375 0.0361328125 0.056640625
0 0.48046875 0.1796875 0.0390625 0.0625
0 0.4482421875 0.1728515625 0.0439453125 0.0517578125
0 0.4228515625 0.1650390625 0.0390625 0.048828125
0 0.388671875 0.15625 0.041015625 0.056640625
1 0.3623046875 0.15234375 0.046875 0.048828125
0 0.3359375 0.1435546875 0.046875 0.056640625
0 0.306640625 0.138671875 0.0419921875 0.048828125
0 0.283203125 0.1298828125 0.0439453125 0.0625
0 0.2587890625 0.1201171875 0.0419921875 0.052734375
0 0.2373046875 0.111328125 0.041015625 0.056640625
0 0.208984375 0.103515625 0.0341796875 0.048828125
0 0.1845703125 0.0947265625 0.0341796875 0.044921875
0 0.158203125 0.087890625 0.0361328125 0.0419921875
0 0.1337890625 0.0791015625 0.0361328125 0.0517578125
0 0.1044921875 0.0732421875 0.0439453125 0.046875
0 0.0830078125 0.068359375 0.046875 0.0517578125
0 0.0615234375 0.0634765625 0.0390625 0.044921875
0 0.041015625 0.0615234375 0.0498046875 0.048828125
0 0.015625 0.0517578125 0.03125 0.046875
0 0.9033203125 0.236328125 0.0439453125 0.056640625
0 0.931640625 0.255859375 0.0390625 0.0625
0 0.962890625 0.275390625 0.0341796875 0.0751953125
0 0.990234375 0.298828125 0.017578125 0.0751953125
0 0.8916015625 0.2021484375 0.0546875 0.0546875
0 0.931640625 0.177734375 0.0439453125 0.056640625
0 0.951171875 0.12890625 0.0498046875 0.0390625
0 0.830078125 0.1650390625 0.0361328125 0.048828125
0 0.80078125 0.1474609375 0.0419921875 0.0517578125
0 0.5810546875 0.1328125 0.0439453125 0.0595703125
0 0.552734375 0.1220703125 0.0390625 0.056640625
0 0.5263671875 0.115234375 0.041015625 0.056640625
0 0.498046875 0.1044921875 0.0419921875 0.056640625
0 0.4697265625 0.1015625 0.0361328125 0.056640625
0 0.4404296875 0.095703125 0.03125 0.0595703125
0 0.412109375 0.087890625 0.0361328125 0.056640625
0 0.3857421875 0.0732421875 0.046875 0.056640625
0 0.361328125 0.068359375 0.0439453125 0.0625
1 0.3427734375 0.064453125 0.0390625 0.056640625
0 0.3115234375 0.0595703125 0.0390625 0.068359375
0 0.287109375 0.048828125 0.0341796875 0.0654296875
0 0.2646484375 0.048828125 0.0390625 0.068359375
0 0.236328125 0.041015625 0.0419921875 0.056640625
0 0.21875 0.0400390625 0.0439453125 0.0546875
0 0.1943359375 0.0322265625 0.048828125 0.048828125
0 0.1689453125 0.01953125 0.0498046875 0.0390625
0 0.142578125 0.021484375 0.0341796875 0.0419921875
0 0.775390625 0.134765625 0.03125 0.056640625
0 0.6337890625 0.123046875 0.0546875 0.033203125
0 0.626953125 0.158203125 0.0595703125 0.048828125
0 0.849609375 0.126953125 0.0390625 0.052734375
0 0.830078125 0.107421875 0.041015625 0.056640625
0 0.8095703125 0.099609375 0.041015625 0.048828125
1 0.775390625 0.0869140625 0.046875 0.044921875
0 0.748046875 0.076171875 0.033203125 0.048828125
1 0.72265625 0.0634765625 0.0390625 0.0517578125
0 0.748046875 0.1162109375 0.0361328125 0.0517578125
0 0.720703125 0.103515625 0.0341796875 0.0390625
0 0.697265625 0.0927734375 0.0390625 0.0390625
0 0.673828125 0.0849609375 0.033203125 0.044921875
0 0.6513671875 0.0712890625 0.03125 0.044921875
0 0.7041015625 0.05078125 0.0361328125 0.044921875
0 0.6865234375 0.0390625 0.033203125 0.046875
0 0.66015625 0.02734375 0.0361328125 0.0390625
1 0.6328125 0.0556640625 0.0341796875 0.0419921875
0 0.6103515625 0.048828125 0.0390625 0.046875
0 0.5849609375 0.037109375 0.0390625 0.048828125
0 0.560546875 0.029296875 0.0361328125 0.0517578125
0 0.9619140625 0.0927734375 0.048828125 0.033203125
0 0.9248046875 0.0869140625 0.041015625 0.0390625
0 0.9033203125 0.072265625 0.041015625 0.0390625
0 0.8818359375 0.056640625 0.0390625 0.056640625
0 0.8544921875 0.0458984375 0.041015625 0.0546875
1 0.822265625 0.0380859375 0.03125 0.0517578125
0 0.7998046875 0.01953125 0.041015625 0.0390625
0 0.4384765625 0.029296875 0.0361328125 0.0419921875
0 0.4072265625 0.021484375 0.0390625 0.0419921875
1 0.3740234375 0.0146484375 0.0263671875 0.029296875