0 0.10625 0.83359375 0.140625 0.1484375
0 0.03203125 0.80625 0.0640625 0.1625
0 0.21953125 0.8421875 0.1390625 0.1375
0 0.33515625 0.85234375 0.1234375 0.1234375
0 0.44453125 0.8515625 0.1078125 0.125
0 0.55625 0.85625 0.128125 0.140625
0 0.6703125 0.85859375 0.125 0.1484375
0 0.7734375 0.85703125 0.140625 0.1453125
0 0.87578125 0.8671875 0.1484375 0.15625
0 0.5 0.69453125 0.103125 0.0859375
0 0.559375 0.67109375 0.103125 0.0859375
0 0.6171875 0.66015625 0.109375 0.0953125
0 0.6546875 0.6453125 0.10625 0.084375
0 0.696875 0.63046875 0.084375 0.0734375
0 0.9359375 0.625 0.06875 0.06875
0 0.88359375 0.6 0.0703125 0.084375
0 0.8234375 0.5875 0.06875 0.06875
0 0.77421875 0.56953125 0.0703125 0.0640625
0 0.728125 0.5578125 0.06875 0.065625
0 0.68984375 0.54453125 0.0671875 0.0578125
0 0.6421875 0.5328125 0.06875 0.05625
0 0.59921875 0.52421875 0.0734375 0.0484375
0 0.271875 0.6796875 0.1125 0.08125
0 0.35 0.646875 0.115625 0.08125
0 0.40390625 0.63359375 0.0984375 0.0859375
0 0.44453125 0.6234375 0.0890625 0.059375
0 0.4734375 0.59375 0.103125 0.046875
0 0.52734375 0.5890625 0.1234375 0.053125
0 0.571875 0.575 0.0875 0.05
0 0.05234375 0.584375 0.0859375 0.090625
0 0.11484375 0.571875 0.1015625 0.084375
0 0.17109375 0.5625 0.0921875 0.08125
0 0.221875 0.54375 0.084375 0.071875
0 0.2765625 0.5515625 0.08125 0.06875
0 0.32578125 0.540625 0.0828125 0.065625
0 0.36953125 0.5328125 0.0765625 0.05625
0 0.41484375 0.53515625 0.0734375 0.0515625
0 0.44609375 0.525 0.0765625 0.05625
0 0.478125 0.51796875 0.075 0.0578125