0 0.1064453125 0.833984375 0.140625 0.1484375
0 0.0322265625 0.806640625 0.064453125 0.162109375
0 0.2197265625 0.841796875 0.138671875 0.1376953125
0 0.3349609375 0.8525390625 0.123046875 0.123046875
0 0.4443359375 0.8515625 0.107421875 0.125
0 0.556640625 0.8564453125 0.1279296875 0.140625
0 0.669921875 0.8583984375 0.125 0.1484375
0 0.7734375 0.857421875 0.140625 0.1455078125
0 0.8759765625 0.8671875 0.1484375 0.15625
0 0.5 0.6943359375 0.103515625 0.0859375
0 0.5595703125 0.6708984375 0.103515625 0.0859375
0 0.6171875 0.66015625 0.109375 0.095703125
0 0.654296875 0.6455078125 0.1064453125 0.083984375
0 0.697265625 0.630859375 0.083984375 0.0732421875
0 0.935546875 0.625 0.068359375 0.068359375
0 0.8837890625 0.599609375 0.0703125 0.083984375
0 0.8232421875 0.587890625 0.068359375 0.068359375
0 0.7744140625 0.5693359375 0.0703125 0.064453125
0 0.728515625 0.5576171875 0.068359375 0.0654296875
0 0.689453125 0.544921875 0.0673828125 0.0576171875
0 0.642578125 0.533203125 0.068359375 0.056640625
0 0.599609375 0.5244140625 0.0732421875 0.048828125
0 0.271484375 0.6796875 0.1123046875 0.0810546875
0 0.349609375 0.646484375 0.115234375 0.0810546875
0 0.404296875 0.6337890625 0.0986328125 0.0859375
0 0.4443359375 0.623046875 0.0888671875 0.0595703125
0 0.4736328125 0.59375 0.103515625 0.046875
0 0.52734375 0.5888671875 0.123046875 0.052734375
0 0.572265625 0.5751953125 0.087890625 0.0498046875
0 0.052734375 0.583984375 0.0859375 0.0908203125
0 0.115234375 0.572265625 0.1015625 0.083984375
0 0.1708984375 0.5625 0.091796875 0.0810546875
0 0.2216796875 0.5439453125 0.083984375 0.072265625
0 0.2763671875 0.5517578125 0.0810546875 0.068359375
0 0.326171875 0.541015625 0.0830078125 0.0654296875
0 0.369140625 0.533203125 0.076171875 0.056640625
0 0.4150390625 0.53515625 0.0732421875 0.0517578125
0 0.4462890625 0.525390625 0.076171875 0.056640625
0 0.478515625 0.517578125 0.0751953125 0.0576171875