0 0.82109375 0.3859375 0.1546875 0.078125
0 0.83203125 0.4828125 0.1546875 0.084375
1 0.84375 0.5671875 0.15 0.078125
0 0.8515625 0.6609375 0.146875 0.0875
1 0.8703125 0.7640625 0.146875 0.0875
1 0.88125 0.871875 0.1625 0.096875
1 0.89296875 0.96328125 0.1640625 0.0734375
0 0.4625 0.9328125 0.184375 0.096875
1 0.4625 0.8234375 0.18125 0.090625
0 0.46953125 0.7203125 0.1671875 0.090625
0 0.096875 0.40859375 0.140625 0.1421875
0 0.165625 0.3484375 0.11875 0.128125
0 0.20703125 0.2796875 0.1109375 0.125
1 0.26015625 0.24140625 0.0984375 0.1109375
0 0.31796875 0.2 0.1015625 0.128125
0 0.36328125 0.14375 0.1140625 0.121875
1 0.421875 0.09453125 0.090625 0.1078125
0 0.475 0.0484375 0.128125 0.096875
0 0.51953125 0.03046875 0.1171875 0.0609375