0 0.96328125 0.9046875 0.0734375 0.103125
0 0.86875 0.92109375 0.15625 0.1015625
0 0.73515625 0.9421875 0.1671875 0.0875
0 0.58984375 0.95859375 0.1453125 0.0828125
1 0.44921875 0.96796875 0.1515625 0.0640625
1 0.31796875 0.9765625 0.1359375 0.046875
0 0.171875 0.98203125 0.1625 0.0359375
0 0.74453125 0.70703125 0.2484375 0.1046875
1 0.50078125 0.74921875 0.2484375 0.1109375
1 0.721875 0.628125 0.2375 0.096875
0 0.5015625 0.6625 0.253125 0.10625
0 0.7125 0.5546875 0.23125 0.090625
0 0.6921875 0.4921875 0.20625 0.0875
1 0.4796875 0.590625 0.23125 0.0875
1 0.47734375 0.528125 0.2203125 0.084375
1 0.6796875 0.4328125 0.203125 0.084375
1 0.66328125 0.37109375 0.2046875 0.0734375
0 0.484375 0.45546875 0.225 0.0921875
0 0.4625 0.39921875 0.215625 0.0765625
0 0.6515625 0.3171875 0.1875 0.08125
1 0.46328125 0.3421875 0.2015625 0.08125
1 0.64375 0.2625 0.19375 0.075
0 0.45078125 0.28828125 0.1796875 0.0734375
0 0.625 0.21015625 0.175 0.0703125
0 0.609375 0.16796875 0.178125 0.0609375
0 0.60859375 0.12421875 0.1640625 0.0703125
1 0.59765625 0.08359375 0.1484375 0.0546875
1 0.45 0.2484375 0.190625 0.071875
1 0.44140625 0.2046875 0.1703125 0.05625
1 0.43828125 0.16328125 0.1640625 0.0671875
1 0.4390625 0.11484375 0.159375 0.0578125
0 0.11171875 0.8 0.1734375 0.103125
0 0.11171875 0.71484375 0.1890625 0.1046875
0 0.10859375 0.63515625 0.1984375 0.0890625
0 0.11484375 0.5734375 0.2015625 0.075
1 0.1265625 0.50546875 0.20625 0.0796875
1 0.1296875 0.453125 0.19375 0.075
1 0.1296875 0.40234375 0.18125 0.0796875
1 0.128125 0.34609375 0.175 0.0765625
1 0.140625 0.2953125 0.171875 0.065625
0 0.140625 0.2390625 0.171875 0.071875
1 0.13515625 0.1984375 0.1828125 0.065625
1 0.146875 0.15546875 0.159375 0.0578125
0 0.028125 0.16328125 0.05625 0.0578125
0 0.02421875 0.2171875 0.0484375 0.06875
1 0.02578125 0.25625 0.0515625 0.05
0 0.021875 0.29453125 0.04375 0.0546875
0 0.0140625 0.3484375 0.028125 0.059375
0 0.0171875 0.3984375 0.034375 0.059375
0 0.015625 0.4484375 0.03125 0.053125
0 0.009375 0.50390625 0.01875 0.0578125
1 0.95 0.271875 0.065625 0.075
0 0.96015625 0.32734375 0.0546875 0.0796875
0 0.97734375 0.37578125 0.0328125 0.0765625