0 0.1689453125 0.6396484375 0.1435546875 0.3955078125
0 0.201171875 0.2412109375 0.1669921875 0.3701171875
1 0.333984375 0.2548828125 0.1484375 0.306640625
1 0.30859375 0.677734375 0.1513671875 0.365234375
1 0.4365234375 0.69140625 0.1513671875 0.3544921875
0 0.466796875 0.2685546875 0.15625 0.337890625
0 0.611328125 0.314453125 0.150390625 0.365234375
0 0.5693359375 0.6982421875 0.1171875 0.380859375
0 0.701171875 0.716796875 0.1357421875 0.359375
0 0.833984375 0.73828125 0.15625 0.3515625
0 0.953125 0.7529296875 0.0908203125 0.359375
1 0.728515625 0.3212890625 0.1591796875 0.345703125
0 0.865234375 0.328125 0.1591796875 0.34375
0 0.958984375 0.349609375 0.080078125 0.357421875