0 0.0615234375 0.951171875 0.123046875 0.09375
0 0.1064453125 0.908203125 0.15625 0.1220703125
1 0.13671875 0.8583984375 0.1640625 0.1201171875
0 0.1640625 0.8037109375 0.1533203125 0.1015625
0 0.2109375 0.759765625 0.1533203125 0.119140625
1 0.248046875 0.71484375 0.146484375 0.1201171875
0 0.279296875 0.671875 0.166015625 0.103515625
1 0.3056640625 0.6298828125 0.1484375 0.0908203125
0 0.333984375 0.583984375 0.142578125 0.09375
0 0.3828125 0.5322265625 0.119140625 0.095703125
0 0.287109375 0.9609375 0.171875 0.072265625
0 0.330078125 0.900390625 0.177734375 0.109375
0 0.3681640625 0.833984375 0.169921875 0.09375
0 0.396484375 0.8037109375 0.150390625 0.111328125
0 0.412109375 0.7578125 0.138671875 0.087890625
0 0.4443359375 0.705078125 0.158203125 0.1015625
0 0.470703125 0.6630859375 0.1611328125 0.1142578125
1 0.4931640625 0.630859375 0.1640625 0.095703125
0 0.5283203125 0.576171875 0.146484375 0.1142578125
0 0.787109375 0.9619140625 0.181640625 0.0732421875
0 0.80859375 0.9150390625 0.1796875 0.095703125
0 0.826171875 0.865234375 0.158203125 0.09375
1 0.8486328125 0.818359375 0.15625 0.095703125
0 0.865234375 0.767578125 0.1591796875 0.0859375
0 0.884765625 0.724609375 0.177734375 0.0888671875
1 0.8994140625 0.6806640625 0.169921875 0.0859375
0 0.056640625 0.4541015625 0.11328125 0.095703125
0 0.033203125 0.5068359375 0.0654296875 0.0830078125
0 0.173828125 0.2958984375 0.1298828125 0.0859375
1 0.044921875 0.265625 0.0888671875 0.072265625
0 0.4833984375 0.3798828125 0.138671875 0.0908203125
0 0.666015625 0.3720703125 0.1123046875 0.078125
0 0.640625 0.4033203125 0.125 0.09375
1 0.6796875 0.341796875 0.1376953125 0.095703125
0 0.7080078125 0.3046875 0.109375 0.0908203125
0 0.712890625 0.2724609375 0.1328125 0.0888671875
0 0.7333984375 0.24609375 0.1298828125 0.0859375
0 0.7568359375 0.220703125 0.1328125 0.078125
0 0.7705078125 0.193359375 0.125 0.087890625
0 0.783203125 0.1650390625 0.1298828125 0.0732421875
0 0.8046875 0.1416015625 0.1220703125 0.0732421875
1 0.8115234375 0.126953125 0.1328125 0.0625
1 0.82421875 0.1015625 0.1298828125 0.0625
1 0.5029296875 0.333984375 0.150390625 0.0859375
1 0.525390625 0.2958984375 0.15625 0.0859375
0 0.548828125 0.271484375 0.1376953125 0.078125
1 0.564453125 0.2451171875 0.1376953125 0.0654296875
1 0.5869140625 0.2236328125 0.1298828125 0.0625
1 0.607421875 0.1982421875 0.1298828125 0.072265625
1 0.626953125 0.1728515625 0.140625 0.064453125
1 0.638671875 0.1474609375 0.1376953125 0.064453125
1 0.658203125 0.1220703125 0.138671875 0.0625
1 0.6806640625 0.1005859375 0.1328125 0.0703125
0 0.197265625 0.244140625 0.123046875 0.0908203125
0 0.220703125 0.2158203125 0.1328125 0.052734375
0 0.056640625 0.21484375 0.1064453125 0.080078125
1 0.0732421875 0.19921875 0.109375 0.080078125
1 0.111328125 0.1748046875 0.1328125 0.072265625
1 0.1474609375 0.150390625 0.126953125 0.0703125
1 0.169921875 0.126953125 0.1142578125 0.0703125
1 0.1962890625 0.107421875 0.107421875 0.0703125
1 0.267578125 0.2119140625 0.125 0.0546875
1 0.287109375 0.1865234375 0.1484375 0.0390625
1 0.2880859375 0.1640625 0.1298828125 0.041015625
1 0.3115234375 0.130859375 0.123046875 0.033203125
0 0.349609375 0.0986328125 0.1298828125 0.0654296875
1 0.369140625 0.0732421875 0.1484375 0.0654296875
0 0.955078125 0.47265625 0.087890625 0.0546875
0 0.9580078125 0.4306640625 0.083984375 0.064453125