0 0.228515625 0.30859375 0.1220703125 0.3388671875
1 0.234375 0.71875 0.1123046875 0.333984375
0 0.3505859375 0.30859375 0.1201171875 0.330078125
0 0.470703125 0.310546875 0.1064453125 0.34375
0 0.576171875 0.3193359375 0.1142578125 0.330078125
1 0.6923828125 0.322265625 0.1220703125 0.3388671875
1 0.8115234375 0.3173828125 0.1142578125 0.3408203125
0 0.9228515625 0.3125 0.111328125 0.337890625
1 0.349609375 0.7177734375 0.111328125 0.3515625
0 0.462890625 0.7060546875 0.125 0.333984375
0 0.58203125 0.7109375 0.111328125 0.333984375
0 0.6943359375 0.7177734375 0.1142578125 0.3515625
1 0.806640625 0.7158203125 0.119140625 0.3408203125
1 0.9208984375 0.716796875 0.1171875 0.3388671875