0 0.962890625 0.904296875 0.0732421875 0.103515625
0 0.869140625 0.9208984375 0.15625 0.1015625
0 0.7353515625 0.9423828125 0.1669921875 0.087890625
0 0.5888671875 0.9580078125 0.146484375 0.083984375
1 0.44921875 0.9677734375 0.1513671875 0.064453125
1 0.318359375 0.9765625 0.1357421875 0.046875
0 0.1708984375 0.9814453125 0.162109375 0.037109375
0 0.744140625 0.70703125 0.248046875 0.1044921875
1 0.5009765625 0.7490234375 0.248046875 0.111328125
1 0.7216796875 0.6279296875 0.2373046875 0.0966796875
0 0.501953125 0.662109375 0.2529296875 0.1064453125
0 0.712890625 0.5546875 0.2314453125 0.0908203125
0 0.6923828125 0.4921875 0.2060546875 0.087890625
1 0.4794921875 0.5908203125 0.2314453125 0.087890625
1 0.4775390625 0.5283203125 0.220703125 0.083984375
1 0.6796875 0.4326171875 0.203125 0.083984375
1 0.6630859375 0.37109375 0.205078125 0.0732421875
0 0.484375 0.455078125 0.224609375 0.091796875
0 0.462890625 0.3994140625 0.2158203125 0.076171875
0 0.6513671875 0.3173828125 0.1875 0.0810546875
1 0.462890625 0.341796875 0.201171875 0.0810546875
1 0.6435546875 0.2626953125 0.193359375 0.0751953125
0 0.451171875 0.2880859375 0.1796875 0.0732421875
0 0.625 0.2099609375 0.1748046875 0.0703125
0 0.609375 0.16796875 0.177734375 0.060546875
0 0.6083984375 0.1240234375 0.1640625 0.0703125
1 0.59765625 0.083984375 0.1484375 0.0546875
1 0.4501953125 0.248046875 0.1904296875 0.072265625
1 0.44140625 0.205078125 0.169921875 0.056640625
1 0.4384765625 0.1630859375 0.1640625 0.0673828125
1 0.439453125 0.115234375 0.1591796875 0.0576171875
0 0.111328125 0.7998046875 0.173828125 0.103515625
0 0.111328125 0.71484375 0.189453125 0.1044921875
0 0.1083984375 0.634765625 0.1982421875 0.0888671875
0 0.115234375 0.5732421875 0.201171875 0.0751953125
1 0.126953125 0.505859375 0.2060546875 0.080078125
1 0.1298828125 0.453125 0.193359375 0.0751953125
1 0.1298828125 0.40234375 0.181640625 0.080078125
1 0.1279296875 0.345703125 0.1748046875 0.076171875
1 0.140625 0.294921875 0.171875 0.0654296875
0 0.140625 0.2392578125 0.171875 0.072265625
1 0.134765625 0.1982421875 0.1826171875 0.0654296875
1 0.146484375 0.1552734375 0.1591796875 0.0576171875
0 0.0283203125 0.1630859375 0.056640625 0.0576171875
0 0.0244140625 0.216796875 0.048828125 0.068359375
1 0.025390625 0.2548828125 0.05078125 0.048828125
0 0.021484375 0.294921875 0.04296875 0.0546875
0 0.013671875 0.34765625 0.02734375 0.05859375
0 0.017578125 0.3984375 0.0341796875 0.0595703125
0 0.015625 0.4482421875 0.03125 0.052734375
0 0.009765625 0.50390625 0.0185546875 0.0576171875
1 0.9501953125 0.271484375 0.0654296875 0.0751953125
0 0.9599609375 0.3271484375 0.0546875 0.080078125
0 0.9775390625 0.3759765625 0.033203125 0.076171875