0 0.708984375 0.814453125 0.099609375 0.0732421875
0 0.703125 0.751953125 0.1064453125 0.0625
0 0.69140625 0.697265625 0.091796875 0.0419921875
0 0.67578125 0.65625 0.0859375 0.046875
0 0.6640625 0.61328125 0.0810546875 0.048828125
0 0.359375 0.779296875 0.087890625 0.1220703125
0 0.3193359375 0.7294921875 0.080078125 0.109375
0 0.283203125 0.689453125 0.0830078125 0.1015625
0 0.2451171875 0.65625 0.078125 0.0908203125
0 0.3046875 0.41796875 0.056640625 0.0576171875
0 0.3349609375 0.4013671875 0.064453125 0.052734375
0 0.3662109375 0.380859375 0.048828125 0.0517578125
0 0.3994140625 0.359375 0.048828125 0.056640625
0 0.55859375 0.216796875 0.0390625 0.0205078125
1 0.556640625 0.2314453125 0.0517578125 0.025390625
0 0.5576171875 0.248046875 0.046875 0.03125
0 0.5634765625 0.259765625 0.064453125 0.025390625
0 0.5673828125 0.271484375 0.0654296875 0.0283203125
0 0.57421875 0.2880859375 0.060546875 0.0234375
0 0.57421875 0.30078125 0.0546875 0.029296875
0 0.5771484375 0.30859375 0.0517578125 0.033203125
0 0.587890625 0.3330078125 0.056640625 0.041015625