1 0.2880859375 0.103515625 0.248046875 0.1845703125
0 0.5625 0.0888671875 0.28125 0.177734375
0 0.6533203125 0.9619140625 0.271484375 0.076171875
0 0.35546875 0.9765625 0.2861328125 0.046875
0 0.3427734375 0.8603515625 0.3017578125 0.2294921875
0 0.634765625 0.83203125 0.298828125 0.2109375
0 0.326171875 0.666015625 0.294921875 0.205078125
0 0.6201171875 0.640625 0.291015625 0.212890625
0 0.5947265625 0.44140625 0.2890625 0.201171875
1 0.306640625 0.4794921875 0.291015625 0.228515625
1 0.2958984375 0.287109375 0.279296875 0.197265625
1 0.5771484375 0.25 0.2861328125 0.203125