0 0.6552734375 0.0458984375 0.1962890625 0.091796875
0 0.7119140625 0.1005859375 0.2001953125 0.1591796875
0 0.765625 0.1572265625 0.19140625 0.1396484375
1 0.802734375 0.23828125 0.1728515625 0.08203125
0 0.88671875 0.310546875 0.1796875 0.1669921875
0 0.9267578125 0.388671875 0.146484375 0.17578125
0 0.701171875 0.6884765625 0.2568359375 0.1875
0 0.630859375 0.5810546875 0.251953125 0.1875
1 0.5673828125 0.5 0.2392578125 0.19921875
1 0.5078125 0.4208984375 0.248046875 0.146484375
1 0.44140625 0.345703125 0.248046875 0.146484375
1 0.3935546875 0.2626953125 0.248046875 0.146484375
1 0.3369140625 0.201171875 0.2265625 0.14453125
1 0.2841796875 0.138671875 0.2265625 0.14453125
0 0.2265625 0.06640625 0.2109375 0.12890625
0 0.08203125 0.1396484375 0.1640625 0.119140625
1 0.10546875 0.212890625 0.171875 0.1220703125
0 0.1513671875 0.2705078125 0.212890625 0.1171875
1 0.1904296875 0.3515625 0.2353515625 0.1552734375
1 0.251953125 0.4404296875 0.2392578125 0.1396484375
0 0.3076171875 0.5009765625 0.279296875 0.1416015625
1 0.357421875 0.6083984375 0.2763671875 0.1630859375
0 0.4306640625 0.6923828125 0.251953125 0.173828125
0 0.5048828125 0.78125 0.279296875 0.2158203125