0 0.38671875 0.0576171875 0.3212890625 0.1005859375
0 0.3720703125 0.125 0.2861328125 0.0888671875
0 0.388671875 0.216796875 0.306640625 0.1083984375
0 0.3857421875 0.302734375 0.2822265625 0.09765625
0 0.4052734375 0.39453125 0.3173828125 0.09765625
0 0.37890625 0.4853515625 0.3408203125 0.095703125
0 0.3828125 0.58203125 0.3544921875 0.1025390625
0 0.3896484375 0.6865234375 0.3671875 0.1025390625
0 0.4111328125 0.7939453125 0.3349609375 0.1123046875
0 0.6865234375 0.3046875 0.3271484375 0.1083984375
0 0.7490234375 0.6865234375 0.3779296875 0.1064453125
0 0.7763671875 0.9091796875 0.3916015625 0.126953125
1 0.4189453125 0.9072265625 0.337890625 0.1240234375
1 0.7509765625 0.7939453125 0.3623046875 0.1123046875
1 0.708984375 0.5849609375 0.318359375 0.1015625
1 0.6904296875 0.4912109375 0.306640625 0.1005859375
1 0.681640625 0.3994140625 0.3017578125 0.08984375
1 0.6708984375 0.2216796875 0.3125 0.0673828125
1 0.646484375 0.150390625 0.2783203125 0.0810546875
1 0.642578125 0.072265625 0.2724609375 0.0810546875