1 0.126953125 0.0859375 0.2431640625 0.1318359375
0 0.5087890625 0.2255859375 0.298828125 0.275390625
0 0.8955078125 0.501953125 0.2080078125 0.263671875
0 0.0517578125 0.2177734375 0.103515625 0.130859375
0 0.1123046875 0.3583984375 0.224609375 0.15234375
0 0.216796875 0.4814453125 0.359375 0.2900390625
0 0.3994140625 0.5537109375 0.337890625 0.369140625
0 0.56640625 0.65234375 0.3330078125 0.3818359375
0 0.7548828125 0.7666015625 0.3291015625 0.435546875
0 0.873046875 0.794921875 0.25390625 0.4091796875
1 0.2470703125 0.1318359375 0.296875 0.19140625
1 0.330078125 0.2041015625 0.287109375 0.1923828125
1 0.6728515625 0.326171875 0.3388671875 0.2255859375
1 0.7568359375 0.3935546875 0.37890625 0.2265625
1 0.927734375 0.046875 0.14453125 0.0927734375
1 0.0771484375 0.0615234375 0.1318359375 0.1123046875