0 0.158203125 0.2958984375 0.0478515625 0.1240234375
1 0.20703125 0.2890625 0.037109375 0.1220703125
1 0.2529296875 0.2900390625 0.0380859375 0.1240234375
1 0.298828125 0.291015625 0.041015625 0.125
0 0.34375 0.2919921875 0.041015625 0.1240234375
0 0.3896484375 0.28515625 0.04296875 0.1435546875
0 0.435546875 0.2919921875 0.0439453125 0.1328125
1 0.4794921875 0.2939453125 0.0458984375 0.123046875
1 0.525390625 0.296875 0.0458984375 0.1259765625
1 0.5693359375 0.296875 0.0458984375 0.1240234375
0 0.61328125 0.29296875 0.041015625 0.134765625
0 0.6591796875 0.296875 0.048828125 0.1259765625
0 0.7509765625 0.294921875 0.0537109375 0.1298828125
0 0.8408203125 0.2978515625 0.0537109375 0.125
0 0.931640625 0.3017578125 0.060546875 0.1259765625
1 0.7060546875 0.294921875 0.05078125 0.123046875
1 0.7939453125 0.298828125 0.0556640625 0.126953125
1 0.8896484375 0.3017578125 0.046875 0.1318359375
1 0.97265625 0.298828125 0.0546875 0.1259765625
1 0.21875 0.5927734375 0.0517578125 0.1494140625
1 0.2705078125 0.59375 0.0439453125 0.146484375
0 0.3193359375 0.5927734375 0.04296875 0.1435546875
0 0.3671875 0.591796875 0.0498046875 0.14453125
1 0.416015625 0.59375 0.04296875 0.1455078125
1 0.46484375 0.591796875 0.048828125 0.146484375
0 0.5126953125 0.5908203125 0.0478515625 0.1494140625
1 0.5615234375 0.5927734375 0.0498046875 0.14453125
0 0.609375 0.5947265625 0.0498046875 0.14453125
1 0.6572265625 0.5947265625 0.0556640625 0.1455078125
1 0.70703125 0.5947265625 0.0556640625 0.1435546875
1 0.7568359375 0.595703125 0.0546875 0.1484375
1 0.8037109375 0.595703125 0.0546875 0.1455078125
0 0.8515625 0.595703125 0.0625 0.1435546875
1 0.900390625 0.5986328125 0.0556640625 0.146484375
0 0.947265625 0.59765625 0.0654296875 0.1474609375
0 0.2080078125 0.7421875 0.05078125 0.1533203125
0 0.2607421875 0.7421875 0.0517578125 0.154296875
1 0.3115234375 0.744140625 0.044921875 0.1513671875
0 0.359375 0.7490234375 0.0546875 0.1630859375
1 0.4140625 0.74609375 0.046875 0.158203125
1 0.4619140625 0.7470703125 0.0546875 0.1533203125
1 0.5126953125 0.74609375 0.0498046875 0.154296875
1 0.5625 0.744140625 0.0537109375 0.1552734375
0 0.6123046875 0.744140625 0.052734375 0.1552734375
1 0.662109375 0.74609375 0.0556640625 0.15625
1 0.712890625 0.74609375 0.0546875 0.1533203125
0 0.763671875 0.7470703125 0.0576171875 0.1552734375
1 0.8125 0.75 0.0537109375 0.16015625
0 0.8671875 0.751953125 0.056640625 0.1650390625
1 0.9140625 0.751953125 0.060546875 0.1572265625
1 0.9638671875 0.7568359375 0.06640625 0.1708984375