1 0.70703125 0.408203125 0.0693359375 0.2412109375
1 0.78125 0.4072265625 0.0703125 0.2431640625
0 0.1171875 0.40625 0.0703125 0.2509765625
0 0.1923828125 0.4169921875 0.0673828125 0.2568359375
0 0.2646484375 0.4169921875 0.0703125 0.2626953125
0 0.3408203125 0.4130859375 0.0810546875 0.2509765625
0 0.416015625 0.4130859375 0.0732421875 0.2548828125
0 0.4912109375 0.4140625 0.0810546875 0.26171875
0 0.56640625 0.4130859375 0.0703125 0.2646484375
0 0.63671875 0.4033203125 0.0732421875 0.2490234375
0 0.857421875 0.4111328125 0.0751953125 0.24609375