1 0.1474609375 0.1640625 0.0869140625 0.0546875
1 0.251953125 0.2314453125 0.1044921875 0.076171875
1 0.1513671875 0.919921875 0.091796875 0.064453125
1 0.2451171875 0.8486328125 0.099609375 0.064453125
1 0.48828125 0.78125 0.087890625 0.0869140625
1 0.5830078125 0.84375 0.099609375 0.064453125
1 0.5791015625 0.435546875 0.095703125 0.0791015625
1 0.814453125 0.1689453125 0.10546875 0.072265625
1 0.8154296875 0.23046875 0.0986328125 0.0703125
1 0.916015625 0.2265625 0.0966796875 0.072265625
1 0.81640625 0.2978515625 0.0966796875 0.0673828125
1 0.9150390625 0.3623046875 0.0986328125 0.0791015625
1 0.818359375 0.43359375 0.09765625 0.07421875
1 0.8173828125 0.50390625 0.0947265625 0.07421875
1 0.91796875 0.5048828125 0.0947265625 0.080078125
1 0.8173828125 0.5703125 0.091796875 0.078125
1 0.9169921875 0.640625 0.091796875 0.07421875
1 0.916015625 0.70703125 0.09375 0.068359375
1 0.8203125 0.779296875 0.0927734375 0.0615234375
0 0.1484375 0.2265625 0.1005859375 0.072265625
0 0.1484375 0.2978515625 0.1005859375 0.0673828125
0 0.25390625 0.298828125 0.1103515625 0.0712890625
0 0.1455078125 0.36328125 0.09375 0.0634765625
0 0.2451171875 0.3671875 0.0986328125 0.0673828125
0 0.1513671875 0.43359375 0.10546875 0.0751953125
0 0.2529296875 0.4365234375 0.103515625 0.0703125
0 0.142578125 0.5068359375 0.109375 0.072265625
0 0.25 0.5107421875 0.1005859375 0.0673828125
0 0.1416015625 0.5791015625 0.1044921875 0.0625
0 0.2392578125 0.578125 0.099609375 0.056640625
0 0.134765625 0.640625 0.1025390625 0.0732421875
0 0.2373046875 0.6455078125 0.1044921875 0.078125
0 0.1337890625 0.71875 0.1240234375 0.072265625
0 0.2451171875 0.71484375 0.0986328125 0.0625
0 0.146484375 0.7861328125 0.099609375 0.0654296875
0 0.248046875 0.7900390625 0.1015625 0.0634765625
0 0.150390625 0.8486328125 0.09375 0.0732421875
0 0.2470703125 0.9169921875 0.0986328125 0.07421875
0 0.2490234375 0.1611328125 0.109375 0.060546875
0 0.474609375 0.158203125 0.1123046875 0.06640625
0 0.5888671875 0.158203125 0.111328125 0.0625
0 0.4775390625 0.2294921875 0.1025390625 0.07421875
0 0.583984375 0.23046875 0.1005859375 0.0654296875
0 0.470703125 0.298828125 0.09375 0.06640625
0 0.5771484375 0.2958984375 0.1123046875 0.0654296875
0 0.474609375 0.3720703125 0.0986328125 0.0732421875
0 0.580078125 0.3671875 0.1044921875 0.0712890625
0 0.4794921875 0.439453125 0.107421875 0.07421875
0 0.4814453125 0.5068359375 0.1044921875 0.060546875
0 0.5830078125 0.505859375 0.103515625 0.0634765625
0 0.478515625 0.572265625 0.095703125 0.05859375
0 0.5810546875 0.5712890625 0.10546875 0.0595703125
0 0.47265625 0.640625 0.1015625 0.0634765625
0 0.578125 0.6416015625 0.095703125 0.060546875
0 0.4833984375 0.7109375 0.0947265625 0.05859375
0 0.583984375 0.7138671875 0.0966796875 0.064453125
0 0.5869140625 0.7822265625 0.0966796875 0.0576171875
0 0.486328125 0.8515625 0.09375 0.064453125
0 0.9189453125 0.1591796875 0.103515625 0.0634765625
0 0.919921875 0.2900390625 0.107421875 0.06640625
0 0.814453125 0.359375 0.1025390625 0.06640625
0 0.921875 0.427734375 0.1083984375 0.0625
0 0.91796875 0.5751953125 0.0986328125 0.0634765625
0 0.8193359375 0.6435546875 0.1044921875 0.0673828125
0 0.81640625 0.71484375 0.103515625 0.072265625
0 0.92578125 0.7802734375 0.115234375 0.0771484375