0 0.4052734375 0.23828125 0.0595703125 0.1904296875
0 0.45703125 0.2412109375 0.0458984375 0.2119140625
0 0.5068359375 0.2314453125 0.0595703125 0.1884765625
0 0.611328125 0.244140625 0.0400390625 0.1669921875
0 0.486328125 0.673828125 0.06640625 0.173828125
0 0.537109375 0.66796875 0.0546875 0.1953125
0 0.6181640625 0.658203125 0.060546875 0.1962890625
0 0.4384765625 0.86328125 0.0732421875 0.2177734375
0 0.619140625 0.8642578125 0.06640625 0.23046875
1 0.5615234375 0.259765625 0.046875 0.1962890625
1 0.4326171875 0.666015625 0.046875 0.1806640625
1 0.5 0.869140625 0.041015625 0.1982421875
1 0.552734375 0.869140625 0.052734375 0.1884765625