1 0.416015625 0.337890625 0.0947265625 0.10546875
1 0.59375 0.33984375 0.091796875 0.12109375
1 0.59765625 0.443359375 0.1025390625 0.109375
1 0.59765625 0.6640625 0.107421875 0.115234375
1 0.4189453125 0.55078125 0.09765625 0.1171875
1 0.4150390625 0.8818359375 0.091796875 0.11328125
1 0.5927734375 0.765625 0.0947265625 0.123046875
1 0.59375 0.87890625 0.0888671875 0.1142578125
0 0.41796875 0.43359375 0.111328125 0.1181640625
0 0.41796875 0.6552734375 0.1142578125 0.1025390625
0 0.4111328125 0.765625 0.10546875 0.123046875
0 0.5947265625 0.5498046875 0.0966796875 0.115234375