0 0.2216796875 0.1865234375 0.1513671875 0.2509765625
0 0.3837890625 0.1953125 0.1650390625 0.240234375
0 0.52734375 0.1796875 0.1552734375 0.2265625
0 0.8310546875 0.181640625 0.142578125 0.20703125
0 0.46484375 0.66015625 0.1552734375 0.2177734375
0 0.83984375 0.671875 0.2158203125 0.236328125
0 0.33203125 0.8837890625 0.1865234375 0.232421875
0 0.80078125 0.8876953125 0.2119140625 0.2158203125
1 0.30859375 0.673828125 0.177734375 0.2509765625
1 0.640625 0.6708984375 0.1767578125 0.2197265625
1 0.50390625 0.8857421875 0.171875 0.2275390625
1 0.6552734375 0.8828125 0.1884765625 0.234375
1 0.6982421875 0.197265625 0.1748046875 0.2099609375