1 0.416015625 0.33203125 0.0830078125 0.087890625
1 0.4140625 0.4296875 0.0810546875 0.1025390625
1 0.4130859375 0.537109375 0.083984375 0.10546875
1 0.4140625 0.859375 0.0830078125 0.1142578125
1 0.5947265625 0.6484375 0.0869140625 0.115234375
1 0.5947265625 0.7548828125 0.087890625 0.107421875
1 0.595703125 0.8671875 0.091796875 0.12109375
1 0.5986328125 0.4296875 0.1015625 0.1025390625
1 0.59375 0.3271484375 0.0966796875 0.099609375
0 0.4111328125 0.6474609375 0.09375 0.1171875
0 0.408203125 0.7548828125 0.0888671875 0.1142578125
0 0.5947265625 0.54296875 0.0947265625 0.109375