0 0.4013671875 0.240234375 0.0458984375 0.2177734375
0 0.4599609375 0.244140625 0.0546875 0.2490234375
0 0.5078125 0.23828125 0.05078125 0.236328125
0 0.6171875 0.25 0.076171875 0.2119140625
0 0.486328125 0.697265625 0.056640625 0.2099609375
0 0.5380859375 0.6884765625 0.05078125 0.224609375
0 0.615234375 0.6982421875 0.0673828125 0.22265625
0 0.4482421875 0.89453125 0.0771484375 0.2060546875
0 0.6103515625 0.8994140625 0.068359375 0.2001953125
1 0.4326171875 0.681640625 0.0625 0.205078125
1 0.5595703125 0.2470703125 0.0556640625 0.2216796875
1 0.4990234375 0.88671875 0.0546875 0.2255859375
1 0.552734375 0.8837890625 0.05859375 0.232421875