1 0.591796875 0.3408203125 0.0830078125 0.09375
1 0.591796875 0.4404296875 0.08203125 0.1044921875
1 0.4130859375 0.337890625 0.08203125 0.08984375
1 0.4130859375 0.4404296875 0.08203125 0.10546875
1 0.4140625 0.546875 0.0830078125 0.1064453125
1 0.591796875 0.6572265625 0.0849609375 0.109375
1 0.591796875 0.765625 0.0830078125 0.1083984375
1 0.5927734375 0.876953125 0.0849609375 0.1123046875
1 0.4111328125 0.875 0.0830078125 0.1083984375
0 0.591796875 0.546875 0.0830078125 0.1083984375
0 0.4072265625 0.654296875 0.09375 0.1123046875
0 0.40625 0.7646484375 0.091796875 0.109375