0 0.4033203125 0.244140625 0.04296875 0.2080078125
0 0.4501953125 0.2431640625 0.046875 0.2158203125
0 0.505859375 0.255859375 0.052734375 0.203125
0 0.556640625 0.259765625 0.0546875 0.2333984375
0 0.611328125 0.2509765625 0.0576171875 0.21484375
0 0.4853515625 0.7021484375 0.0517578125 0.1904296875
0 0.5361328125 0.70703125 0.05078125 0.2001953125
0 0.62109375 0.7060546875 0.0537109375 0.19140625
0 0.44140625 0.892578125 0.0546875 0.21484375
0 0.6083984375 0.8984375 0.056640625 0.203125
1 0.43359375 0.689453125 0.05859375 0.1982421875
1 0.4990234375 0.9033203125 0.044921875 0.193359375
1 0.556640625 0.9072265625 0.046875 0.185546875