0 0.513671875 0.5467141544117647 0.515625 0.5419806985294118 0.515625 0.4899126838235294 0.51171875 0.4709788602941177 0.4970703125 0.4354779411764706 0.4638671875 0.4354779411764706 0.447265625 0.4757123161764706 0.4453125 0.4993795955882353 0.455078125 0.523046875 0.4599609375 0.5490808823529412 0.4638671875 0.5396139705882353 0.4736328125 0.5348805147058824 0.4990234375 0.5348805147058824 0.5087890625 0.5490808823529412
0 0.58203125 0.5419806985294118 0.587890625 0.527780330882353 0.58984375 0.49464613970588234 0.5859375 0.4662454044117647 0.5771484375 0.44494485294117647 0.5322265625 0.4354779411764706 0.5283203125 0.44967830882352944 0.515625 0.4662454044117647 0.517578125 0.5088465073529411 0.5263671875 0.5112132352941177 0.529296875 0.5325137867647058 0.5341796875 0.5443474264705882 0.5458984375 0.5301470588235294 0.5634765625 0.5301470588235294 0.5751953125 0.5443474264705882
0 0.650390625 0.5419806985294118 0.658203125 0.523046875 0.66015625 0.4993795955882353 0.654296875 0.4709788602941177 0.6396484375 0.44494485294117647 0.6318359375 0.4354779411764706 0.5927734375 0.4354779411764706 0.583984375 0.44731158088235295 0.591796875 0.4993795955882353 0.58984375 0.523046875 0.5986328125 0.5443474264705882 0.6123046875 0.5301470588235294 0.6318359375 0.5301470588235294 0.6396484375 0.5348805147058824 0.6435546875 0.5443474264705882
0 0.689453125 0.5325137867647058 0.6923828125 0.5206801470588235 0.7216796875 0.5301470588235294 0.7294921875 0.5301470588235294 0.732421875 0.523046875 0.734375 0.48517922794117646 0.7236328125 0.4402113970588235 0.7119140625 0.4260110294117647 0.6708984375 0.4260110294117647 0.65625 0.44731158088235295 0.654296875 0.4709788602941177 0.658203125 0.48044577205882355 0.66015625 0.5041130514705883 0.6630859375 0.5112132352941177 0.6787109375 0.5159466911764706 0.6826171875 0.5348805147058824
0 0.83984375 0.5183134191176471 0.8544921875 0.5064797794117647 0.859375 0.4899126838235294 0.853515625 0.45677849264705883 0.8388671875 0.4260110294117647 0.8115234375 0.41654411764705884 0.7685546875 0.42127757352941175 0.7529296875 0.4354779411764706 0.7490234375 0.44494485294117647 0.7431640625 0.44494485294117647 0.734375 0.46151194852941174 0.734375 0.48044577205882355 0.7431640625 0.4970128676470588 0.7568359375 0.4922794117647059 0.7724609375 0.5017463235294117 0.7880859375 0.5017463235294117 0.7998046875 0.5206801470588235 0.8037109375 0.5206801470588235 0.8115234375 0.5064797794117647 0.8291015625 0.5112132352941177 0.8330078125 0.5206801470588235
0 0.896484375 0.5135799632352941 0.9169921875 0.5017463235294117 0.919921875 0.49464613970588234 0.919921875 0.46151194852941174 0.9111328125 0.4402113970588235 0.8994140625 0.4260110294117647 0.8720703125 0.4260110294117647 0.8701171875 0.42127757352941175 0.8525390625 0.4260110294117647 0.8466796875 0.42127757352941175 0.841796875 0.4283777573529412 0.85546875 0.46151194852941174 0.857421875 0.5041130514705883 0.8603515625 0.5112132352941177 0.8818359375 0.5017463235294117 0.8857421875 0.5112132352941177
0 1 0.8922564338235294 0.9990234375 0.5964154411764706 0.9365234375 0.6106158088235294 0.9013671875 0.6295496323529411 0.8466796875 0.6248161764705882 0.8271484375 0.6342830882352941 0.810546875 0.6650505514705882 0.80859375 0.6981847426470589 0.8125 0.7265854779411764 0.8193359375 0.7384191176470588 0.8271484375 0.7384191176470588 0.830078125 0.7597196691176471 0.8486328125 0.7952205882352941 0.8642578125 0.7952205882352941 0.8701171875 0.7857536764705882 0.8798828125 0.7857536764705882 0.9189453125 0.8236213235294118 0.9248046875 0.8236213235294118 0.9482421875 0.8520220588235294 0.9755859375 0.8709558823529412 0.9794921875 0.880422794117647
0 0.515625 0.46151194852941174 0.5205078125 0.4591452205882353 0.5263671875 0.4402113970588235 0.5361328125 0.43074448529411763 0.537109375 0.42364430147058824 0.5263671875 0.4118106617647059 0.5048828125 0.41654411764705884 0.5 0.4283777573529412 0.5 0.4378446691176471 0.5107421875 0.4638786764705882
0 0.447265625 0.4757123161764706 0.447265625 0.4662454044117647 0.4599609375 0.4354779411764706 0.4814453125 0.43074448529411763 0.482421875 0.41891084558823527 0.4755859375 0.40234375 0.4599609375 0.40234375 0.4560546875 0.3928768382352941 0.447265625 0.41417738970588236 0.443359375 0.4378446691176471 0.443359375 0.4709788602941177
0 0.580078125 0.4378446691176471 0.5849609375 0.4354779411764706 0.587890625 0.41891084558823527 0.5771484375 0.40234375 0.5498046875 0.40234375 0.541015625 0.41891084558823527 0.5419921875 0.43074448529411763 0.5556640625 0.43074448529411763 0.5615234375 0.4402113970588235
1 0.8341852425937589 0.5366001496808959 0.7614424410540915 0.4991596638655462 0.7350901525658807 0.5025210084033613 0.7312542628152122 0.533010851020823 0.747175241701822 0.5455733963310779 0.7941976677157624 0.541086773005987