0 0.55859375 0.35091889554042177 0.5673828125 0.3264361818980668 0.5751953125 0.3209955788664323 0.5986328125 0.3155549758347979 0.6005859375 0.31011437280316345 0.6064453125 0.3209955788664323 0.611328125 0.2965128652240773 0.611328125 0.26386924703427067 0.5869140625 0.2230647242970123 0.5771484375 0.21762412126537786 0.5673828125 0.21762412126537786 0.5654296875 0.2121835182337434 0.5595703125 0.21762412126537786 0.5556640625 0.2121835182337434 0.5537109375 0.21762412126537786 0.5341796875 0.21762412126537786 0.5302734375 0.2230647242970123 0.517578125 0.2584286440026362 0.515625 0.3182752773506151 0.5205078125 0.3373173879613357 0.5419921875 0.33187678492970124 0.5498046875 0.34819859402460457
0 0.224609375 0.5413400016476274 0.2373046875 0.5277384940685413 0.2470703125 0.5277384940685413 0.2607421875 0.5168572880052724 0.2744140625 0.5168572880052724 0.2900390625 0.5059760819420035 0.3115234375 0.5059760819420035 0.31640625 0.49237457436291737 0.318359375 0.4814933682996485 0.31640625 0.47605276526801404 0.318359375 0.4651715592047452 0.318359375 0.40532492585676627 0.314453125 0.3835625137302285 0.30859375 0.37268130766695956 0.296875 0.3237158803822496 0.2841796875 0.28835196067662566 0.2763671875 0.27747075461335674 0.2705078125 0.2829113576449912 0.2138671875 0.28835196067662566 0.203125 0.3237158803822496 0.203125 0.3400376894771529 0.1953125 0.35635949857205623 0.201171875 0.4434091470782074 0.20703125 0.47061216223637964 0.208984375 0.5250181925527241 0.2138671875 0.5440603031634447
0 0.177734375 0.3835625137302285 0.1904296875 0.3808422122144112 0.1953125 0.36724070463532515 0.1953125 0.35091889554042177 0.19921875 0.3400376894771529 0.19921875 0.3182752773506151 0.2041015625 0.3155549758347979 0.2138671875 0.2829113576449912 0.23046875 0.280191056129174 0.228515625 0.24754743793936732 0.2177734375 0.21762412126537786 0.1845703125 0.21762412126537786 0.173828125 0.24210683490773285 0.1689453125 0.2665895485500879 0.1630859375 0.2665895485500879 0.16015625 0.27475045309753954 0.16796875 0.29107226219244287 0.1640625 0.329156483413884 0.1640625 0.37268130766695956 0.1689453125 0.3862828152460457
0 0.4609375 0.2965128652240773 0.4658203125 0.28835196067662566 0.4765625 0.28563165916080846 0.4814453125 0.21762412126537786 0.484375 0.2203444227811951 0.490234375 0.24754743793936732 0.4931640625 0.2829113576449912 0.5107421875 0.2829113576449912 0.515625 0.26386924703427067 0.515625 0.24754743793936732 0.5087890625 0.22850532732864676 0.5029296875 0.22850532732864676 0.4931640625 0.20674291520210897 0.4814453125 0.19586170913884007 0.4443359375 0.2013023121704745 0.431640625 0.24210683490773285 0.431640625 0.2693098500659051 0.4404296875 0.2937925637082601 0.4521484375 0.2829113576449912
0 0.0703125 0.29107226219244287 0.0732421875 0.2829113576449912 0.0830078125 0.2829113576449912 0.0849609375 0.27747075461335674 0.1142578125 0.2829113576449912 0.119140625 0.2693098500659051 0.1171875 0.23122562884446396 0.1044921875 0.2013023121704745 0.0712890625 0.2013023121704745 0.064453125 0.21490381974956063 0.0625 0.23122562884446396 0.0625 0.280191056129174 0.0654296875 0.2937925637082601
0 0.3203125 0.24210683490773285 0.322265625 0.22578502581282953 0.3203125 0.1985820106546573 0.3134765625 0.17409929701230228 0.2900390625 0.17409929701230228 0.279296875 0.21490381974956063 0.279296875 0.23122562884446396 0.2841796875 0.24482713642355008 0.2861328125 0.23938653339191565 0.2958984375 0.24482713642355008 0.3115234375 0.2339459303602812 0.3154296875 0.2339459303602812 0.3173828125 0.24482713642355008
0 0.001953125 0.41620613192003514 0.0126953125 0.4080452273725835 0.0322265625 0.41348583040421794 0.03515625 0.3998843228251318 0.03515625 0.37268130766695956 0.046875 0.37268130766695956 0.046875 0.329156483413884 0.0390625 0.280191056129174 0.0302734375 0.2611489455184534 0.0224609375 0.2611489455184534 0.0146484375 0.2339459303602812 0.0107421875 0.23938653339191565 0.0068359375 0.2339459303602812 0 0.23666623187609842 0 0.41620613192003514
1 0.8951980371538731 0.6483108767818786 0.9491763056431827 0.4335090802577622 0.7886435331230284 0.3671157976957626 0.6947073256221521 0.5155243116578793
1 0.590956887486856 0.43350908025776214 0.6905012267788295 0.34563561804335097 0.7998597967052226 0.3827377465338802 0.708727655099895 0.531146260495997
1 0.5229582895198037 0.39054872095293897 0.5958640028040659 0.4510837727006444 0.6926042762004907 0.3514938488576452 0.6225026288117772 0.31829720757664526
1 0.17315106905012273 0.6658855692247608 0.17875920084121982 0.4120289006053505 0.0049071153172099684 0.47061120874829143 0.002103049421661415 0.792813903534466
1 0.02804065895548548 0.4393673110720564 0.06799859796705225 0.33977738722905687 0.16473887136347706 0.3163444639718806 0.16263582194181564 0.3944542081624683 0.02804065895548546 0.4452255418863504