1 0.719582324455206 0.8090828924162258 0.7422820823244553 0.568783068783069 0.6287832929782082 0.5246913580246917 0.5485774818401937 0.685626102292769
1 0.6439164648910412 0.49382716049382713 0.6756961259079903 0.4519400352733688 0.7392554479418886 0.4673721340388006 0.7301755447941889 0.5114638447971781 0.7415254237288137 0.5445326278659613
1 0.44642857142857145 0.6150793650793652 0.5508474576271186 0.4894179894179894 0.637863196125908 0.5335097001763669 0.5599273607748184 0.7032627865961202 0.44794188861985473 0.6216931216931217
1 0.38286924939467315 0.564373897707231 0.48274818401937053 0.47619047619047616 0.5576573849878935 0.5048500881834215 0.45096852300242135 0.634920634920635
1 0.32384987893462475 0.5335097001763669 0.43053874092009686 0.45634920634920634 0.490314769975787 0.4828042328042328 0.38816585956416466 0.5842151675485009 0.3238498789346247 0.5379188712522046
0 0.90625 0.7995273919753086 0.9130859375 0.790991512345679 0.91796875 0.7710744598765432 0.92578125 0.7141685956790124 0.927734375 0.6686439043209876 0.92578125 0.6515721450617284 0.91015625 0.6003568672839507 0.904296875 0.560522762345679 0.8798828125 0.48369984567901236 0.8701171875 0.4723186728395062 0.8544921875 0.4723186728395062 0.8525390625 0.46662808641975306 0.8369140625 0.46662808641975306 0.8349609375 0.4609375 0.8154296875 0.46662808641975306 0.8134765625 0.4609375 0.7900390625 0.45524691358024694 0.767578125 0.5149980709876543 0.765625 0.5662133487654321 0.763671875 0.5719039351851852 0.763671875 0.6174286265432098 0.765625 0.6231192129629629 0.763671875 0.7084780092592593 0.7685546875 0.722704475308642 0.7939453125 0.722704475308642 0.8232421875 0.7454668209876543 0.8720703125 0.7682291666666666 0.8818359375 0.7853009259259259 0.8876953125 0.7853009259259259 0.9013671875 0.8023726851851852
0 0.763671875 0.5263792438271605 0.765625 0.5093074845679012 0.7705078125 0.5064621913580247 0.7900390625 0.4495563271604938 0.8076171875 0.45524691358024694 0.818359375 0.4410204475308642 0.810546875 0.4353298611111111 0.80859375 0.4068769290123457 0.8037109375 0.3869598765432099 0.7822265625 0.3812692901234568 0.7802734375 0.3755787037037037 0.7646484375 0.3755787037037037 0.7509765625 0.41541280864197533 0.7470703125 0.4211033950617284 0.7451171875 0.41541280864197533 0.740234375 0.4239486882716049 0.74609375 0.4410204475308642 0.736328125 0.4865451388888889 0.736328125 0.5206886574074074 0.7392578125 0.5292245370370371
0 0.650390625 0.4865451388888889 0.65234375 0.46947337962962965 0.66015625 0.45240162037037035 0.66015625 0.4011863425925926 0.6474609375 0.36419753086419754 0.6396484375 0.36419753086419754 0.6376953125 0.3585069444444444 0.6162109375 0.36419753086419754 0.6015625 0.41825810185185186 0.59765625 0.4467110339506173 0.59765625 0.4751639660493827 0.6025390625 0.48369984567901236
0 0.5859375 0.46947337962962965 0.5888671875 0.45524691358024694 0.59765625 0.45240162037037035 0.603515625 0.4068769290123457 0.5888671875 0.36419753086419754 0.5595703125 0.36419753086419754 0.5439453125 0.4097222222222222 0.5400390625 0.4097222222222222 0.537109375 0.4239486882716049 0.537109375 0.45240162037037035 0.5400390625 0.46662808641975306
0 0.521484375 0.45809220679012347 0.5263671875 0.44386574074074076 0.5341796875 0.44386574074074076 0.5390625 0.4239486882716049 0.5390625 0.41256751543209874 0.548828125 0.38980516975308643 0.548828125 0.37842399691358025 0.5439453125 0.36419753086419754 0.5400390625 0.3585069444444444 0.5166015625 0.3585069444444444 0.5146484375 0.35281635802469136 0.50390625 0.36704282407407407 0.50390625 0.4011863425925926 0.5009765625 0.4324845679012346 0.5 0.3954957561728395 0.4970703125 0.3869598765432099 0.484375 0.41256751543209874 0.484375 0.4410204475308642 0.4892578125 0.45524691358024694 0.5009765625 0.44386574074074076 0.5048828125 0.45524691358024694
0 0.474609375 0.4410204475308642 0.498046875 0.37273341049382713 0.4931640625 0.35281635802469136 0.4814453125 0.35281635802469136 0.4794921875 0.3471257716049383 0.4619140625 0.35281635802469136 0.4521484375 0.3812692901234568 0.4404296875 0.39265046296296297 0.435546875 0.4068769290123457 0.435546875 0.4239486882716049 0.4423828125 0.43817515432098764
0 0.427734375 0.42963927469135804 0.43359375 0.41825810185185186 0.43359375 0.4068769290123457 0.4384765625 0.39265046296296297 0.4521484375 0.3812692901234568 0.458984375 0.3556616512345679 0.4541015625 0.3414351851851852 0.4267578125 0.3414351851851852 0.4130859375 0.3698881172839506 0.39453125 0.38980516975308643 0.39453125 0.4068769290123457 0.4013671875 0.42679398148148145 0.4150390625 0.4211033950617284 0.4228515625 0.4324845679012346
0 0.3828125 0.4068769290123457 0.38671875 0.4011863425925926 0.3740234375 0.39834104938271603 0.373046875 0.38980516975308643 0.3837890625 0.3869598765432099 0.3876953125 0.39834104938271603 0.3935546875 0.3812692901234568 0.3984375 0.37842399691358025 0.3935546875 0.3755787037037037 0.3935546875 0.3698881172839506 0.4111328125 0.36419753086419754 0.4140625 0.3556616512345679 0.412109375 0.33858989197530864 0.4091796875 0.330054012345679 0.3916015625 0.330054012345679 0.3896484375 0.3357445987654321 0.3876953125 0.32436342592592593 0.3759765625 0.32436342592592593 0.37109375 0.33858989197530864 0.369140625 0.3954957561728395 0.3740234375 0.4097222222222222
0 0.705078125 0.41256751543209874 0.7109375 0.4011863425925926 0.7109375 0.37842399691358025 0.7021484375 0.3471257716049383 0.6865234375 0.3414351851851852 0.6806640625 0.3471257716049383 0.673828125 0.37273341049382713 0.671875 0.4011863425925926 0.6748046875 0.41541280864197533 0.6806640625 0.4097222222222222
0 0.955078125 0.45809220679012347 0.9609375 0.4410204475308642 0.9609375 0.3841145833333333 0.9541015625 0.3471257716049383 0.9462890625 0.3414351851851852 0.9052734375 0.3471257716049383 0.8994140625 0.35281635802469136 0.8828125 0.4011863425925926 0.8828125 0.42963927469135804 0.8974609375 0.4324845679012346 0.9013671875 0.45524691358024694 0.9072265625 0.44386574074074076 0.9423828125 0.44386574074074076 0.9482421875 0.4609375
0 0.66796875 0.3954957561728395 0.669921875 0.38980516975308643 0.669921875 0.36704282407407407 0.6611328125 0.3414351851851852 0.6376953125 0.3357445987654321 0.6328125 0.3499710648148148 0.6357421875 0.3585069444444444 0.6494140625 0.36419753086419754 0.6611328125 0.39834104938271603