0 0.6015625 0.5033456608777038 0.6083984375 0.4924507331530782 0.6240234375 0.49680870424292845 0.62890625 0.4859137765183028 0.630859375 0.4554079788893511 0.6259765625 0.43579710898502494 0.6162109375 0.4270811668053245 0.5966796875 0.4270811668053245 0.5849609375 0.43579710898502494 0.56640625 0.4728398632487521 0.568359375 0.4946297186980033 0.5732421875 0.5011666753327787
0 0.568359375 0.46848189215890185 0.576171875 0.45105000779950083 0.5693359375 0.43579710898502494 0.5595703125 0.43579710898502494 0.556640625 0.4423340656198003 0.55859375 0.4641239210690516 0.5615234375 0.470660877703827
0 0.544921875 0.4859137765183028 0.552734375 0.46848189215890185 0.552734375 0.4423340656198003 0.5498046875 0.4314391378951747 0.5341796875 0.43579710898502494 0.513671875 0.45976594997920134 0.513671875 0.47719783433860236 0.5166015625 0.4837347909733777
0 0.48828125 0.4728398632487521 0.5107421875 0.470660877703827 0.517578125 0.45105000779950083 0.515625 0.42926015235024956 0.4873046875 0.42272319571547423 0.46875 0.4423340656198003 0.4677734375 0.470660877703827
0 0.14453125 0.5905050826747088 0.1611328125 0.5708942127703827 0.1923828125 0.5665362416805324 0.2041015625 0.5578202995008319 0.2294921875 0.5578202995008319 0.2431640625 0.5665362416805324 0.2548828125 0.5447463862312812 0.2666015625 0.540388415141431 0.271484375 0.5294934874168054 0.271484375 0.5207775452371048 0.267578125 0.5120616030574043 0.267578125 0.49898768978785357 0.2548828125 0.470660877703827 0.1982421875 0.470660877703827 0.1806640625 0.4837347909733777 0.1708984375 0.4837347909733777 0.1455078125 0.5185985596921797 0.1435546875 0.5142405886023295 0.1103515625 0.5316724729617305 0.1025390625 0.540388415141431 0.09765625 0.5556413139559068 0.09765625 0.5687152272254575 0.1064453125 0.5839681260399334 0.1240234375 0.5839681260399334 0.1298828125 0.5926840682196339
0 0.09765625 0.5469253717762064 0.1064453125 0.5273145018718802 0.1455078125 0.5142405886023295 0.1787109375 0.47501884879367723 0.21875 0.4641239210690516 0.2041015625 0.4401550800748752 0.1787109375 0.43579710898502494 0.1455078125 0.4401550800748752 0.1240234375 0.45322899334442596 0.1064453125 0.4793768198835274 0.0771484375 0.4793768198835274 0.0712890625 0.48809276206322794 0.0634765625 0.48809276206322794 0.060546875 0.5077036319675541 0.056640625 0.5120616030574043 0.0615234375 0.5316724729617305 0.0673828125 0.5316724729617305 0.0810546875 0.5491043573211315
1 0.5607755406413124 0.5540765391014975 0.6360924683072334 0.5224625623960066 0.6905294556301268 0.5324459234608985 0.627889634601044 0.5840266222961731
1 0.5123042505592841 0.5391014975041597 0.5898583146905294 0.5091514143094842 0.6383296047725578 0.5241264559068219 0.56972408650261 0.5607321131447587 0.5108128262490679 0.5391014975041597
1 0.4720357941834452 0.5257903494176372 0.5473527218493661 0.49916805324459235 0.5943325876211782 0.5141430948419301 0.5205070842654735 0.5474209650582362
1 0.4354958985831469 0.5124792013311148 0.5085756897837435 0.4925124792013311 0.551826994780015 0.5058236272878536 0.47576435495898584 0.5307820299500832 0.4369873228933632 0.5124792013311148
1 0.6517524235645041 0.5274542429284526 0.7017151379567487 0.5091514143094842 0.6457867263236391 0.49417637271214643 0.6062639821029083 0.5091514143094842